Site;Time;Temperature
Rabinalto;01/07/2021 15:00;23.49480057
Rabinalto;01/07/2021 16:00;22.68510056
Rabinalto;01/07/2021 17:00;22.47459984
Rabinalto;01/07/2021 18:00;22.39909935
Rabinalto;01/07/2021 19:00;22.36669922
Rabinalto;01/07/2021 20:00;22.35050011
Rabinalto;01/07/2021 21:00;22.30190086
Rabinalto;01/07/2021 22:00;22.23719978
Rabinalto;01/07/2021 23:00;22.19400024
Rabinalto;02/07/2021 0:00;22.16160011
Rabinalto;02/07/2021 1:00;22.13459969
Rabinalto;02/07/2021 2:00;22.11840057
Rabinalto;02/07/2021 3:00;22.09140015
Rabinalto;02/07/2021 4:00;22.06450081
Rabinalto;02/07/2021 5:00;22.03750038
Rabinalto;02/07/2021 6:00;22.02669907
Rabinalto;02/07/2021 7:00;22.01589966
Rabinalto;02/07/2021 8:00;21.99970055
Rabinalto;02/07/2021 9:00;22.08609962
Rabinalto;02/07/2021 10:00;22.11840057
Rabinalto;02/07/2021 11:00;22.19400024
Rabinalto;02/07/2021 12:00;22.28569984
Rabinalto;02/07/2021 13:00;22.35589981
Rabinalto;02/07/2021 14:00;22.36129951
Rabinalto;02/07/2021 15:00;22.69050026
Rabinalto;02/07/2021 16:00;21.52490044
Rabinalto;02/07/2021 17:00;20.74799919
Rabinalto;02/07/2021 18:00;20.28420067
Rabinalto;02/07/2021 19:00;19.98760033
Rabinalto;02/07/2021 20:00;19.75569916
Rabinalto;02/07/2021 21:00;19.55620003
Rabinalto;02/07/2021 22:00;19.39979935
Rabinalto;02/07/2021 23:00;19.25419998
Rabinalto;03/07/2021 0:00;19.11940002
Rabinalto;03/07/2021 1:00;19.00079918
Rabinalto;03/07/2021 2:00;18.88759995
Rabinalto;03/07/2021 3:00;18.78520012
Rabinalto;03/07/2021 4:00;18.69350052
Rabinalto;03/07/2021 5:00;18.62339973
Rabinalto;03/07/2021 6:00;18.58029938
Rabinalto;03/07/2021 7:00;18.52639961
Rabinalto;03/07/2021 8:00;18.48870087
Rabinalto;03/07/2021 9:00;18.47249985
Rabinalto;03/07/2021 10:00;18.49939919
Rabinalto;03/07/2021 11:00;18.56410027
Rabinalto;03/07/2021 12:00;18.6826992
Rabinalto;03/07/2021 13:00;18.90379906
Rabinalto;03/07/2021 14:00;19.1840992
Rabinalto;03/07/2021 15:00;19.39979935
Rabinalto;03/07/2021 16:00;19.48609924
Rabinalto;03/07/2021 17:00;19.49679947
Rabinalto;03/07/2021 18:00;19.48069954
Rabinalto;03/07/2021 19:00;19.42670059
Rabinalto;03/07/2021 20:00;19.38360023
Rabinalto;03/07/2021 21:00;19.31889915
Rabinalto;03/07/2021 22:00;19.24340057
Rabinalto;03/07/2021 23:00;19.14640045
Rabinalto;04/07/2021 0:00;19.0223999
Rabinalto;04/07/2021 1:00;18.89839935
Rabinalto;04/07/2021 2:00;18.7635994
Rabinalto;04/07/2021 3:00;18.64500046
Rabinalto;04/07/2021 4:00;18.53179932
Rabinalto;04/07/2021 5:00;18.42399979
Rabinalto;04/07/2021 6:00;18.32699966
Rabinalto;04/07/2021 7:00;18.24069977
Rabinalto;04/07/2021 8:00;18.16530037
Rabinalto;04/07/2021 9:00;18.12210083
Rabinalto;04/07/2021 10:00;18.12750053
Rabinalto;04/07/2021 11:00;18.19759941
Rabinalto;04/07/2021 12:00;18.34309959
Rabinalto;04/07/2021 13:00;18.56410027
Rabinalto;04/07/2021 14:00;18.80669975
Rabinalto;04/07/2021 15:00;19.07089996
Rabinalto;04/07/2021 16:00;19.34049988
Rabinalto;04/07/2021 17:00;19.56690025
Rabinalto;04/07/2021 18:00;19.75029945
Rabinalto;04/07/2021 19:00;19.9605999
Rabinalto;04/07/2021 20:00;20.20870018
Rabinalto;04/07/2021 21:00;20.38129997
Rabinalto;04/07/2021 22:00;20.41900063
Rabinalto;04/07/2021 23:00;20.35969925
Rabinalto;05/07/2021 0:00;20.19790077
Rabinalto;05/07/2021 1:00;19.98760033
Rabinalto;05/07/2021 2:00;19.75029945
Rabinalto;05/07/2021 3:00;19.51840019
Rabinalto;05/07/2021 4:00;19.28120041
Rabinalto;05/07/2021 5:00;19.06550026
Rabinalto;05/07/2021 6:00;18.85519981
Rabinalto;05/07/2021 7:00;18.65579987
Rabinalto;05/07/2021 8:00;18.73119926
Rabinalto;05/07/2021 9:00;19.42670059
Rabinalto;05/07/2021 10:00;24.61790085
Rabinalto;05/07/2021 11:00;28.07579994
Rabinalto;05/07/2021 12:00;29.7628994
Rabinalto;05/07/2021 13:00;29.68720055
Rabinalto;05/07/2021 14:00;29.75209999
Rabinalto;05/07/2021 15:00;29.71419907
Rabinalto;05/07/2021 16:00;28.77330017
Rabinalto;05/07/2021 17:00;27.82719994
Rabinalto;05/07/2021 18:00;26.24370003
Rabinalto;05/07/2021 19:00;24.22909927
Rabinalto;05/07/2021 20:00;22.52319908
Rabinalto;05/07/2021 21:00;21.45470047
Rabinalto;05/07/2021 22:00;20.08460045
Rabinalto;05/07/2021 23:00;18.90920067
Rabinalto;06/07/2021 0:00;17.8579998
Rabinalto;06/07/2021 1:00;16.8987999
Rabinalto;06/07/2021 2:00;15.95610046
Rabinalto;06/07/2021 3:00;15.05130005
Rabinalto;06/07/2021 4:00;14.25979996
Rabinalto;06/07/2021 5:00;13.36620045
Rabinalto;06/07/2021 6:00;12.39760017
Rabinalto;06/07/2021 7:00;11.53139973
Rabinalto;06/07/2021 8:00;11.72500038
Rabinalto;06/07/2021 9:00;15.32590008
Rabinalto;06/07/2021 10:00;18.48870087
Rabinalto;06/07/2021 11:00;18.31080055
Rabinalto;06/07/2021 12:00;19.99300003
Rabinalto;06/07/2021 13:00;21.71910095
Rabinalto;06/07/2021 14:00;24.12649918
Rabinalto;06/07/2021 15:00;24.93650055
Rabinalto;06/07/2021 16:00;23.17090034
Rabinalto;06/07/2021 17:00;20.66710091
Rabinalto;06/07/2021 18:00;20.30579948
Rabinalto;06/07/2021 19:00;17.59399986
Rabinalto;06/07/2021 20:00;15.78369999
Rabinalto;06/07/2021 21:00;14.41590023
Rabinalto;06/07/2021 22:00;13.39309978
Rabinalto;06/07/2021 23:00;12.76350021
Rabinalto;07/07/2021 0:00;12.15540028
Rabinalto;07/07/2021 1:00;11.24629974
Rabinalto;07/07/2021 2:00;11.07419968
Rabinalto;07/07/2021 3:00;10.9236002
Rabinalto;07/07/2021 4:00;10.69229984
Rabinalto;07/07/2021 5:00;10.42879963
Rabinalto;07/07/2021 6:00;10.02009964
Rabinalto;07/07/2021 7:00;9.934100151
Rabinalto;07/07/2021 8:00;9.961000443
Rabinalto;07/07/2021 9:00;10.19760036
Rabinalto;07/07/2021 10:00;10.74069977
Rabinalto;07/07/2021 11:00;11.42920017
Rabinalto;07/07/2021 12:00;12.18770027
Rabinalto;07/07/2021 13:00;13.15089989
Rabinalto;07/07/2021 14:00;14.66359997
Rabinalto;07/07/2021 15:00;14.64210033
Rabinalto;07/07/2021 16:00;14.06599998
Rabinalto;07/07/2021 17:00;13.21549988
Rabinalto;07/07/2021 18:00;12.34910011
Rabinalto;07/07/2021 19:00;11.79500008
Rabinalto;07/07/2021 20:00;11.35389996
Rabinalto;07/07/2021 21:00;10.77299976
Rabinalto;07/07/2021 22:00;10.1814003
Rabinalto;07/07/2021 23:00;9.89109993
Rabinalto;08/07/2021 0:00;9.616900444
Rabinalto;08/07/2021 1:00;9.154600143
Rabinalto;08/07/2021 2:00;8.246199608
Rabinalto;08/07/2021 3:00;7.773300171
Rabinalto;08/07/2021 4:00;7.552999973
Rabinalto;08/07/2021 5:00;7.391900063
Rabinalto;08/07/2021 6:00;7.150100231
Rabinalto;08/07/2021 7:00;7.166200161
Rabinalto;08/07/2021 8:00;7.886199951
Rabinalto;08/07/2021 9:00;10.12230015
Rabinalto;08/07/2021 10:00;13.45769978
Rabinalto;08/07/2021 11:00;17.01740074
Rabinalto;08/07/2021 12:00;19.29730034
Rabinalto;08/07/2021 13:00;19.84199905
Rabinalto;08/07/2021 14:00;19.00620079
Rabinalto;08/07/2021 15:00;21.30369949
Rabinalto;08/07/2021 16:00;23.89970016
Rabinalto;08/07/2021 17:00;24.54229927
Rabinalto;08/07/2021 18:00;21.51409912
Rabinalto;08/07/2021 19:00;19.4428997
Rabinalto;08/07/2021 20:00;17.91189957
Rabinalto;08/07/2021 21:00;15.4552002
Rabinalto;08/07/2021 22:00;13.51150036
Rabinalto;08/07/2021 23:00;12.46749973
Rabinalto;09/07/2021 0:00;11.72500038
Rabinalto;09/07/2021 1:00;11.15480042
Rabinalto;09/07/2021 2:00;10.80519962
Rabinalto;09/07/2021 3:00;10.54710007
Rabinalto;09/07/2021 4:00;10.24600029
Rabinalto;09/07/2021 5:00;9.875
Rabinalto;09/07/2021 6:00;9.546999931
Rabinalto;09/07/2021 7:00;9.568499565
Rabinalto;09/07/2021 8:00;10.24059963
Rabinalto;09/07/2021 9:00;12.0692997
Rabinalto;09/07/2021 10:00;15.05130005
Rabinalto;09/07/2021 11:00;18.52099991
Rabinalto;09/07/2021 12:00;21.91880035
Rabinalto;09/07/2021 13:00;24.92569923
Rabinalto;09/07/2021 14:00;27.08670044
Rabinalto;09/07/2021 15:00;28.59480095
Rabinalto;09/07/2021 16:00;28.88139915
Rabinalto;09/07/2021 17:00;28.04879951
Rabinalto;09/07/2021 18:00;26.06010056
Rabinalto;09/07/2021 19:00;23.02510071
Rabinalto;09/07/2021 20:00;19.91749954
Rabinalto;09/07/2021 21:00;17.52930069
Rabinalto;09/07/2021 22:00;15.57369995
Rabinalto;09/07/2021 23:00;14.36750031
Rabinalto;10/07/2021 0:00;13.51690006
Rabinalto;10/07/2021 1:00;12.8817997
Rabinalto;10/07/2021 2:00;12.39760017
Rabinalto;10/07/2021 3:00;12.0692997
Rabinalto;10/07/2021 4:00;11.68739986
Rabinalto;10/07/2021 5:00;11.4453001
Rabinalto;10/07/2021 6:00;11.10639954
Rabinalto;10/07/2021 7:00;10.99890041
Rabinalto;10/07/2021 8:00;11.66049957
Rabinalto;10/07/2021 9:00;13.28549957
Rabinalto;10/07/2021 10:00;16.26849937
Rabinalto;10/07/2021 11:00;19.49139977
Rabinalto;10/07/2021 12:00;22.57180023
Rabinalto;10/07/2021 13:00;25.48740005
Rabinalto;10/07/2021 14:00;27.99480057
Rabinalto;10/07/2021 15:00;29.41139984
Rabinalto;10/07/2021 16:00;29.64929962
Rabinalto;10/07/2021 17:00;28.95709991
Rabinalto;10/07/2021 18:00;27.01650047
Rabinalto;10/07/2021 19:00;24.1480999
Rabinalto;10/07/2021 20:00;20.99080086
Rabinalto;10/07/2021 21:00;18.48870087
Rabinalto;10/07/2021 22:00;16.77490044
Rabinalto;10/07/2021 23:00;15.61680031
Rabinalto;11/07/2021 0:00;14.67440033
Rabinalto;11/07/2021 1:00;13.88300037
Rabinalto;11/07/2021 2:00;13.31239986
Rabinalto;11/07/2021 3:00;13.02180004
Rabinalto;11/07/2021 4:00;12.78499985
Rabinalto;11/07/2021 5:00;12.53750038
Rabinalto;11/07/2021 6:00;12.26299953
Rabinalto;11/07/2021 7:00;12.22539997
Rabinalto;11/07/2021 8:00;12.84959984
Rabinalto;11/07/2021 9:00;14.94900036
Rabinalto;11/07/2021 10:00;17.99819946
Rabinalto;11/07/2021 11:00;21.55190086
Rabinalto;11/07/2021 12:00;25.01749992
Rabinalto;11/07/2021 13:00;27.85420036
Rabinalto;11/07/2021 14:00;30.15229988
Rabinalto;11/07/2021 15:00;31.03960037
Rabinalto;11/07/2021 16:00;30.00090027
Rabinalto;11/07/2021 17:00;29.37890053
Rabinalto;11/07/2021 18:00;27.60560036
Rabinalto;11/07/2021 19:00;24.43420029
Rabinalto;11/07/2021 20:00;21.54649925
Rabinalto;11/07/2021 21:00;19.29190063
Rabinalto;11/07/2021 22:00;17.72870064
Rabinalto;11/07/2021 23:00;16.30080032
Rabinalto;12/07/2021 0:00;15.21819973
Rabinalto;12/07/2021 1:00;14.44279957
Rabinalto;12/07/2021 2:00;13.98519993
Rabinalto;12/07/2021 3:00;13.19939995
Rabinalto;12/07/2021 4:00;12.41909981
Rabinalto;12/07/2021 5:00;11.8757
Rabinalto;12/07/2021 6:00;11.28929996
Rabinalto;12/07/2021 7:00;11.07419968
Rabinalto;12/07/2021 8:00;11.21399975
Rabinalto;12/07/2021 9:00;11.73579979
Rabinalto;12/07/2021 10:00;12.2414999
Rabinalto;12/07/2021 11:00;12.93029976
Rabinalto;12/07/2021 12:00;13.11330032
Rabinalto;12/07/2021 13:00;13.14019966
Rabinalto;12/07/2021 14:00;13.6892004
Rabinalto;12/07/2021 15:00;13.46310043
Rabinalto;12/07/2021 16:00;13.15629959
Rabinalto;12/07/2021 17:00;12.51589966
Rabinalto;12/07/2021 18:00;11.32159996
Rabinalto;12/07/2021 19:00;10.63850021
Rabinalto;12/07/2021 20:00;9.848099709
Rabinalto;12/07/2021 21:00;9.283599854
Rabinalto;12/07/2021 22:00;8.799799919
Rabinalto;12/07/2021 23:00;8.445099831
Rabinalto;13/07/2021 0:00;8.128000259
Rabinalto;13/07/2021 1:00;7.843200207
Rabinalto;13/07/2021 2:00;7.692699909
Rabinalto;13/07/2021 3:00;7.531599998
Rabinalto;13/07/2021 4:00;7.440199852
Rabinalto;13/07/2021 5:00;7.402599812
Rabinalto;13/07/2021 6:00;7.278999805
Rabinalto;13/07/2021 7:00;7.284399986
Rabinalto;13/07/2021 8:00;7.59070015
Rabinalto;13/07/2021 9:00;8.826700211
Rabinalto;13/07/2021 10:00;10.71380043
Rabinalto;13/07/2021 11:00;13.33390045
Rabinalto;13/07/2021 12:00;16.31159973
Rabinalto;13/07/2021 13:00;19.29190063
Rabinalto;13/07/2021 14:00;21.08250046
Rabinalto;13/07/2021 15:00;21.46010017
Rabinalto;13/07/2021 16:00;21.6868
Rabinalto;13/07/2021 17:00;21.13640022
Rabinalto;13/07/2021 18:00;18.77440071
Rabinalto;13/07/2021 19:00;16.3708992
Rabinalto;13/07/2021 20:00;14.63129997
Rabinalto;13/07/2021 21:00;13.36079979
Rabinalto;13/07/2021 22:00;12.35449982
Rabinalto;13/07/2021 23:00;11.42380047
Rabinalto;14/07/2021 0:00;10.50949955
Rabinalto;14/07/2021 1:00;9.842700005
Rabinalto;14/07/2021 2:00;9.348099709
Rabinalto;14/07/2021 3:00;8.977199554
Rabinalto;14/07/2021 4:00;8.627799988
Rabinalto;14/07/2021 5:00;8.230099678
Rabinalto;14/07/2021 6:00;7.977499962
Rabinalto;14/07/2021 7:00;8.074299812
Rabinalto;14/07/2021 8:00;8.665399551
Rabinalto;14/07/2021 9:00;10.29440022
Rabinalto;14/07/2021 10:00;13.01640034
Rabinalto;14/07/2021 11:00;16.39780045
Rabinalto;14/07/2021 12:00;20.0522995
Rabinalto;14/07/2021 13:00;23.04129982
Rabinalto;14/07/2021 14:00;25.19029999
Rabinalto;14/07/2021 15:00;26.09790039
Rabinalto;14/07/2021 16:00;25.70890045
Rabinalto;14/07/2021 17:00;24.96890068
Rabinalto;14/07/2021 18:00;23.50020027
Rabinalto;14/07/2021 19:00;20.94759941
Rabinalto;14/07/2021 20:00;18.13829994
Rabinalto;14/07/2021 21:00;15.95610046
Rabinalto;14/07/2021 22:00;14.28129959
Rabinalto;14/07/2021 23:00;13.36079979
Rabinalto;15/07/2021 0:00;12.61279964
Rabinalto;15/07/2021 1:00;12.21459961
Rabinalto;15/07/2021 2:00;11.81110001
Rabinalto;15/07/2021 3:00;11.38609982
Rabinalto;15/07/2021 4:00;10.82680035
Rabinalto;15/07/2021 5:00;10.3803997
Rabinalto;15/07/2021 6:00;10.15450001
Rabinalto;15/07/2021 7:00;10.24059963
Rabinalto;15/07/2021 8:00;10.97729969
Rabinalto;15/07/2021 9:00;12.54819965
Rabinalto;15/07/2021 10:00;15.73530006
Rabinalto;15/07/2021 11:00;19.4375
Rabinalto;15/07/2021 12:00;23.20330048
Rabinalto;15/07/2021 13:00;26.47610092
Rabinalto;15/07/2021 14:00;28.97330093
Rabinalto;15/07/2021 15:00;30.54179955
Rabinalto;15/07/2021 16:00;30.97459984
Rabinalto;15/07/2021 17:00;30.19560051
Rabinalto;15/07/2021 18:00;28.14609909
Rabinalto;15/07/2021 19:00;24.80690002
Rabinalto;15/07/2021 20:00;21.32530022
Rabinalto;15/07/2021 21:00;18.54260063
Rabinalto;15/07/2021 22:00;16.36009979
Rabinalto;15/07/2021 23:00;15.1644001
Rabinalto;16/07/2021 0:00;14.29749966
Rabinalto;16/07/2021 1:00;13.32320023
Rabinalto;16/07/2021 2:00;12.52130032
Rabinalto;16/07/2021 3:00;11.98859978
Rabinalto;16/07/2021 4:00;11.68739986
Rabinalto;16/07/2021 5:00;11.56359959
Rabinalto;16/07/2021 6:00;11.22480011
Rabinalto;16/07/2021 7:00;11.01500034
Rabinalto;16/07/2021 8:00;11.59589958
Rabinalto;16/07/2021 9:00;13.82369995
Rabinalto;16/07/2021 10:00;17.5401001
Rabinalto;16/07/2021 11:00;21.61120033
Rabinalto;16/07/2021 12:00;25.54140091
Rabinalto;16/07/2021 13:00;28.74080086
Rabinalto;16/07/2021 14:00;31.30470085
Rabinalto;16/07/2021 15:00;32.88510132
Rabinalto;16/07/2021 16:00;33.32360077
Rabinalto;16/07/2021 17:00;32.37620163
Rabinalto;16/07/2021 18:00;30.25510025
Rabinalto;16/07/2021 19:00;27.10829926
Rabinalto;16/07/2021 20:00;23.48940086
Rabinalto;16/07/2021 21:00;20.46759987
Rabinalto;16/07/2021 22:00;18.05209923
Rabinalto;16/07/2021 23:00;16.53790092
Rabinalto;17/07/2021 0:00;15.53059959
Rabinalto;17/07/2021 1:00;14.98670006
Rabinalto;17/07/2021 2:00;14.56130028
Rabinalto;17/07/2021 3:00;13.85599995
Rabinalto;17/07/2021 4:00;13.33930016
Rabinalto;17/07/2021 5:00;12.82269955
Rabinalto;17/07/2021 6:00;12.26840019
Rabinalto;17/07/2021 7:00;12.33300018
Rabinalto;17/07/2021 8:00;13.28549957
Rabinalto;17/07/2021 9:00;15.61680031
Rabinalto;17/07/2021 10:00;19.28660011
Rabinalto;17/07/2021 11:00;23.20330048
Rabinalto;17/07/2021 12:00;27.18939972
Rabinalto;17/07/2021 13:00;30.66080093
Rabinalto;17/07/2021 14:00;33.29650116
Rabinalto;17/07/2021 15:00;34.36330032
Rabinalto;17/07/2021 16:00;32.82550049
Rabinalto;17/07/2021 17:00;30.7852993
Rabinalto;17/07/2021 18:00;30.14690018
Rabinalto;17/07/2021 19:00;26.90299988
Rabinalto;17/07/2021 20:00;23.6189003
Rabinalto;17/07/2021 21:00;21.14719963
Rabinalto;17/07/2021 22:00;19.35129929
Rabinalto;17/07/2021 23:00;18.02510071
Rabinalto;18/07/2021 0:00;17.09819984
Rabinalto;18/07/2021 1:00;16.12849998
Rabinalto;18/07/2021 2:00;15.2343998
Rabinalto;18/07/2021 3:00;14.59899998
Rabinalto;18/07/2021 4:00;13.81840038
Rabinalto;18/07/2021 5:00;13.17780018
Rabinalto;18/07/2021 6:00;12.94099998
Rabinalto;18/07/2021 7:00;13.00559998
Rabinalto;18/07/2021 8:00;13.61919975
Rabinalto;18/07/2021 9:00;15.4659996
Rabinalto;18/07/2021 10:00;18.62879944
Rabinalto;18/07/2021 11:00;22.56100082
Rabinalto;18/07/2021 12:00;26.73539925
Rabinalto;18/07/2021 13:00;30.18479919
Rabinalto;18/07/2021 14:00;32.72269821
Rabinalto;18/07/2021 15:00;33.92459869
Rabinalto;18/07/2021 16:00;34.13040161
Rabinalto;18/07/2021 17:00;32.80929947
Rabinalto;18/07/2021 18:00;30.10359955
Rabinalto;18/07/2021 19:00;26.71920013
Rabinalto;18/07/2021 20:00;23.34359932
Rabinalto;18/07/2021 21:00;20.79660034
Rabinalto;18/07/2021 22:00;18.80130005
Rabinalto;18/07/2021 23:00;17.34070015
Rabinalto;19/07/2021 0:00;16.2901001
Rabinalto;19/07/2021 1:00;15.39589977
Rabinalto;19/07/2021 2:00;14.77130032
Rabinalto;19/07/2021 3:00;14.4321003
Rabinalto;19/07/2021 4:00;14.23289967
Rabinalto;19/07/2021 5:00;13.74839973
Rabinalto;19/07/2021 6:00;13.38239956
Rabinalto;19/07/2021 7:00;13.35009956
Rabinalto;19/07/2021 8:00;14.10910034
Rabinalto;19/07/2021 9:00;16.43009949
Rabinalto;19/07/2021 10:00;20.07379913
Rabinalto;19/07/2021 11:00;23.94829941
Rabinalto;19/07/2021 12:00;27.72990036
Rabinalto;19/07/2021 13:00;31.20730019
Rabinalto;19/07/2021 14:00;34.23329926
Rabinalto;19/07/2021 15:00;37.55479813
Rabinalto;19/07/2021 16:00;35.44120026
Rabinalto;19/07/2021 17:00;34.97539902
Rabinalto;19/07/2021 18:00;33.30189896
Rabinalto;19/07/2021 19:00;30.23889923
Rabinalto;19/07/2021 20:00;25.89259911
Rabinalto;19/07/2021 21:00;22.4260006
Rabinalto;19/07/2021 22:00;20.19790077
Rabinalto;19/07/2021 23:00;18.61800003
Rabinalto;20/07/2021 0:00;17.46459961
Rabinalto;20/07/2021 1:00;16.83959961
Rabinalto;20/07/2021 2:00;16.36009979
Rabinalto;20/07/2021 3:00;15.85369968
Rabinalto;20/07/2021 4:00;15.31519985
Rabinalto;20/07/2021 5:00;14.9059
Rabinalto;20/07/2021 6:00;14.53439999
Rabinalto;20/07/2021 7:00;14.59899998
Rabinalto;20/07/2021 8:00;15.26669979
Rabinalto;20/07/2021 9:00;17.03350067
Rabinalto;20/07/2021 10:00;20.38669968
Rabinalto;20/07/2021 11:00;24.2614994
Rabinalto;20/07/2021 12:00;28.14069939
Rabinalto;20/07/2021 13:00;31.48329926
Rabinalto;20/07/2021 14:00;34.20080185
Rabinalto;20/07/2021 15:00;35.27870178
Rabinalto;20/07/2021 16:00;34.80739975
Rabinalto;20/07/2021 17:00;32.38169861
Rabinalto;20/07/2021 18:00;30.29299927
Rabinalto;20/07/2021 19:00;27.08130074
Rabinalto;20/07/2021 20:00;24.53689957
Rabinalto;20/07/2021 21:00;21.99430084
Rabinalto;20/07/2021 22:00;19.92280006
Rabinalto;20/07/2021 23:00;18.58029938
Rabinalto;21/07/2021 0:00;17.57780075
Rabinalto;21/07/2021 1:00;16.81259918
Rabinalto;21/07/2021 2:00;16.35470009
Rabinalto;21/07/2021 3:00;15.85910034
Rabinalto;21/07/2021 4:00;15.37979984
Rabinalto;21/07/2021 5:00;14.79279995
Rabinalto;21/07/2021 6:00;14.33520031
Rabinalto;21/07/2021 7:00;14.08749962
Rabinalto;21/07/2021 8:00;14.74969959
Rabinalto;21/07/2021 9:00;16.69409943
Rabinalto;21/07/2021 10:00;19.76650047
Rabinalto;21/07/2021 11:00;23.4192009
Rabinalto;21/07/2021 12:00;27.26510048
Rabinalto;21/07/2021 13:00;30.85020065
Rabinalto;21/07/2021 14:00;33.52389908
Rabinalto;21/07/2021 15:00;35.18659973
Rabinalto;21/07/2021 16:00;35.69049835
Rabinalto;21/07/2021 17:00;34.83990097
Rabinalto;21/07/2021 18:00;31.2451992
Rabinalto;21/07/2021 19:00;29.62770081
Rabinalto;21/07/2021 20:00;27.63260078
Rabinalto;21/07/2021 21:00;23.87809944
Rabinalto;21/07/2021 22:00;21.07710075
Rabinalto;21/07/2021 23:00;19.30809975
Rabinalto;22/07/2021 0:00;18.3484993
Rabinalto;22/07/2021 1:00;17.57239914
Rabinalto;22/07/2021 2:00;16.8288002
Rabinalto;22/07/2021 3:00;16.14999962
Rabinalto;22/07/2021 4:00;15.52519989
Rabinalto;22/07/2021 5:00;15.07279968
Rabinalto;22/07/2021 6:00;14.66359997
Rabinalto;22/07/2021 7:00;14.52900028
Rabinalto;22/07/2021 8:00;15.19130039
Rabinalto;22/07/2021 9:00;17.0659008
Rabinalto;22/07/2021 10:00;20.23019981
Rabinalto;22/07/2021 11:00;24.0401001
Rabinalto;22/07/2021 12:00;27.85420036
Rabinalto;22/07/2021 13:00;31.27759933
Rabinalto;22/07/2021 14:00;34.02209854
Rabinalto;22/07/2021 15:00;35.65800095
Rabinalto;22/07/2021 16:00;35.48460007
Rabinalto;22/07/2021 17:00;35.19200134
Rabinalto;22/07/2021 18:00;32.43040085
Rabinalto;22/07/2021 19:00;28.8003006
Rabinalto;22/07/2021 20:00;26.22750092
Rabinalto;22/07/2021 21:00;23.04129982
Rabinalto;22/07/2021 22:00;20.41360092
Rabinalto;22/07/2021 23:00;18.86059952
Rabinalto;23/07/2021 0:00;18.12210083
Rabinalto;23/07/2021 1:00;17.59399986
Rabinalto;23/07/2021 2:00;16.97970009
Rabinalto;23/07/2021 3:00;16.50550079
Rabinalto;23/07/2021 4:00;15.98840046
Rabinalto;23/07/2021 5:00;15.51439953
Rabinalto;23/07/2021 6:00;14.9005003
Rabinalto;23/07/2021 7:00;14.7173996
Rabinalto;23/07/2021 8:00;15.1644001
Rabinalto;23/07/2021 9:00;16.61870003
Rabinalto;23/07/2021 10:00;19.85810089
Rabinalto;23/07/2021 11:00;23.17090034
Rabinalto;23/07/2021 12:00;25.37400055
Rabinalto;23/07/2021 13:00;27.59480095
Rabinalto;23/07/2021 14:00;29.95759964
Rabinalto;23/07/2021 15:00;29.59519958
Rabinalto;23/07/2021 16:00;27.30290031
Rabinalto;23/07/2021 17:00;25.26600075
Rabinalto;23/07/2021 18:00;24.98509979
Rabinalto;23/07/2021 19:00;22.74990082
Rabinalto;23/07/2021 20:00;20.37590027
Rabinalto;23/07/2021 21:00;18.1760006
Rabinalto;23/07/2021 22:00;16.52169991
Rabinalto;23/07/2021 23:00;15.52519989
Rabinalto;24/07/2021 0:00;14.92739964
Rabinalto;24/07/2021 1:00;13.8991003
Rabinalto;24/07/2021 2:00;13.18319988
Rabinalto;24/07/2021 3:00;12.60739994
Rabinalto;24/07/2021 4:00;12.03170013
Rabinalto;24/07/2021 5:00;11.62819958
Rabinalto;24/07/2021 6:00;11.49370003
Rabinalto;24/07/2021 7:00;11.36999989
Rabinalto;24/07/2021 8:00;12.12310028
Rabinalto;24/07/2021 9:00;13.71609974
Rabinalto;24/07/2021 10:00;15.58440018
Rabinalto;24/07/2021 11:00;18.45089912
Rabinalto;24/07/2021 12:00;22.03210068
Rabinalto;24/07/2021 13:00;25.14170074
Rabinalto;24/07/2021 14:00;24.82309914
Rabinalto;24/07/2021 15:00;24.07250023
Rabinalto;24/07/2021 16:00;23.49480057
Rabinalto;24/07/2021 17:00;22.55559921
Rabinalto;24/07/2021 18:00;21.24970055
Rabinalto;24/07/2021 19:00;19.97680092
Rabinalto;24/07/2021 20:00;18.38089943
Rabinalto;24/07/2021 21:00;17.01740074
Rabinalto;24/07/2021 22:00;15.86450005
Rabinalto;24/07/2021 23:00;15.11050034
Rabinalto;25/07/2021 0:00;14.4321003
Rabinalto;25/07/2021 1:00;13.9691
Rabinalto;25/07/2021 2:00;13.62460041
Rabinalto;25/07/2021 3:00;13.17249966
Rabinalto;25/07/2021 4:00;12.4137001
Rabinalto;25/07/2021 5:00;11.84879971
Rabinalto;25/07/2021 6:00;11.42920017
Rabinalto;25/07/2021 7:00;11.23550034
Rabinalto;25/07/2021 8:00;11.92949963
Rabinalto;25/07/2021 9:00;13.28009987
Rabinalto;25/07/2021 10:00;15.96689987
Rabinalto;25/07/2021 11:00;19.84729958
Rabinalto;25/07/2021 12:00;23.55419922
Rabinalto;25/07/2021 13:00;26.71920013
Rabinalto;25/07/2021 14:00;28.75160027
Rabinalto;25/07/2021 15:00;28.56240082
Rabinalto;25/07/2021 16:00;29.07069969
Rabinalto;25/07/2021 17:00;27.00559998
Rabinalto;25/07/2021 18:00;24.60709953
Rabinalto;25/07/2021 19:00;23.55419922
Rabinalto;25/07/2021 20:00;21.2173996
Rabinalto;25/07/2021 21:00;18.99539948
Rabinalto;25/07/2021 22:00;17.6208992
Rabinalto;25/07/2021 23:00;16.13380051
Rabinalto;26/07/2021 0:00;14.88969994
Rabinalto;26/07/2021 1:00;14.03369999
Rabinalto;26/07/2021 2:00;13.39309978
Rabinalto;26/07/2021 3:00;12.86030006
Rabinalto;26/07/2021 4:00;12.3114996
Rabinalto;26/07/2021 5:00;11.92409992
Rabinalto;26/07/2021 6:00;11.62819958
Rabinalto;26/07/2021 7:00;11.27859974
Rabinalto;26/07/2021 8:00;11.8380003
Rabinalto;26/07/2021 9:00;13.92059994
Rabinalto;26/07/2021 10:00;17.49699974
Rabinalto;26/07/2021 11:00;21.43860054
Rabinalto;26/07/2021 12:00;24.37479973
Rabinalto;26/07/2021 13:00;25.2064991
Rabinalto;26/07/2021 14:00;28.58399963
Rabinalto;26/07/2021 15:00;27.50289917
Rabinalto;26/07/2021 16:00;24.71509933
Rabinalto;26/07/2021 17:00;22.92259979
Rabinalto;26/07/2021 18:00;23.67289925
Rabinalto;26/07/2021 19:00;22.78219986
Rabinalto;26/07/2021 20:00;20.45140076
Rabinalto;26/07/2021 21:00;18.1760006
Rabinalto;26/07/2021 22:00;16.56480026
Rabinalto;26/07/2021 23:00;15.4605999
Rabinalto;27/07/2021 0:00;14.62590027
Rabinalto;27/07/2021 1:00;13.96370029
Rabinalto;27/07/2021 2:00;13.16170025
Rabinalto;27/07/2021 3:00;12.59659958
Rabinalto;27/07/2021 4:00;12.55360031
Rabinalto;27/07/2021 5:00;12.30609989
Rabinalto;27/07/2021 6:00;12.07470036
Rabinalto;27/07/2021 7:00;11.82190037
Rabinalto;27/07/2021 8:00;12.05319977
Rabinalto;27/07/2021 9:00;13.46310043
Rabinalto;27/07/2021 10:00;16.50550079
Rabinalto;27/07/2021 11:00;19.7772007
Rabinalto;27/07/2021 12:00;20.81819916
Rabinalto;27/07/2021 13:00;23.85110092
Rabinalto;27/07/2021 14:00;28.14069939
Rabinalto;27/07/2021 15:00;31.09370041
Rabinalto;27/07/2021 16:00;31.64019966
Rabinalto;27/07/2021 17:00;30.75279999
Rabinalto;27/07/2021 18:00;27.83259964
Rabinalto;27/07/2021 19:00;24.71509933
Rabinalto;27/07/2021 20:00;21.35219955
Rabinalto;27/07/2021 21:00;19.20030022
Rabinalto;27/07/2021 22:00;17.73410034
Rabinalto;27/07/2021 23:00;16.37630081
Rabinalto;28/07/2021 0:00;14.83590031
Rabinalto;28/07/2021 1:00;14.13599968
Rabinalto;28/07/2021 2:00;13.07559967
Rabinalto;28/07/2021 3:00;12.18229961
Rabinalto;28/07/2021 4:00;11.50990009
Rabinalto;28/07/2021 5:00;10.77299976
Rabinalto;28/07/2021 6:00;10.01469994
Rabinalto;28/07/2021 7:00;9.654500008
Rabinalto;28/07/2021 8:00;10.46640015
Rabinalto;28/07/2021 9:00;12.90880013
Rabinalto;28/07/2021 10:00;16.73180008
Rabinalto;28/07/2021 11:00;20.96380043
Rabinalto;28/07/2021 12:00;25.06069946
Rabinalto;28/07/2021 13:00;28.89760017
Rabinalto;28/07/2021 14:00;31.78630066
Rabinalto;28/07/2021 15:00;33.55099869
Rabinalto;28/07/2021 16:00;34.38499832
Rabinalto;28/07/2021 17:00;34.29290009
Rabinalto;28/07/2021 18:00;31.93779945
Rabinalto;28/07/2021 19:00;29.13010025
Rabinalto;28/07/2021 20:00;24.7798996
Rabinalto;28/07/2021 21:00;21.21199989
Rabinalto;28/07/2021 22:00;18.63419914
Rabinalto;28/07/2021 23:00;17.1413002
Rabinalto;29/07/2021 0:00;16.11230087
Rabinalto;29/07/2021 1:00;15.2343998
Rabinalto;29/07/2021 2:00;14.53439999
Rabinalto;29/07/2021 3:00;14.02289963
Rabinalto;29/07/2021 4:00;13.56000042
Rabinalto;29/07/2021 5:00;13.10249996
Rabinalto;29/07/2021 6:00;12.86569977
Rabinalto;29/07/2021 7:00;12.76879978
Rabinalto;29/07/2021 8:00;13.35009956
Rabinalto;29/07/2021 9:00;15.35289955
Rabinalto;29/07/2021 10:00;18.70969963
Rabinalto;29/07/2021 11:00;22.48539925
Rabinalto;29/07/2021 12:00;26.3355999
Rabinalto;29/07/2021 13:00;29.74130058
Rabinalto;29/07/2021 14:00;32.24089813
Rabinalto;29/07/2021 15:00;33.76760101
Rabinalto;29/07/2021 16:00;34.3146019
Rabinalto;29/07/2021 17:00;33.34529877
Rabinalto;29/07/2021 18:00;29.91430092
Rabinalto;29/07/2021 19:00;26.79490089
Rabinalto;29/07/2021 20:00;23.35980034
Rabinalto;29/07/2021 21:00;20.67250061
Rabinalto;29/07/2021 22:00;18.56410027
Rabinalto;29/07/2021 23:00;16.88809967
Rabinalto;30/07/2021 0:00;15.93449974
Rabinalto;30/07/2021 1:00;15.27750015
Rabinalto;30/07/2021 2:00;14.9382
Rabinalto;30/07/2021 3:00;14.66359997
Rabinalto;30/07/2021 4:00;14.36209965
Rabinalto;30/07/2021 5:00;13.92599964
Rabinalto;30/07/2021 6:00;13.38239956
Rabinalto;30/07/2021 7:00;13.00559998
Rabinalto;30/07/2021 8:00;13.19939995
Rabinalto;30/07/2021 9:00;14.96510029
Rabinalto;30/07/2021 10:00;17.73410034
Rabinalto;30/07/2021 11:00;21.19039917
Rabinalto;30/07/2021 12:00;25.03910065
Rabinalto;30/07/2021 13:00;28.96789932
Rabinalto;30/07/2021 14:00;32.39250183
Rabinalto;30/07/2021 15:00;32.91759872
Rabinalto;30/07/2021 16:00;27.71369934
Rabinalto;30/07/2021 17:00;29.16259956
Rabinalto;30/07/2021 18:00;28.92469978
Rabinalto;30/07/2021 19:00;26.20050049
Rabinalto;30/07/2021 20:00;23.28960037
Rabinalto;30/07/2021 21:00;20.66710091
Rabinalto;30/07/2021 22:00;18.83370018
Rabinalto;30/07/2021 23:00;17.66399956
Rabinalto;31/07/2021 0:00;16.80730057
Rabinalto;31/07/2021 1:00;16.03689957
Rabinalto;31/07/2021 2:00;15.36900043
Rabinalto;31/07/2021 3:00;14.80360031
Rabinalto;31/07/2021 4:00;14.30819988
Rabinalto;31/07/2021 5:00;13.86680031
Rabinalto;31/07/2021 6:00;13.46310043
Rabinalto;31/07/2021 7:00;13.02719975
Rabinalto;31/07/2021 8:00;12.76350021
Rabinalto;31/07/2021 9:00;12.94639969
Rabinalto;31/07/2021 10:00;13.37699986
Rabinalto;31/07/2021 11:00;14.37819958
Rabinalto;31/07/2021 12:00;16.8288002
Rabinalto;31/07/2021 13:00;21.56800079
Rabinalto;31/07/2021 14:00;23.00889969
Rabinalto;31/07/2021 15:00;24.35860062
Rabinalto;31/07/2021 16:00;25.54680061
Rabinalto;31/07/2021 17:00;23.03050041
Rabinalto;31/07/2021 18:00;20.78580093
Rabinalto;31/07/2021 19:00;19.24880028
Rabinalto;31/07/2021 20:00;17.20599937
Rabinalto;31/07/2021 21:00;15.61139965
Rabinalto;31/07/2021 22:00;14.60439968
Rabinalto;31/07/2021 23:00;13.66759968
Rabinalto;01/08/2021 0:00;13.08640003
Rabinalto;01/08/2021 1:00;12.03709984
Rabinalto;01/08/2021 2:00;11.17640018
Rabinalto;01/08/2021 3:00;10.67619991
Rabinalto;01/08/2021 4:00;10.55249977
Rabinalto;01/08/2021 5:00;10.38580036
Rabinalto;01/08/2021 6:00;10.53629971
Rabinalto;01/08/2021 7:00;10.58469963
Rabinalto;01/08/2021 8:00;10.89669991
Rabinalto;01/08/2021 9:00;11.38609982
Rabinalto;01/08/2021 10:00;13.26930046
Rabinalto;01/08/2021 11:00;15.71370029
Rabinalto;01/08/2021 12:00;18.55340004
Rabinalto;01/08/2021 13:00;20.5807991
Rabinalto;01/08/2021 14:00;24.06170082
Rabinalto;01/08/2021 15:00;26.26000023
Rabinalto;01/08/2021 16:00;25.82769966
Rabinalto;01/08/2021 17:00;23.99690056
Rabinalto;01/08/2021 18:00;22.47999954
Rabinalto;01/08/2021 19:00;21.6868
Rabinalto;01/08/2021 20:00;18.93610001
Rabinalto;01/08/2021 21:00;16.72640038
Rabinalto;01/08/2021 22:00;15.7191
Rabinalto;01/08/2021 23:00;15.18589973
Rabinalto;02/08/2021 0:00;14.70129967
Rabinalto;02/08/2021 1:00;14.07680035
Rabinalto;02/08/2021 2:00;13.59770012
Rabinalto;02/08/2021 3:00;13.22630024
Rabinalto;02/08/2021 4:00;13.24779987
Rabinalto;02/08/2021 5:00;13.1239996
Rabinalto;02/08/2021 6:00;12.80650043
Rabinalto;02/08/2021 7:00;11.62819958
Rabinalto;02/08/2021 8:00;11.77340031
Rabinalto;02/08/2021 9:00;13.11859989
Rabinalto;02/08/2021 10:00;16.04229927
Rabinalto;02/08/2021 11:00;19.08169937
Rabinalto;02/08/2021 12:00;21.39539909
Rabinalto;02/08/2021 13:00;22.70129967
Rabinalto;02/08/2021 14:00;23.02510071
Rabinalto;02/08/2021 15:00;20.85050011
Rabinalto;02/08/2021 16:00;19.94980049
Rabinalto;02/08/2021 17:00;21.7784996
Rabinalto;02/08/2021 18:00;21.67060089
Rabinalto;02/08/2021 19:00;21.22820091
Rabinalto;02/08/2021 20:00;19.30809975
Rabinalto;02/08/2021 21:00;16.58639908
Rabinalto;02/08/2021 22:00;14.78209972
Rabinalto;02/08/2021 23:00;13.74839973
Rabinalto;03/08/2021 0:00;12.63969994
Rabinalto;03/08/2021 1:00;11.85410023
Rabinalto;03/08/2021 2:00;11.39150047
Rabinalto;03/08/2021 3:00;10.96119976
Rabinalto;03/08/2021 4:00;10.69769955
Rabinalto;03/08/2021 5:00;10.48789978
Rabinalto;03/08/2021 6:00;10.48260021
Rabinalto;03/08/2021 7:00;10.44489956
Rabinalto;03/08/2021 8:00;11.16559982
Rabinalto;03/08/2021 9:00;12.28460026
Rabinalto;03/08/2021 10:00;14.86279964
Rabinalto;03/08/2021 11:00;18.38619995
Rabinalto;03/08/2021 12:00;22.08609962
Rabinalto;03/08/2021 13:00;24.2560997
Rabinalto;03/08/2021 14:00;25.97360039
Rabinalto;03/08/2021 15:00;24.42880058
Rabinalto;03/08/2021 16:00;21.61660004
Rabinalto;03/08/2021 17:00;20.69949913
Rabinalto;03/08/2021 18:00;19.90670013
Rabinalto;03/08/2021 19:00;19.28120041
Rabinalto;03/08/2021 20:00;17.93350029
Rabinalto;03/08/2021 21:00;16.50550079
Rabinalto;03/08/2021 22:00;15.57369995
Rabinalto;03/08/2021 23:00;14.9059
Rabinalto;04/08/2021 0:00;14.18980026
Rabinalto;04/08/2021 1:00;13.33930016
Rabinalto;04/08/2021 2:00;13.00559998
Rabinalto;04/08/2021 3:00;12.69349957
Rabinalto;04/08/2021 4:00;12.42450047
Rabinalto;04/08/2021 5:00;12.16619968
Rabinalto;04/08/2021 6:00;11.91870022
Rabinalto;04/08/2021 7:00;11.71430016
Rabinalto;04/08/2021 8:00;11.60669994
Rabinalto;04/08/2021 9:00;12.12849998
Rabinalto;04/08/2021 10:00;13.0916996
Rabinalto;04/08/2021 11:00;14.98130035
Rabinalto;04/08/2021 12:00;17.77179909
Rabinalto;04/08/2021 13:00;20.0576992
Rabinalto;04/08/2021 14:00;21.88100052
Rabinalto;04/08/2021 15:00;23.07909966
Rabinalto;04/08/2021 16:00;22.78759956
Rabinalto;04/08/2021 17:00;21.94039917
Rabinalto;04/08/2021 18:00;20.38129997
Rabinalto;04/08/2021 19:00;18.22990036
Rabinalto;04/08/2021 20:00;16.25239944
Rabinalto;04/08/2021 21:00;14.84130001
Rabinalto;04/08/2021 22:00;13.76449966
Rabinalto;04/08/2021 23:00;12.96800041
Rabinalto;05/08/2021 0:00;12.20919991
Rabinalto;05/08/2021 1:00;11.68739986
Rabinalto;05/08/2021 2:00;11.27859974
Rabinalto;05/08/2021 3:00;11.11180019
Rabinalto;05/08/2021 4:00;11.10109997
Rabinalto;05/08/2021 5:00;11.07419968
Rabinalto;05/08/2021 6:00;11.21940041
Rabinalto;05/08/2021 7:00;11.24629974
Rabinalto;05/08/2021 8:00;11.4776001
Rabinalto;05/08/2021 9:00;12.20390034
Rabinalto;05/08/2021 10:00;14.2112999
Rabinalto;05/08/2021 11:00;16.63479996
Rabinalto;05/08/2021 12:00;17.9442997
Rabinalto;05/08/2021 13:00;17.90649986
Rabinalto;05/08/2021 14:00;17.86879921
Rabinalto;05/08/2021 15:00;19.09250069
Rabinalto;05/08/2021 16:00;20.82360077
Rabinalto;05/08/2021 17:00;20.47299957
Rabinalto;05/08/2021 18:00;19.1840992
Rabinalto;05/08/2021 19:00;17.65859985
Rabinalto;05/08/2021 20:00;16.02070045
Rabinalto;05/08/2021 21:00;14.65820026
Rabinalto;05/08/2021 22:00;13.49540043
Rabinalto;05/08/2021 23:00;12.68809986
Rabinalto;06/08/2021 0:00;12.02089977
Rabinalto;06/08/2021 1:00;11.62279987
Rabinalto;06/08/2021 2:00;11.32159996
Rabinalto;06/08/2021 3:00;10.99349976
Rabinalto;06/08/2021 4:00;10.67619991
Rabinalto;06/08/2021 5:00;10.27820015
Rabinalto;06/08/2021 6:00;10.0255003
Rabinalto;06/08/2021 7:00;9.885700226
Rabinalto;06/08/2021 8:00;10.09000015
Rabinalto;06/08/2021 9:00;11.59589958
Rabinalto;06/08/2021 10:00;14.31900024
Rabinalto;06/08/2021 11:00;17.4538002
Rabinalto;06/08/2021 12:00;20.60239983
Rabinalto;06/08/2021 13:00;23.19249916
Rabinalto;06/08/2021 14:00;25.25519943
Rabinalto;06/08/2021 15:00;26.18969917
Rabinalto;06/08/2021 16:00;25.75749969
Rabinalto;06/08/2021 17:00;25.27140045
Rabinalto;06/08/2021 18:00;23.41379929
Rabinalto;06/08/2021 19:00;20.23559952
Rabinalto;06/08/2021 20:00;18.21380043
Rabinalto;06/08/2021 21:00;16.24160004
Rabinalto;06/08/2021 22:00;14.80360031
Rabinalto;06/08/2021 23:00;13.96370029
Rabinalto;07/08/2021 0:00;13.39850044
Rabinalto;07/08/2021 1:00;12.8817997
Rabinalto;07/08/2021 2:00;12.55900002
Rabinalto;07/08/2021 3:00;12.33300018
Rabinalto;07/08/2021 4:00;12.0692997
Rabinalto;07/08/2021 5:00;11.71430016
Rabinalto;07/08/2021 6:00;11.46140003
Rabinalto;07/08/2021 7:00;11.14410019
Rabinalto;07/08/2021 8:00;10.95049953
Rabinalto;07/08/2021 9:00;11.36999989
Rabinalto;07/08/2021 10:00;12.43519974
Rabinalto;07/08/2021 11:00;13.9691
Rabinalto;07/08/2021 12:00;15.22900009
Rabinalto;07/08/2021 13:00;16.20929909
Rabinalto;07/08/2021 14:00;16.92580032
Rabinalto;07/08/2021 15:00;18.85519981
Rabinalto;07/08/2021 16:00;18.84980011
Rabinalto;07/08/2021 17:00;17.44309998
Rabinalto;07/08/2021 18:00;16.14459991
Rabinalto;07/08/2021 19:00;14.98130035
Rabinalto;07/08/2021 20:00;13.79139996
Rabinalto;07/08/2021 21:00;12.4083004
Rabinalto;07/08/2021 22:00;11.79500008
Rabinalto;07/08/2021 23:00;11.42380047
Rabinalto;08/08/2021 0:00;10.71380043
Rabinalto;08/08/2021 1:00;9.821200371
Rabinalto;08/08/2021 2:00;9.181400299
Rabinalto;08/08/2021 3:00;8.71380043
Rabinalto;08/08/2021 4:00;8.224699974
Rabinalto;08/08/2021 5:00;7.843200207
Rabinalto;08/08/2021 6:00;7.64440012
Rabinalto;08/08/2021 7:00;7.370399952
Rabinalto;08/08/2021 8:00;7.708899975
Rabinalto;08/08/2021 9:00;9.256699562
Rabinalto;08/08/2021 10:00;12.02630043
Rabinalto;08/08/2021 11:00;15.1697998
Rabinalto;08/08/2021 12:00;18.54260063
Rabinalto;08/08/2021 13:00;21.34679985
Rabinalto;08/08/2021 14:00;23.10070038
Rabinalto;08/08/2021 15:00;24.66110039
Rabinalto;08/08/2021 16:00;24.93650055
Rabinalto;08/08/2021 17:00;24.12649918
Rabinalto;08/08/2021 18:00;22.3451004
Rabinalto;08/08/2021 19:00;19.84729958
Rabinalto;08/08/2021 20:00;17.78800011
Rabinalto;08/08/2021 21:00;15.76760006
Rabinalto;08/08/2021 22:00;14.76049995
Rabinalto;08/08/2021 23:00;14.10369968
Rabinalto;09/08/2021 0:00;13.39850044
Rabinalto;09/08/2021 1:00;12.80109978
Rabinalto;09/08/2021 2:00;12.3114996
Rabinalto;09/08/2021 3:00;11.79500008
Rabinalto;09/08/2021 4:00;11.38609982
Rabinalto;09/08/2021 5:00;11.33769989
Rabinalto;09/08/2021 6:00;11.23009968
Rabinalto;09/08/2021 7:00;10.99349976
Rabinalto;09/08/2021 8:00;11.25699997
Rabinalto;09/08/2021 9:00;12.4460001
Rabinalto;09/08/2021 10:00;14.7173996
Rabinalto;09/08/2021 11:00;17.72870064
Rabinalto;09/08/2021 12:00;21.01779938
Rabinalto;09/08/2021 13:00;24.02930069
Rabinalto;09/08/2021 14:00;26.39500046
Rabinalto;09/08/2021 15:00;26.84350014
Rabinalto;09/08/2021 16:00;26.82729912
Rabinalto;09/08/2021 17:00;26.22750092
Rabinalto;09/08/2021 18:00;24.64489937
Rabinalto;09/08/2021 19:00;21.50329971
Rabinalto;09/08/2021 20:00;19.72330093
Rabinalto;09/08/2021 21:00;17.7772007
Rabinalto;09/08/2021 22:00;16.28470039
Rabinalto;09/08/2021 23:00;14.88440037
Rabinalto;10/08/2021 0:00;14.0067997
Rabinalto;10/08/2021 1:00;13.38770008
Rabinalto;10/08/2021 2:00;12.82269955
Rabinalto;10/08/2021 3:00;12.25769997
Rabinalto;10/08/2021 4:00;11.82190037
Rabinalto;10/08/2021 5:00;11.42380047
Rabinalto;10/08/2021 6:00;11.0795002
Rabinalto;10/08/2021 7:00;10.80519962
Rabinalto;10/08/2021 8:00;11.34309959
Rabinalto;10/08/2021 9:00;13.01099968
Rabinalto;10/08/2021 10:00;15.81599998
Rabinalto;10/08/2021 11:00;19.04389954
Rabinalto;10/08/2021 12:00;22.55019951
Rabinalto;10/08/2021 13:00;25.82769966
Rabinalto;10/08/2021 14:00;28.29750061
Rabinalto;10/08/2021 15:00;29.84399986
Rabinalto;10/08/2021 16:00;30.12529945
Rabinalto;10/08/2021 17:00;29.11930084
Rabinalto;10/08/2021 18:00;26.98940086
Rabinalto;10/08/2021 19:00;24.23450089
Rabinalto;10/08/2021 20:00;21.49250031
Rabinalto;10/08/2021 21:00;19.20569992
Rabinalto;10/08/2021 22:00;17.39459991
Rabinalto;10/08/2021 23:00;16.21459961
Rabinalto;11/08/2021 0:00;15.4552002
Rabinalto;11/08/2021 1:00;14.74969959
Rabinalto;11/08/2021 2:00;14.20600033
Rabinalto;11/08/2021 3:00;13.63529968
Rabinalto;11/08/2021 4:00;13.19400024
Rabinalto;11/08/2021 5:00;12.82269955
Rabinalto;11/08/2021 6:00;12.51589966
Rabinalto;11/08/2021 7:00;12.2468996
Rabinalto;11/08/2021 8:00;12.59130001
Rabinalto;11/08/2021 9:00;14.16289997
Rabinalto;11/08/2021 10:00;16.97430038
Rabinalto;11/08/2021 11:00;20.35429955
Rabinalto;11/08/2021 12:00;23.97529984
Rabinalto;11/08/2021 13:00;27.19479942
Rabinalto;11/08/2021 14:00;29.66550064
Rabinalto;11/08/2021 15:00;31.11529922
Rabinalto;11/08/2021 16:00;31.3913002
Rabinalto;11/08/2021 17:00;30.53639984
Rabinalto;11/08/2021 18:00;28.40559959
Rabinalto;11/08/2021 19:00;25.49819946
Rabinalto;11/08/2021 20:00;22.69589996
Rabinalto;11/08/2021 21:00;20.18709946
Rabinalto;11/08/2021 22:00;18.33230019
Rabinalto;11/08/2021 23:00;17.24370003
Rabinalto;12/08/2021 0:00;16.36009979
Rabinalto;12/08/2021 1:00;15.77830029
Rabinalto;12/08/2021 2:00;15.33129978
Rabinalto;12/08/2021 3:00;14.96510029
Rabinalto;12/08/2021 4:00;14.67440033
Rabinalto;12/08/2021 5:00;14.48050022
Rabinalto;12/08/2021 6:00;14.51819992
Rabinalto;12/08/2021 7:00;14.24359989
Rabinalto;12/08/2021 8:00;14.60980034
Rabinalto;12/08/2021 9:00;16.18770027
Rabinalto;12/08/2021 10:00;18.86599922
Rabinalto;12/08/2021 11:00;22.12919998
Rabinalto;12/08/2021 12:00;25.21190071
Rabinalto;12/08/2021 13:00;28.8057003
Rabinalto;12/08/2021 14:00;31.35880089
Rabinalto;12/08/2021 15:00;32.64690018
Rabinalto;12/08/2021 16:00;31.55900002
Rabinalto;12/08/2021 17:00;30.57430077
Rabinalto;12/08/2021 18:00;27.88660049
Rabinalto;12/08/2021 19:00;25.23349953
Rabinalto;12/08/2021 20:00;22.4314003
Rabinalto;12/08/2021 21:00;19.77179909
Rabinalto;12/08/2021 22:00;17.92270088
Rabinalto;12/08/2021 23:00;16.94729996
Rabinalto;13/08/2021 0:00;15.9399004
Rabinalto;13/08/2021 1:00;15.07820034
Rabinalto;13/08/2021 2:00;14.49670029
Rabinalto;13/08/2021 3:00;14.2112999
Rabinalto;13/08/2021 4:00;14.09290028
Rabinalto;13/08/2021 5:00;13.78069973
Rabinalto;13/08/2021 6:00;13.39850044
Rabinalto;13/08/2021 7:00;13.16170025
Rabinalto;13/08/2021 8:00;13.69460011
Rabinalto;13/08/2021 9:00;15.4982996
Rabinalto;13/08/2021 10:00;18.46710014
Rabinalto;13/08/2021 11:00;21.97809982
Rabinalto;13/08/2021 12:00;25.73049927
Rabinalto;13/08/2021 13:00;29.30859947
Rabinalto;13/08/2021 14:00;31.87290001
Rabinalto;13/08/2021 15:00;33.42110062
Rabinalto;13/08/2021 16:00;33.50230026
Rabinalto;13/08/2021 17:00;31.93239975
Rabinalto;13/08/2021 18:00;29.55739975
Rabinalto;13/08/2021 19:00;26.8057003
Rabinalto;13/08/2021 20:00;23.99150085
Rabinalto;13/08/2021 21:00;21.35219955
Rabinalto;13/08/2021 22:00;19.73410034
Rabinalto;13/08/2021 23:00;18.32699966
Rabinalto;14/08/2021 0:00;16.99580002
Rabinalto;14/08/2021 1:00;16.11770058
Rabinalto;14/08/2021 2:00;15.7244997
Rabinalto;14/08/2021 3:00;15.36900043
Rabinalto;14/08/2021 4:00;15.01360035
Rabinalto;14/08/2021 5:00;14.57209969
Rabinalto;14/08/2021 6:00;14.11979961
Rabinalto;14/08/2021 7:00;13.71609974
Rabinalto;14/08/2021 8:00;13.96370029
Rabinalto;14/08/2021 9:00;15.57909966
Rabinalto;14/08/2021 10:00;18.5965004
Rabinalto;14/08/2021 11:00;22.3397007
Rabinalto;14/08/2021 12:00;26.10330009
Rabinalto;14/08/2021 13:00;29.54109955
Rabinalto;14/08/2021 14:00;32.08940125
Rabinalto;14/08/2021 15:00;33.2098999
Rabinalto;14/08/2021 16:00;32.8526001
Rabinalto;14/08/2021 17:00;32.05690002
Rabinalto;14/08/2021 18:00;29.37890053
Rabinalto;14/08/2021 19:00;25.84939957
Rabinalto;14/08/2021 20:00;23.08989906
Rabinalto;14/08/2021 21:00;20.71030045
Rabinalto;14/08/2021 22:00;19.13559914
Rabinalto;14/08/2021 23:00;18.39699936
Rabinalto;15/08/2021 0:00;17.70170021
Rabinalto;15/08/2021 1:00;16.71030045
Rabinalto;15/08/2021 2:00;15.89150047
Rabinalto;15/08/2021 3:00;15.11590004
Rabinalto;15/08/2021 4:00;14.4698
Rabinalto;15/08/2021 5:00;13.80760002
Rabinalto;15/08/2021 6:00;13.39850044
Rabinalto;15/08/2021 7:00;12.66119957
Rabinalto;15/08/2021 8:00;12.95720005
Rabinalto;15/08/2021 9:00;14.92739964
Rabinalto;15/08/2021 10:00;18.1760006
Rabinalto;15/08/2021 11:00;22.24250031
Rabinalto;15/08/2021 12:00;26.2220993
Rabinalto;15/08/2021 13:00;29.8980999
Rabinalto;15/08/2021 14:00;32.41410065
Rabinalto;15/08/2021 15:00;33.9192009
Rabinalto;15/08/2021 16:00;33.55099869
Rabinalto;15/08/2021 17:00;31.75379944
Rabinalto;15/08/2021 18:00;28.75160027
Rabinalto;15/08/2021 19:00;25.49819946
Rabinalto;15/08/2021 20:00;22.25869942
Rabinalto;15/08/2021 21:00;19.63159943
Rabinalto;15/08/2021 22:00;17.87420082
Rabinalto;15/08/2021 23:00;16.71570015
Rabinalto;16/08/2021 0:00;16.15539932
Rabinalto;16/08/2021 1:00;15.61680031
Rabinalto;16/08/2021 2:00;14.85739994
Rabinalto;16/08/2021 3:00;14.27060032
Rabinalto;16/08/2021 4:00;14.15209961
Rabinalto;16/08/2021 5:00;14.03909969
Rabinalto;16/08/2021 6:00;13.75380039
Rabinalto;16/08/2021 7:00;13.67840004
Rabinalto;16/08/2021 8:00;13.95829964
Rabinalto;16/08/2021 9:00;14.9382
Rabinalto;16/08/2021 10:00;17.36759949
Rabinalto;16/08/2021 11:00;20.92609978
Rabinalto;16/08/2021 12:00;24.93650055
Rabinalto;16/08/2021 13:00;28.39480019
Rabinalto;16/08/2021 14:00;31.0666008
Rabinalto;16/08/2021 15:00;32.57109833
Rabinalto;16/08/2021 16:00;32.33840179
Rabinalto;16/08/2021 17:00;30.55800056
Rabinalto;16/08/2021 18:00;27.63260078
Rabinalto;16/08/2021 19:00;24.23990059
Rabinalto;16/08/2021 20:00;21.19580078
Rabinalto;16/08/2021 21:00;18.70969963
Rabinalto;16/08/2021 22:00;17.03890038
Rabinalto;16/08/2021 23:00;15.99919987
Rabinalto;17/08/2021 0:00;15.11050034
Rabinalto;17/08/2021 1:00;14.45899963
Rabinalto;17/08/2021 2:00;13.87759972
Rabinalto;17/08/2021 3:00;13.28549957
Rabinalto;17/08/2021 4:00;12.63969994
Rabinalto;17/08/2021 5:00;12.28460026
Rabinalto;17/08/2021 6:00;11.90260029
Rabinalto;17/08/2021 7:00;11.43449974
Rabinalto;17/08/2021 8:00;11.76270008
Rabinalto;17/08/2021 9:00;13.55459976
Rabinalto;17/08/2021 10:00;16.74799919
Rabinalto;17/08/2021 11:00;20.18169975
Rabinalto;17/08/2021 12:00;24.41259956
Rabinalto;17/08/2021 13:00;28.31909943
Rabinalto;17/08/2021 14:00;31.28300095
Rabinalto;17/08/2021 15:00;32.92300034
Rabinalto;17/08/2021 16:00;32.76060104
Rabinalto;17/08/2021 17:00;30.94219971
Rabinalto;17/08/2021 18:00;27.81640053
Rabinalto;17/08/2021 19:00;24.54229927
Rabinalto;17/08/2021 20:00;21.4817009
Rabinalto;17/08/2021 21:00;18.73119926
Rabinalto;17/08/2021 22:00;16.77490044
Rabinalto;17/08/2021 23:00;15.56289959
Rabinalto;18/08/2021 0:00;14.63129997
Rabinalto;18/08/2021 1:00;14.06599998
Rabinalto;18/08/2021 2:00;13.53849983
Rabinalto;18/08/2021 3:00;13.0593996
Rabinalto;18/08/2021 4:00;12.80109978
Rabinalto;18/08/2021 5:00;12.22539997
Rabinalto;18/08/2021 6:00;11.99940014
Rabinalto;18/08/2021 7:00;11.8057003
Rabinalto;18/08/2021 8:00;11.96710014
Rabinalto;18/08/2021 9:00;13.70530033
Rabinalto;18/08/2021 10:00;16.81259918
Rabinalto;18/08/2021 11:00;20.5753994
Rabinalto;18/08/2021 12:00;24.65570068
Rabinalto;18/08/2021 13:00;28.4109993
Rabinalto;18/08/2021 14:00;31.40749931
Rabinalto;18/08/2021 15:00;33.020401
Rabinalto;18/08/2021 16:00;33.07460022
Rabinalto;18/08/2021 17:00;31.75379944
Rabinalto;18/08/2021 18:00;29.56819916
Rabinalto;18/08/2021 19:00;25.67110062
Rabinalto;18/08/2021 20:00;22.21019936
Rabinalto;18/08/2021 21:00;19.41600037
Rabinalto;18/08/2021 22:00;17.46459961
Rabinalto;18/08/2021 23:00;16.15539932
Rabinalto;19/08/2021 0:00;15.4982996
Rabinalto;19/08/2021 1:00;15.04590034
Rabinalto;19/08/2021 2:00;14.59899998
Rabinalto;19/08/2021 3:00;14.2166996
Rabinalto;19/08/2021 4:00;13.74839973
Rabinalto;19/08/2021 5:00;13.15629959
Rabinalto;19/08/2021 6:00;12.59659958
Rabinalto;19/08/2021 7:00;12.42450047
Rabinalto;19/08/2021 8:00;12.83880043
Rabinalto;19/08/2021 9:00;14.42669964
Rabinalto;19/08/2021 10:00;17.39999962
Rabinalto;19/08/2021 11:00;20.88829994
Rabinalto;19/08/2021 12:00;24.70429993
Rabinalto;19/08/2021 13:00;27.87579918
Rabinalto;19/08/2021 14:00;30.58510017
Rabinalto;19/08/2021 15:00;32.09479904
Rabinalto;19/08/2021 16:00;32.8526001
Rabinalto;19/08/2021 17:00;30.11989975
Rabinalto;19/08/2021 18:00;27.79470062
Rabinalto;19/08/2021 19:00;24.6718998
Rabinalto;19/08/2021 20:00;21.81620026
Rabinalto;19/08/2021 21:00;19.09250069
Rabinalto;19/08/2021 22:00;17.57239914
Rabinalto;19/08/2021 23:00;16.75880051
Rabinalto;20/08/2021 0:00;16.0529995
Rabinalto;20/08/2021 1:00;15.41749954
Rabinalto;20/08/2021 2:00;14.84669971
Rabinalto;20/08/2021 3:00;14.31359959
Rabinalto;20/08/2021 4:00;13.77530003
Rabinalto;20/08/2021 5:00;13.37160015
Rabinalto;20/08/2021 6:00;13.00020027
Rabinalto;20/08/2021 7:00;12.67739964
Rabinalto;20/08/2021 8:00;13.02180004
Rabinalto;20/08/2021 9:00;14.56669998
Rabinalto;20/08/2021 10:00;17.43770027
Rabinalto;20/08/2021 11:00;21.01239967
Rabinalto;20/08/2021 12:00;24.80690002
Rabinalto;20/08/2021 13:00;28.18939972
Rabinalto;20/08/2021 14:00;30.94219971
Rabinalto;20/08/2021 15:00;32.43040085
Rabinalto;20/08/2021 16:00;31.26140022
Rabinalto;20/08/2021 17:00;30.57430077
Rabinalto;20/08/2021 18:00;27.84880066
Rabinalto;20/08/2021 19:00;24.88249969
Rabinalto;20/08/2021 20:00;22.08069992
Rabinalto;20/08/2021 21:00;19.71789932
Rabinalto;20/08/2021 22:00;17.88500023
Rabinalto;20/08/2021 23:00;16.73719978
Rabinalto;21/08/2021 0:00;15.88070011
Rabinalto;21/08/2021 1:00;15.12129974
Rabinalto;21/08/2021 2:00;14.45899963
Rabinalto;21/08/2021 3:00;13.85070038
Rabinalto;21/08/2021 4:00;13.23700047
Rabinalto;21/08/2021 5:00;12.63969994
Rabinalto;21/08/2021 6:00;12.81729984
Rabinalto;21/08/2021 7:00;13.04329967
Rabinalto;21/08/2021 8:00;13.53849983
Rabinalto;21/08/2021 9:00;14.74969959
Rabinalto;21/08/2021 10:00;17.1413002
Rabinalto;21/08/2021 11:00;20.09000015
Rabinalto;21/08/2021 12:00;23.75390053
Rabinalto;21/08/2021 13:00;26.73539925
Rabinalto;21/08/2021 14:00;29.3465004
Rabinalto;21/08/2021 15:00;29.23830032
Rabinalto;21/08/2021 16:00;26.98940086
Rabinalto;21/08/2021 17:00;27.35149956
Rabinalto;21/08/2021 18:00;25.57379913
Rabinalto;21/08/2021 19:00;23.18169975
Rabinalto;21/08/2021 20:00;20.72109985
Rabinalto;21/08/2021 21:00;18.65040016
Rabinalto;21/08/2021 22:00;17.39459991
Rabinalto;21/08/2021 23:00;16.39240074
Rabinalto;22/08/2021 0:00;15.51980019
Rabinalto;22/08/2021 1:00;14.77130032
Rabinalto;22/08/2021 2:00;14.28670025
Rabinalto;22/08/2021 3:00;13.99059963
Rabinalto;22/08/2021 4:00;13.66230011
Rabinalto;22/08/2021 5:00;13.35009956
Rabinalto;22/08/2021 6:00;13.11859989
Rabinalto;22/08/2021 7:00;13.08640003
Rabinalto;22/08/2021 8:00;13.39850044
Rabinalto;22/08/2021 9:00;14.51819992
Rabinalto;22/08/2021 10:00;16.81259918
Rabinalto;22/08/2021 11:00;20.0522995
Rabinalto;22/08/2021 12:00;23.68370056
Rabinalto;22/08/2021 13:00;27.02729988
Rabinalto;22/08/2021 14:00;29.66010094
Rabinalto;22/08/2021 15:00;31.12070084
Rabinalto;22/08/2021 16:00;31.32089996
Rabinalto;22/08/2021 17:00;30.20100021
Rabinalto;22/08/2021 18:00;28.17860031
Rabinalto;22/08/2021 19:00;25.82229996
Rabinalto;22/08/2021 20:00;22.6364994
Rabinalto;22/08/2021 21:00;19.98760033
Rabinalto;22/08/2021 22:00;18.45089912
Rabinalto;22/08/2021 23:00;17.24370003
Rabinalto;23/08/2021 0:00;16.57019997
Rabinalto;23/08/2021 1:00;16.17690086
Rabinalto;23/08/2021 2:00;15.35289955
Rabinalto;23/08/2021 3:00;14.66899967
Rabinalto;23/08/2021 4:00;14.38899994
Rabinalto;23/08/2021 5:00;14.30290031
Rabinalto;23/08/2021 6:00;14.18980026
Rabinalto;23/08/2021 7:00;14.03909969
Rabinalto;23/08/2021 8:00;14.32439995
Rabinalto;23/08/2021 9:00;15.55210018
Rabinalto;23/08/2021 10:00;18.03050041
Rabinalto;23/08/2021 11:00;21.20660019
Rabinalto;23/08/2021 12:00;24.69890022
Rabinalto;23/08/2021 13:00;28.05960083
Rabinalto;23/08/2021 14:00;30.66620064
Rabinalto;23/08/2021 15:00;31.77549934
Rabinalto;23/08/2021 16:00;31.34259987
Rabinalto;23/08/2021 17:00;29.68720055
Rabinalto;23/08/2021 18:00;26.62199974
Rabinalto;23/08/2021 19:00;23.8295002
Rabinalto;23/08/2021 20:00;21.23889923
Rabinalto;23/08/2021 21:00;18.98460007
Rabinalto;23/08/2021 22:00;17.6208992
Rabinalto;23/08/2021 23:00;16.3654995
Rabinalto;24/08/2021 0:00;15.55210018
Rabinalto;24/08/2021 1:00;14.94900036
Rabinalto;24/08/2021 2:00;14.1843996
Rabinalto;24/08/2021 3:00;13.54380035
Rabinalto;24/08/2021 4:00;13.11330032
Rabinalto;24/08/2021 5:00;12.68270016
Rabinalto;24/08/2021 6:00;12.38679981
Rabinalto;24/08/2021 7:00;12.14999962
Rabinalto;24/08/2021 8:00;12.4406004
Rabinalto;24/08/2021 9:00;14.05519962
Rabinalto;24/08/2021 10:00;17.08200073
Rabinalto;24/08/2021 11:00;20.73189926
Rabinalto;24/08/2021 12:00;24.82309914
Rabinalto;24/08/2021 13:00;28.01099968
Rabinalto;24/08/2021 14:00;30.86100006
Rabinalto;24/08/2021 15:00;32.56570053
Rabinalto;24/08/2021 16:00;32.72269821
Rabinalto;24/08/2021 17:00;31.21269989
Rabinalto;24/08/2021 18:00;28.78949928
Rabinalto;24/08/2021 19:00;25.37400055
Rabinalto;24/08/2021 20:00;22.23719978
Rabinalto;24/08/2021 21:00;19.71249962
Rabinalto;24/08/2021 22:00;18.17060089
Rabinalto;24/08/2021 23:00;17.24909973
Rabinalto;25/08/2021 0:00;16.54859924
Rabinalto;25/08/2021 1:00;15.95069981
Rabinalto;25/08/2021 2:00;15.47669983
Rabinalto;25/08/2021 3:00;14.80360031
Rabinalto;25/08/2021 4:00;14.27060032
Rabinalto;25/08/2021 5:00;13.9368
Rabinalto;25/08/2021 6:00;13.99059963
Rabinalto;25/08/2021 7:00;13.9368
Rabinalto;25/08/2021 8:00;14.09829998
Rabinalto;25/08/2021 9:00;15.09440041
Rabinalto;25/08/2021 10:00;17.55089951
Rabinalto;25/08/2021 11:00;21.14719963
Rabinalto;25/08/2021 12:00;24.94729996
Rabinalto;25/08/2021 13:00;28.58939934
Rabinalto;25/08/2021 14:00;32.46279907
Rabinalto;25/08/2021 15:00;32.05149841
Rabinalto;25/08/2021 16:00;29.4871006
Rabinalto;25/08/2021 17:00;29.29780006
Rabinalto;25/08/2021 18:00;27.02190018
Rabinalto;25/08/2021 19:00;25.89800072
Rabinalto;25/08/2021 20:00;22.56640053
Rabinalto;25/08/2021 21:00;19.76110077
Rabinalto;25/08/2021 22:00;18.17060089
Rabinalto;25/08/2021 23:00;16.99040031
Rabinalto;26/08/2021 0:00;16.33849907
Rabinalto;26/08/2021 1:00;15.79450035
Rabinalto;26/08/2021 2:00;15.29899979
Rabinalto;26/08/2021 3:00;14.92210007
Rabinalto;26/08/2021 4:00;14.57740021
Rabinalto;26/08/2021 5:00;14.28670025
Rabinalto;26/08/2021 6:00;14.09829998
Rabinalto;26/08/2021 7:00;13.91530037
Rabinalto;26/08/2021 8:00;14.25979996
Rabinalto;26/08/2021 9:00;15.44439983
Rabinalto;26/08/2021 10:00;17.9442997
Rabinalto;26/08/2021 11:00;21.43860054
Rabinalto;26/08/2021 12:00;20.36510086
Rabinalto;26/08/2021 13:00;19.91749954
Rabinalto;26/08/2021 14:00;20.95840073
Rabinalto;26/08/2021 15:00;19.5291996
Rabinalto;26/08/2021 16:00;17.31369972
Rabinalto;26/08/2021 17:00;16.97430038
Rabinalto;26/08/2021 18:00;16.77490044
Rabinalto;26/08/2021 19:00;16.40859985
Rabinalto;26/08/2021 20:00;15.67059994
Rabinalto;26/08/2021 21:00;14.3998003
Rabinalto;26/08/2021 22:00;13.80220032
Rabinalto;26/08/2021 23:00;13.53849983
Rabinalto;27/08/2021 0:00;13.26930046
Rabinalto;27/08/2021 1:00;12.97869968
Rabinalto;27/08/2021 2:00;12.98410034
Rabinalto;27/08/2021 3:00;12.77420044
Rabinalto;27/08/2021 4:00;12.87110043
Rabinalto;27/08/2021 5:00;13.04870033
Rabinalto;27/08/2021 6:00;12.99489975
Rabinalto;27/08/2021 7:00;12.90880013
Rabinalto;27/08/2021 8:00;12.69890022
Rabinalto;27/08/2021 9:00;13.36620045
Rabinalto;27/08/2021 10:00;15.92380047
Rabinalto;27/08/2021 11:00;18.96310043
Rabinalto;27/08/2021 12:00;20.9368
Rabinalto;27/08/2021 13:00;22.88479996
Rabinalto;27/08/2021 14:00;23.76469994
Rabinalto;27/08/2021 15:00;21.28750038
Rabinalto;27/08/2021 16:00;22.45299911
Rabinalto;27/08/2021 17:00;21.42239952
Rabinalto;27/08/2021 18:00;19.49679947
Rabinalto;27/08/2021 19:00;18.46170044
Rabinalto;27/08/2021 20:00;17.13050079
Rabinalto;27/08/2021 21:00;16.02070045
Rabinalto;27/08/2021 22:00;15.04590034
Rabinalto;27/08/2021 23:00;14.53439999
Rabinalto;28/08/2021 0:00;13.82909966
Rabinalto;28/08/2021 1:00;13.29090023
Rabinalto;28/08/2021 2:00;12.77420044
Rabinalto;28/08/2021 3:00;12.4137001
Rabinalto;28/08/2021 4:00;12.30070019
Rabinalto;28/08/2021 5:00;12.01019955
Rabinalto;28/08/2021 6:00;11.64970016
Rabinalto;28/08/2021 7:00;11.24629974
Rabinalto;28/08/2021 8:00;11.69810009
Rabinalto;28/08/2021 9:00;13.1239996
Rabinalto;28/08/2021 10:00;15.6814003
Rabinalto;28/08/2021 11:00;19.32430077
Rabinalto;28/08/2021 12:00;20.95299911
Rabinalto;28/08/2021 13:00;21.53569984
Rabinalto;28/08/2021 14:00;21.0284996
Rabinalto;28/08/2021 15:00;17.03350067
Rabinalto;28/08/2021 16:00;18.1060009
Rabinalto;28/08/2021 17:00;19.8743
Rabinalto;28/08/2021 18:00;18.6826992
Rabinalto;28/08/2021 19:00;17.03890038
Rabinalto;28/08/2021 20:00;15.69750023
Rabinalto;28/08/2021 21:00;15.08360004
Rabinalto;28/08/2021 22:00;14.45899963
Rabinalto;28/08/2021 23:00;13.66759968
Rabinalto;29/08/2021 0:00;13.24779987
Rabinalto;29/08/2021 1:00;12.70429993
Rabinalto;29/08/2021 2:00;12.3114996
Rabinalto;29/08/2021 3:00;12.10159969
Rabinalto;29/08/2021 4:00;11.87030029
Rabinalto;29/08/2021 5:00;11.69279957
Rabinalto;29/08/2021 6:00;11.51519966
Rabinalto;29/08/2021 7:00;11.25699997
Rabinalto;29/08/2021 8:00;11.61740017
Rabinalto;29/08/2021 9:00;12.82800007
Rabinalto;29/08/2021 10:00;15.05669975
Rabinalto;29/08/2021 11:00;17.70709991
Rabinalto;29/08/2021 12:00;20.18709946
Rabinalto;29/08/2021 13:00;22.46380043
Rabinalto;29/08/2021 14:00;24.60709953
Rabinalto;29/08/2021 15:00;25.6548996
Rabinalto;29/08/2021 16:00;25.74130058
Rabinalto;29/08/2021 17:00;25.13089943
Rabinalto;29/08/2021 18:00;24.16970062
Rabinalto;29/08/2021 19:00;21.88640022
Rabinalto;29/08/2021 20:00;19.2758007
Rabinalto;29/08/2021 21:00;17.39999962
Rabinalto;29/08/2021 22:00;16.23620033
Rabinalto;29/08/2021 23:00;15.37440014
Rabinalto;30/08/2021 0:00;14.70670033
Rabinalto;30/08/2021 1:00;14.15750027
Rabinalto;30/08/2021 2:00;13.77530003
Rabinalto;30/08/2021 3:00;13.74300003
Rabinalto;30/08/2021 4:00;13.33390045
Rabinalto;30/08/2021 5:00;13.02719975
Rabinalto;30/08/2021 6:00;12.72039986
Rabinalto;30/08/2021 7:00;12.52130032
Rabinalto;30/08/2021 8:00;12.58049965
Rabinalto;30/08/2021 9:00;13.53310013
Rabinalto;30/08/2021 10:00;15.58979988
Rabinalto;30/08/2021 11:00;18.56410027
Rabinalto;30/08/2021 12:00;18.19759941
Rabinalto;30/08/2021 13:00;19.2758007
Rabinalto;30/08/2021 14:00;20.9368
Rabinalto;30/08/2021 15:00;23.10610008
Rabinalto;30/08/2021 16:00;23.7322998
Rabinalto;30/08/2021 17:00;22.35589981
Rabinalto;30/08/2021 18:00;20.26799965
Rabinalto;30/08/2021 19:00;18.54800034
Rabinalto;30/08/2021 20:00;17.25449944
Rabinalto;30/08/2021 21:00;16.23080063
Rabinalto;30/08/2021 22:00;15.25049973
Rabinalto;30/08/2021 23:00;14.38360023
Rabinalto;31/08/2021 0:00;14.04450035
Rabinalto;31/08/2021 1:00;13.50080013
Rabinalto;31/08/2021 2:00;13.15089989
Rabinalto;31/08/2021 3:00;12.81729984
Rabinalto;31/08/2021 4:00;12.51589966
Rabinalto;31/08/2021 5:00;12.14999962
Rabinalto;31/08/2021 6:00;11.89719963
Rabinalto;31/08/2021 7:00;11.62819958
Rabinalto;31/08/2021 8:00;11.69279957
Rabinalto;31/08/2021 9:00;12.72039986
Rabinalto;31/08/2021 10:00;14.78209972
Rabinalto;31/08/2021 11:00;17.29220009
Rabinalto;31/08/2021 12:00;19.41060066
Rabinalto;31/08/2021 13:00;20.52689934
Rabinalto;31/08/2021 14:00;21.99970055
Rabinalto;31/08/2021 15:00;23.73769951
Rabinalto;31/08/2021 16:00;23.86190033
Rabinalto;31/08/2021 17:00;23.45700073
Rabinalto;31/08/2021 18:00;22.44219971
Rabinalto;31/08/2021 19:00;20.10079956
Rabinalto;31/08/2021 20:00;17.99279976
Rabinalto;31/08/2021 21:00;16.53249931
Rabinalto;31/08/2021 22:00;15.55749989
Rabinalto;31/08/2021 23:00;14.91129971
Rabinalto;01/09/2021 0:00;14.48050022
Rabinalto;01/09/2021 1:00;14.48050022
Rabinalto;01/09/2021 2:00;14.18980026
Rabinalto;01/09/2021 3:00;13.77530003
Rabinalto;01/09/2021 4:00;13.31239986
Rabinalto;01/09/2021 5:00;12.95720005
Rabinalto;01/09/2021 6:00;12.72039986
Rabinalto;01/09/2021 7:00;12.52670002
Rabinalto;01/09/2021 8:00;12.75809956
Rabinalto;01/09/2021 9:00;13.54380035
Rabinalto;01/09/2021 10:00;14.95440006
Rabinalto;01/09/2021 11:00;15.79450035
Rabinalto;01/09/2021 12:00;16.66180038
Rabinalto;01/09/2021 13:00;15.88070011
Rabinalto;01/09/2021 14:00;15.41749954
Rabinalto;01/09/2021 15:00;16.52709961
Rabinalto;01/09/2021 16:00;16.85040092
Rabinalto;01/09/2021 17:00;16.96349907
Rabinalto;01/09/2021 18:00;15.3906002
Rabinalto;01/09/2021 19:00;14.33520031
Rabinalto;01/09/2021 20:00;13.59230042
Rabinalto;01/09/2021 21:00;13.03250027
Rabinalto;01/09/2021 22:00;12.72039986
Rabinalto;01/09/2021 23:00;12.23079967
Rabinalto;02/09/2021 0:00;11.65509987
Rabinalto;02/09/2021 1:00;11.35919952
Rabinalto;02/09/2021 2:00;11.33769989
Rabinalto;02/09/2021 3:00;11.36460018
Rabinalto;02/09/2021 4:00;11.32699966
Rabinalto;02/09/2021 5:00;11.40229988
Rabinalto;02/09/2021 6:00;11.41300011
Rabinalto;02/09/2021 7:00;11.20320034
Rabinalto;02/09/2021 8:00;11.15480042
Rabinalto;02/09/2021 9:00;11.54209995
Rabinalto;02/09/2021 10:00;12.98410034
Rabinalto;02/09/2021 11:00;14.06060028
Rabinalto;02/09/2021 12:00;13.9744997
Rabinalto;02/09/2021 13:00;14.51819992
Rabinalto;02/09/2021 14:00;14.99209976
Rabinalto;02/09/2021 15:00;14.31900024
Rabinalto;02/09/2021 16:00;13.08640003
Rabinalto;02/09/2021 17:00;12.80650043
Rabinalto;02/09/2021 18:00;12.86030006
Rabinalto;02/09/2021 19:00;12.37059975
Rabinalto;02/09/2021 20:00;12.00479984
Rabinalto;02/09/2021 21:00;11.71969986
Rabinalto;02/09/2021 22:00;11.39690018
Rabinalto;02/09/2021 23:00;11.14949989
Rabinalto;03/09/2021 0:00;10.93430042
Rabinalto;03/09/2021 1:00;10.82139969
Rabinalto;03/09/2021 2:00;10.86979961
Rabinalto;03/09/2021 3:00;10.84290028
Rabinalto;03/09/2021 4:00;10.61699963
Rabinalto;03/09/2021 5:00;10.13840008
Rabinalto;03/09/2021 6:00;9.885700226
Rabinalto;03/09/2021 7:00;9.928700447
Rabinalto;03/09/2021 8:00;10.2244997
Rabinalto;03/09/2021 9:00;10.77299976
Rabinalto;03/09/2021 10:00;11.96170044
Rabinalto;03/09/2021 11:00;13.95829964
Rabinalto;03/09/2021 12:00;14.79819965
Rabinalto;03/09/2021 13:00;16.58099937
Rabinalto;03/09/2021 14:00;18.10059929
Rabinalto;03/09/2021 15:00;18.5048008
Rabinalto;03/09/2021 16:00;18.5965004
Rabinalto;03/09/2021 17:00;18.5156002
Rabinalto;03/09/2021 18:00;16.73180008
Rabinalto;03/09/2021 19:00;15.30440044
Rabinalto;03/09/2021 20:00;14.04979992
Rabinalto;03/09/2021 21:00;12.75269985
Rabinalto;03/09/2021 22:00;11.88640022
Rabinalto;03/09/2021 23:00;11.33769989
Rabinalto;04/09/2021 0:00;10.86439991
Rabinalto;04/09/2021 1:00;10.52019978
Rabinalto;04/09/2021 2:00;9.977100372
Rabinalto;04/09/2021 3:00;9.353500366
Rabinalto;04/09/2021 4:00;8.660099983
Rabinalto;04/09/2021 5:00;8.122599602
Rabinalto;04/09/2021 6:00;7.757199764
Rabinalto;04/09/2021 7:00;7.547699928
Rabinalto;04/09/2021 8:00;7.596000195
Rabinalto;04/09/2021 9:00;8.294599533
Rabinalto;04/09/2021 10:00;10.35350037
Rabinalto;04/09/2021 11:00;13.08100033
Rabinalto;04/09/2021 12:00;16.15539932
Rabinalto;04/09/2021 13:00;18.90920067
Rabinalto;04/09/2021 14:00;20.92609978
Rabinalto;04/09/2021 15:00;21.7730999
Rabinalto;04/09/2021 16:00;21.36300087
Rabinalto;04/09/2021 17:00;19.89049911
Rabinalto;04/09/2021 18:00;18.03050041
Rabinalto;04/09/2021 19:00;16.43549919
Rabinalto;04/09/2021 20:00;14.93280029
Rabinalto;04/09/2021 21:00;13.65690041
Rabinalto;04/09/2021 22:00;12.81729984
Rabinalto;04/09/2021 23:00;12.19849968
Rabinalto;05/09/2021 0:00;11.71969986
Rabinalto;05/09/2021 1:00;11.28390026
Rabinalto;05/09/2021 2:00;10.93430042
Rabinalto;05/09/2021 3:00;10.6008997
Rabinalto;05/09/2021 4:00;10.33199978
Rabinalto;05/09/2021 5:00;10.12230015
Rabinalto;05/09/2021 6:00;9.955599785
Rabinalto;05/09/2021 7:00;9.794300079
Rabinalto;05/09/2021 8:00;9.955599785
Rabinalto;05/09/2021 9:00;10.89669991
Rabinalto;05/09/2021 10:00;12.75809956
Rabinalto;05/09/2021 11:00;15.23980045
Rabinalto;05/09/2021 12:00;17.83110046
Rabinalto;05/09/2021 13:00;19.56150055
Rabinalto;05/09/2021 14:00;20.96920013
Rabinalto;05/09/2021 15:00;21.9510994
Rabinalto;05/09/2021 16:00;21.8593998
Rabinalto;05/09/2021 17:00;21.26589966
Rabinalto;05/09/2021 18:00;19.49139977
Rabinalto;05/09/2021 19:00;18.30540085
Rabinalto;05/09/2021 20:00;16.72640038
Rabinalto;05/09/2021 21:00;15.44439983
Rabinalto;05/09/2021 22:00;14.66899967
Rabinalto;05/09/2021 23:00;14.02289963
Rabinalto;06/09/2021 0:00;13.57079983
Rabinalto;06/09/2021 1:00;13.19400024
Rabinalto;06/09/2021 2:00;12.91950035
Rabinalto;06/09/2021 3:00;12.57509995
Rabinalto;06/09/2021 4:00;12.17689991
Rabinalto;06/09/2021 5:00;12.16619968
Rabinalto;06/09/2021 6:00;11.8380003
Rabinalto;06/09/2021 7:00;11.73579979
Rabinalto;06/09/2021 8:00;12.25230026
Rabinalto;06/09/2021 9:00;12.93029976
Rabinalto;06/09/2021 10:00;13.79139996
Rabinalto;06/09/2021 11:00;14.9059
Rabinalto;06/09/2021 12:00;15.07279968
Rabinalto;06/09/2021 13:00;16.02070045
Rabinalto;06/09/2021 14:00;19.85269928
Rabinalto;06/09/2021 15:00;21.60040092
Rabinalto;06/09/2021 16:00;20.95299911
Rabinalto;06/09/2021 17:00;19.63699913
Rabinalto;06/09/2021 18:00;18.31620026
Rabinalto;06/09/2021 19:00;17.23830032
Rabinalto;06/09/2021 20:00;16.11230087
Rabinalto;06/09/2021 21:00;15.11050034
Rabinalto;06/09/2021 22:00;14.37819958
Rabinalto;06/09/2021 23:00;13.81840038
Rabinalto;07/09/2021 0:00;13.44699955
Rabinalto;07/09/2021 1:00;13.11859989
Rabinalto;07/09/2021 2:00;13.03250027
Rabinalto;07/09/2021 3:00;12.88720036
Rabinalto;07/09/2021 4:00;12.48900032
Rabinalto;07/09/2021 5:00;12.43519974
Rabinalto;07/09/2021 6:00;11.95100021
Rabinalto;07/09/2021 7:00;11.55290031
Rabinalto;07/09/2021 8:00;11.38609982
Rabinalto;07/09/2021 9:00;11.78960037
Rabinalto;07/09/2021 10:00;13.06480026
Rabinalto;07/09/2021 11:00;14.9005003
Rabinalto;07/09/2021 12:00;16.14999962
Rabinalto;07/09/2021 13:00;15.82139969
Rabinalto;07/09/2021 14:00;14.77130032
Rabinalto;07/09/2021 15:00;14.46440029
Rabinalto;07/09/2021 16:00;15.23980045
Rabinalto;07/09/2021 17:00;14.65279961
Rabinalto;07/09/2021 18:00;15.36359978
Rabinalto;07/09/2021 19:00;14.44279957
Rabinalto;07/09/2021 20:00;13.52770042
Rabinalto;07/09/2021 21:00;13.00559998
Rabinalto;07/09/2021 22:00;12.10159969
Rabinalto;07/09/2021 23:00;11.63899994
Rabinalto;08/09/2021 0:00;11.56359959
Rabinalto;08/09/2021 1:00;10.78909969
Rabinalto;08/09/2021 2:00;10.1814003
Rabinalto;08/09/2021 3:00;9.724399567
Rabinalto;08/09/2021 4:00;9.267399788
Rabinalto;08/09/2021 5:00;8.907299995
Rabinalto;08/09/2021 6:00;9.288900375
Rabinalto;08/09/2021 7:00;9.681400299
Rabinalto;08/09/2021 8:00;10.03629971
Rabinalto;08/09/2021 9:00;10.83209991
Rabinalto;08/09/2021 10:00;11.96170044
Rabinalto;08/09/2021 11:00;12.58049965
Rabinalto;08/09/2021 12:00;12.92490005
Rabinalto;08/09/2021 13:00;13.51150036
Rabinalto;08/09/2021 14:00;13.17780018
Rabinalto;08/09/2021 15:00;13.15089989
Rabinalto;08/09/2021 16:00;13.63000011
Rabinalto;08/09/2021 17:00;13.89369965
Rabinalto;08/09/2021 18:00;13.32320023
Rabinalto;08/09/2021 19:00;12.96800041
Rabinalto;08/09/2021 20:00;12.19849968
Rabinalto;08/09/2021 21:00;11.59049988
Rabinalto;08/09/2021 22:00;11.36460018
Rabinalto;08/09/2021 23:00;11.05259991
Rabinalto;09/09/2021 0:00;10.77299976
Rabinalto;09/09/2021 1:00;10.50949955
Rabinalto;09/09/2021 2:00;10.33199978
Rabinalto;09/09/2021 3:00;10.29969978
Rabinalto;09/09/2021 4:00;10.26210022
Rabinalto;09/09/2021 5:00;10.07390022
Rabinalto;09/09/2021 6:00;9.939499855
Rabinalto;09/09/2021 7:00;9.89109993
Rabinalto;09/09/2021 8:00;9.944800377
Rabinalto;09/09/2021 9:00;10.14379978
Rabinalto;09/09/2021 10:00;10.99890041
Rabinalto;09/09/2021 11:00;11.95639992
Rabinalto;09/09/2021 12:00;13.65149975
Rabinalto;09/09/2021 13:00;15.1267004
Rabinalto;09/09/2021 14:00;15.08899975
Rabinalto;09/09/2021 15:00;14.35669994
Rabinalto;09/09/2021 16:00;13.42539978
Rabinalto;09/09/2021 17:00;13.26399994
Rabinalto;09/09/2021 18:00;12.89799976
Rabinalto;09/09/2021 19:00;12.26840019
Rabinalto;09/09/2021 20:00;11.71969986
Rabinalto;09/09/2021 21:00;10.83209991
Rabinalto;09/09/2021 22:00;9.864199638
Rabinalto;09/09/2021 23:00;9.176099777
Rabinalto;10/09/2021 0:00;8.907299995
Rabinalto;10/09/2021 1:00;8.901900291
Rabinalto;10/09/2021 2:00;8.944899559
Rabinalto;10/09/2021 3:00;8.918000221
Rabinalto;10/09/2021 4:00;8.267700195
Rabinalto;10/09/2021 5:00;7.923799992
Rabinalto;10/09/2021 6:00;8.079600334
Rabinalto;10/09/2021 7:00;8.154899597
Rabinalto;10/09/2021 8:00;8.181699753
Rabinalto;10/09/2021 9:00;8.767499924
Rabinalto;10/09/2021 10:00;9.966400146
Rabinalto;10/09/2021 11:00;12.40289974
Rabinalto;10/09/2021 12:00;13.17780018
Rabinalto;10/09/2021 13:00;13.60840034
Rabinalto;10/09/2021 14:00;14.55589962
Rabinalto;10/09/2021 15:00;14.69050026
Rabinalto;10/09/2021 16:00;15.61680031
Rabinalto;10/09/2021 17:00;15.79450035
Rabinalto;10/09/2021 18:00;15.78909969
Rabinalto;10/09/2021 19:00;15.06739998
Rabinalto;10/09/2021 20:00;13.40390015
Rabinalto;10/09/2021 21:00;11.95639992
Rabinalto;10/09/2021 22:00;11.05259991
Rabinalto;10/09/2021 23:00;10.43949986
Rabinalto;11/09/2021 0:00;10.04160023
Rabinalto;11/09/2021 1:00;10.03629971
Rabinalto;11/09/2021 2:00;10.34280014
Rabinalto;11/09/2021 3:00;10.25669956
Rabinalto;11/09/2021 4:00;9.875
Rabinalto;11/09/2021 5:00;9.627599716
Rabinalto;11/09/2021 6:00;9.213700294
Rabinalto;11/09/2021 7:00;8.85890007
Rabinalto;11/09/2021 8:00;8.853500366
Rabinalto;11/09/2021 9:00;10.01469994
Rabinalto;11/09/2021 10:00;11.43449974
Rabinalto;11/09/2021 11:00;12.68809986
Rabinalto;11/09/2021 12:00;13.95829964
Rabinalto;11/09/2021 13:00;14.48589993
Rabinalto;11/09/2021 14:00;15.6814003
Rabinalto;11/09/2021 15:00;15.88609982
Rabinalto;11/09/2021 16:00;16.69949913
Rabinalto;11/09/2021 17:00;17.24909973
Rabinalto;11/09/2021 18:00;15.98840046
Rabinalto;11/09/2021 19:00;13.96370029
Rabinalto;11/09/2021 20:00;12.54279995
Rabinalto;11/09/2021 21:00;11.62279987
Rabinalto;11/09/2021 22:00;10.9236002
Rabinalto;11/09/2021 23:00;10.40190029
Rabinalto;12/09/2021 0:00;10.03629971
Rabinalto;12/09/2021 1:00;9.762000084
Rabinalto;12/09/2021 2:00;9.557700157
Rabinalto;12/09/2021 3:00;9.337300301
Rabinalto;12/09/2021 4:00;9.159899712
Rabinalto;12/09/2021 5:00;8.97179985
Rabinalto;12/09/2021 6:00;8.649299622
Rabinalto;12/09/2021 7:00;8.428899765
Rabinalto;12/09/2021 8:00;8.520299911
Rabinalto;12/09/2021 9:00;9.423299789
Rabinalto;12/09/2021 10:00;11.15480042
Rabinalto;12/09/2021 11:00;13.00559998
Rabinalto;12/09/2021 12:00;15.4605999
Rabinalto;12/09/2021 13:00;16.73719978
Rabinalto;12/09/2021 14:00;17.71249962
Rabinalto;12/09/2021 15:00;18.87140083
Rabinalto;12/09/2021 16:00;18.14909935
Rabinalto;12/09/2021 17:00;17.62630081
Rabinalto;12/09/2021 18:00;16.5970993
Rabinalto;12/09/2021 19:00;14.95440006
Rabinalto;12/09/2021 20:00;13.65149975
Rabinalto;12/09/2021 21:00;12.81190014
Rabinalto;12/09/2021 22:00;12.28460026
Rabinalto;12/09/2021 23:00;11.96710014
Rabinalto;13/09/2021 0:00;11.59589958
Rabinalto;13/09/2021 1:00;11.20860004
Rabinalto;13/09/2021 2:00;11.16020012
Rabinalto;13/09/2021 3:00;10.87520027
Rabinalto;13/09/2021 4:00;10.77299976
Rabinalto;13/09/2021 5:00;10.70839977
Rabinalto;13/09/2021 6:00;10.47719955
Rabinalto;13/09/2021 7:00;10.29440022
Rabinalto;13/09/2021 8:00;10.35890007
Rabinalto;13/09/2021 9:00;11.1171999
Rabinalto;13/09/2021 10:00;11.90260029
Rabinalto;13/09/2021 11:00;13.08100033
Rabinalto;13/09/2021 12:00;14.27060032
Rabinalto;13/09/2021 13:00;14.32439995
Rabinalto;13/09/2021 14:00;15.29360008
Rabinalto;13/09/2021 15:00;13.90450001
Rabinalto;13/09/2021 16:00;12.47830009
Rabinalto;13/09/2021 17:00;12.08010006
Rabinalto;13/09/2021 18:00;11.73040009
Rabinalto;13/09/2021 19:00;11.40229988
Rabinalto;13/09/2021 20:00;11.18169975
Rabinalto;13/09/2021 21:00;10.93970013
Rabinalto;13/09/2021 22:00;10.40190029
Rabinalto;13/09/2021 23:00;10.50409985
Rabinalto;14/09/2021 0:00;10.13300037
Rabinalto;14/09/2021 1:00;9.880299568
Rabinalto;14/09/2021 2:00;9.245900154
Rabinalto;14/09/2021 3:00;9.48789978
Rabinalto;14/09/2021 4:00;9.48789978
Rabinalto;14/09/2021 5:00;9.493200302
Rabinalto;14/09/2021 6:00;9.240599632
Rabinalto;14/09/2021 7:00;8.735300064
Rabinalto;14/09/2021 8:00;8.735300064
Rabinalto;14/09/2021 9:00;9.762000084
Rabinalto;14/09/2021 10:00;10.33199978
Rabinalto;14/09/2021 11:00;10.92889977
Rabinalto;14/09/2021 12:00;11.31620026
Rabinalto;14/09/2021 13:00;12.05319977
Rabinalto;14/09/2021 14:00;12.72579956
Rabinalto;14/09/2021 15:00;12.65579987
Rabinalto;14/09/2021 16:00;12.67199993
Rabinalto;14/09/2021 17:00;12.34910011
Rabinalto;14/09/2021 18:00;11.89719963
Rabinalto;14/09/2021 19:00;11.3107996
Rabinalto;14/09/2021 20:00;10.85359955
Rabinalto;14/09/2021 21:00;10.63850021
Rabinalto;14/09/2021 22:00;10.52019978
Rabinalto;14/09/2021 23:00;10.34809971
Rabinalto;15/09/2021 0:00;10.25129986
Rabinalto;15/09/2021 1:00;10.1814003
Rabinalto;15/09/2021 2:00;9.875
Rabinalto;15/09/2021 3:00;9.885700226
Rabinalto;15/09/2021 4:00;9.842700005
Rabinalto;15/09/2021 5:00;9.670599937
Rabinalto;15/09/2021 6:00;9.568499565
Rabinalto;15/09/2021 7:00;9.057800293
Rabinalto;15/09/2021 8:00;8.896499634
Rabinalto;15/09/2021 9:00;9.439499855
Rabinalto;15/09/2021 10:00;11.14949989
Rabinalto;15/09/2021 11:00;13.25860023
Rabinalto;15/09/2021 12:00;13.79679966
Rabinalto;15/09/2021 13:00;13.14019966
Rabinalto;15/09/2021 14:00;12.87110043
Rabinalto;15/09/2021 15:00;13.81840038
Rabinalto;15/09/2021 16:00;13.88300037
Rabinalto;15/09/2021 17:00;12.54279995
Rabinalto;15/09/2021 18:00;11.96170044
Rabinalto;15/09/2021 19:00;11.76270008
Rabinalto;15/09/2021 20:00;11.17640018
Rabinalto;15/09/2021 21:00;10.78909969
Rabinalto;15/09/2021 22:00;10.55249977
Rabinalto;15/09/2021 23:00;10.33199978
Rabinalto;16/09/2021 0:00;10.15989971
Rabinalto;16/09/2021 1:00;9.955599785
Rabinalto;16/09/2021 2:00;9.713700294
Rabinalto;16/09/2021 3:00;9.552399635
Rabinalto;16/09/2021 4:00;9.466400146
Rabinalto;16/09/2021 5:00;8.896499634
Rabinalto;16/09/2021 6:00;8.660099983
Rabinalto;16/09/2021 7:00;8.557900429
Rabinalto;16/09/2021 8:00;8.20320034
Rabinalto;16/09/2021 9:00;9.337300301
Rabinalto;16/09/2021 10:00;11.18710041
Rabinalto;16/09/2021 11:00;12.4406004
Rabinalto;16/09/2021 12:00;13.85070038
Rabinalto;16/09/2021 13:00;16.67790031
Rabinalto;16/09/2021 14:00;16.46780014
Rabinalto;16/09/2021 15:00;15.44439983
Rabinalto;16/09/2021 16:00;17.27599907
Rabinalto;16/09/2021 17:00;16.09079933
Rabinalto;16/09/2021 18:00;15.26669979
Rabinalto;16/09/2021 19:00;13.58689976
Rabinalto;16/09/2021 20:00;12.11240005
Rabinalto;16/09/2021 21:00;11.19250011
Rabinalto;16/09/2021 22:00;10.64929962
Rabinalto;16/09/2021 23:00;10.20289993
Rabinalto;17/09/2021 0:00;9.675999641
Rabinalto;17/09/2021 1:00;9.256699562
Rabinalto;17/09/2021 2:00;8.821299553
Rabinalto;17/09/2021 3:00;8.498800278
Rabinalto;17/09/2021 4:00;8.20320034
Rabinalto;17/09/2021 5:00;7.837800026
Rabinalto;17/09/2021 6:00;7.574500084
Rabinalto;17/09/2021 7:00;7.311299801
Rabinalto;17/09/2021 8:00;7.397200108
Rabinalto;17/09/2021 9:00;8.025899887
Rabinalto;17/09/2021 10:00;9.111599922
Rabinalto;17/09/2021 11:00;10.71920013
Rabinalto;17/09/2021 12:00;12.59659958
Rabinalto;17/09/2021 13:00;14.31900024
Rabinalto;17/09/2021 14:00;16.25769997
Rabinalto;17/09/2021 15:00;17.5401001
Rabinalto;17/09/2021 16:00;15.37979984
Rabinalto;17/09/2021 17:00;12.75809956
Rabinalto;17/09/2021 18:00;12.65579987
Rabinalto;17/09/2021 19:00;12.08549976
Rabinalto;17/09/2021 20:00;10.77299976
Rabinalto;17/09/2021 21:00;9.944800377
Rabinalto;17/09/2021 22:00;9.321200371
Rabinalto;17/09/2021 23:00;8.536399841
Rabinalto;18/09/2021 0:00;7.999000072
Rabinalto;18/09/2021 1:00;7.934500217
Rabinalto;18/09/2021 2:00;7.531599998
Rabinalto;18/09/2021 3:00;7.155499935
Rabinalto;18/09/2021 4:00;6.52699995
Rabinalto;18/09/2021 5:00;6.108099937
Rabinalto;18/09/2021 6:00;5.828800201
Rabinalto;18/09/2021 7:00;5.597899914
Rabinalto;18/09/2021 8:00;5.571000099
Rabinalto;18/09/2021 9:00;6.236899853
Rabinalto;18/09/2021 10:00;7.026500225
Rabinalto;18/09/2021 11:00;8.735300064
Rabinalto;18/09/2021 12:00;9.659899712
Rabinalto;18/09/2021 13:00;11.0795002
Rabinalto;18/09/2021 14:00;11.32159996
Rabinalto;18/09/2021 15:00;11.17640018
Rabinalto;18/09/2021 16:00;10.93430042
Rabinalto;18/09/2021 17:00;11.03110027
Rabinalto;18/09/2021 18:00;10.00399971
Rabinalto;18/09/2021 19:00;9.149200439
Rabinalto;18/09/2021 20:00;8.488100052
Rabinalto;18/09/2021 21:00;7.945300102
Rabinalto;18/09/2021 22:00;7.05880022
Rabinalto;18/09/2021 23:00;6.645199776
Rabinalto;19/09/2021 0:00;6.199399948
Rabinalto;19/09/2021 1:00;5.914700031
Rabinalto;19/09/2021 2:00;5.67840004
Rabinalto;19/09/2021 3:00;5.479800224
Rabinalto;19/09/2021 4:00;5.393799782
Rabinalto;19/09/2021 5:00;5.619400024
Rabinalto;19/09/2021 6:00;5.694499969
Rabinalto;19/09/2021 7:00;5.431399822
Rabinalto;19/09/2021 8:00;5.946899891
Rabinalto;19/09/2021 9:00;6.688099861
Rabinalto;19/09/2021 10:00;7.526199818
Rabinalto;19/09/2021 11:00;9.595399857
Rabinalto;19/09/2021 12:00;11.68739986
Rabinalto;19/09/2021 13:00;13.92059994
Rabinalto;19/09/2021 14:00;14.9435997
Rabinalto;19/09/2021 15:00;14.11439991
Rabinalto;19/09/2021 16:00;13.20479965
Rabinalto;19/09/2021 17:00;12.50520039
Rabinalto;19/09/2021 18:00;12.19309998
Rabinalto;19/09/2021 19:00;11.10639954
Rabinalto;19/09/2021 20:00;9.788900375
Rabinalto;19/09/2021 21:00;9.176099777
Rabinalto;19/09/2021 22:00;8.998700142
Rabinalto;19/09/2021 23:00;8.805199623
Rabinalto;20/09/2021 0:00;8.488100052
Rabinalto;20/09/2021 1:00;8.256999969
Rabinalto;20/09/2021 2:00;7.896900177
Rabinalto;20/09/2021 3:00;7.59070015
Rabinalto;20/09/2021 4:00;7.193099976
Rabinalto;20/09/2021 5:00;7.241399765
Rabinalto;20/09/2021 6:00;7.031899929
Rabinalto;20/09/2021 7:00;6.913700104
Rabinalto;20/09/2021 8:00;6.946000099
Rabinalto;20/09/2021 9:00;6.988900185
Rabinalto;20/09/2021 10:00;7.391900063
Rabinalto;20/09/2021 11:00;8.466600418
Rabinalto;20/09/2021 12:00;9.966400146
Rabinalto;20/09/2021 13:00;11.23550034
Rabinalto;20/09/2021 14:00;11.88099957
Rabinalto;20/09/2021 15:00;10.53629971
Rabinalto;20/09/2021 16:00;10.58469963
Rabinalto;20/09/2021 17:00;9.718999863
Rabinalto;20/09/2021 18:00;8.869700432
Rabinalto;20/09/2021 19:00;8.11190033
Rabinalto;20/09/2021 20:00;7.515399933
Rabinalto;20/09/2021 21:00;7.193099976
Rabinalto;20/09/2021 22:00;6.827799797
Rabinalto;20/09/2021 23:00;6.500100136
Rabinalto;21/09/2021 0:00;6.440999985
Rabinalto;21/09/2021 1:00;6.360499859
Rabinalto;21/09/2021 2:00;6.086599827
Rabinalto;21/09/2021 3:00;5.533400059
Rabinalto;21/09/2021 4:00;5.404600143
Rabinalto;21/09/2021 5:00;5.216700077
Rabinalto;21/09/2021 6:00;5.012599945
Rabinalto;21/09/2021 7:00;4.985799789
Rabinalto;21/09/2021 8:00;4.781799793
Rabinalto;21/09/2021 9:00;4.873000145
Rabinalto;21/09/2021 10:00;5.705299854
Rabinalto;21/09/2021 11:00;7.101799965
Rabinalto;21/09/2021 12:00;8.751399994
Rabinalto;21/09/2021 13:00;10.46640015
Rabinalto;21/09/2021 14:00;11.66049957
Rabinalto;21/09/2021 15:00;11.12790012
Rabinalto;21/09/2021 16:00;11.42920017
Rabinalto;21/09/2021 17:00;10.33740044
Rabinalto;21/09/2021 18:00;9.821200371
Rabinalto;21/09/2021 19:00;8.896499634
Rabinalto;21/09/2021 20:00;8.085000038
Rabinalto;21/09/2021 21:00;7.69810009
Rabinalto;21/09/2021 22:00;7.413400173
Rabinalto;21/09/2021 23:00;6.768700123
Rabinalto;22/09/2021 0:00;6.790200233
Rabinalto;22/09/2021 1:00;6.924499989
Rabinalto;22/09/2021 2:00;6.816999912
Rabinalto;22/09/2021 3:00;6.736499786
Rabinalto;22/09/2021 4:00;6.747200012
Rabinalto;22/09/2021 5:00;6.671999931
Rabinalto;22/09/2021 6:00;6.645199776
Rabinalto;22/09/2021 7:00;6.575300217
Rabinalto;22/09/2021 8:00;6.478600025
Rabinalto;22/09/2021 9:00;6.602200031
Rabinalto;22/09/2021 10:00;6.715000153
Rabinalto;22/09/2021 11:00;7.800199986
Rabinalto;22/09/2021 12:00;8.466600418
Rabinalto;22/09/2021 13:00;9.337300301
Rabinalto;22/09/2021 14:00;9.073900223
Rabinalto;22/09/2021 15:00;10.0255003
Rabinalto;22/09/2021 16:00;9.944800377
Rabinalto;22/09/2021 17:00;9.708299637
Rabinalto;22/09/2021 18:00;9.337300301
Rabinalto;22/09/2021 19:00;8.794400215
Rabinalto;22/09/2021 20:00;8.181699753
Rabinalto;22/09/2021 21:00;7.493899822
Rabinalto;22/09/2021 22:00;7.499300003
Rabinalto;22/09/2021 23:00;7.370399952
Rabinalto;23/09/2021 0:00;7.391900063
Rabinalto;23/09/2021 1:00;7.16079998
Rabinalto;23/09/2021 2:00;6.623700142
Rabinalto;23/09/2021 3:00;6.274499893
Rabinalto;23/09/2021 4:00;5.968400002
Rabinalto;23/09/2021 5:00;5.726799965
Rabinalto;23/09/2021 6:00;5.571000099
Rabinalto;23/09/2021 7:00;5.447500229
Rabinalto;23/09/2021 8:00;5.447500229
Rabinalto;23/09/2021 9:00;5.952300072
Rabinalto;23/09/2021 10:00;7.042699814
Rabinalto;23/09/2021 11:00;8.649299622
Rabinalto;23/09/2021 12:00;10.76220036
Rabinalto;23/09/2021 13:00;13.03789997
Rabinalto;23/09/2021 14:00;14.74440002
Rabinalto;23/09/2021 15:00;15.2020998
Rabinalto;23/09/2021 16:00;14.51280022
Rabinalto;23/09/2021 17:00;13.86680031
Rabinalto;23/09/2021 18:00;12.50520039
Rabinalto;23/09/2021 19:00;11.03649998
Rabinalto;23/09/2021 20:00;9.799699783
Rabinalto;23/09/2021 21:00;9.095399857
Rabinalto;23/09/2021 22:00;8.638600349
Rabinalto;23/09/2021 23:00;8.402099609
Rabinalto;24/09/2021 0:00;8.294599533
Rabinalto;24/09/2021 1:00;8.595600128
Rabinalto;24/09/2021 2:00;8.697699547
Rabinalto;24/09/2021 3:00;8.703000069
Rabinalto;24/09/2021 4:00;8.686900139
Rabinalto;24/09/2021 5:00;8.606300354
Rabinalto;24/09/2021 6:00;8.590200424
Rabinalto;24/09/2021 7:00;8.541799545
Rabinalto;24/09/2021 8:00;8.552599907
Rabinalto;24/09/2021 9:00;8.778300285
Rabinalto;24/09/2021 10:00;9.041700363
Rabinalto;24/09/2021 11:00;8.85890007
Rabinalto;24/09/2021 12:00;10.08460045
Rabinalto;24/09/2021 13:00;11.0848999
Rabinalto;24/09/2021 14:00;12.65579987
Rabinalto;24/09/2021 15:00;12.52670002
Rabinalto;24/09/2021 16:00;12.48900032
Rabinalto;24/09/2021 17:00;10.95049953
Rabinalto;24/09/2021 18:00;10.87520027
Rabinalto;24/09/2021 19:00;10.13840008
Rabinalto;24/09/2021 20:00;9.762000084
Rabinalto;24/09/2021 21:00;9.466400146
Rabinalto;24/09/2021 22:00;9.186800003
Rabinalto;24/09/2021 23:00;9.219099998
Rabinalto;25/09/2021 0:00;9.143799782
Rabinalto;25/09/2021 1:00;9.030900002
Rabinalto;25/09/2021 2:00;8.875
Rabinalto;25/09/2021 3:00;8.337599754
Rabinalto;25/09/2021 4:00;7.671299934
Rabinalto;25/09/2021 5:00;7.246799946
Rabinalto;25/09/2021 6:00;7.66050005
Rabinalto;25/09/2021 7:00;7.805600166
Rabinalto;25/09/2021 8:00;7.88079977
Rabinalto;25/09/2021 9:00;8.133399963
Rabinalto;25/09/2021 10:00;9.170700073
Rabinalto;25/09/2021 11:00;10.02009964
Rabinalto;25/09/2021 12:00;9.89109993
Rabinalto;25/09/2021 13:00;9.665300369
Rabinalto;25/09/2021 14:00;9.251299858
Rabinalto;25/09/2021 15:00;9.455599785
Rabinalto;25/09/2021 16:00;9.358799934
Rabinalto;25/09/2021 17:00;9.633000374
Rabinalto;25/09/2021 18:00;9.342700005
Rabinalto;25/09/2021 19:00;8.719200134
Rabinalto;25/09/2021 20:00;8.310700417
Rabinalto;25/09/2021 21:00;8.079600334
Rabinalto;25/09/2021 22:00;7.950699806
Rabinalto;25/09/2021 23:00;7.778699875
Rabinalto;26/09/2021 0:00;7.617499828
Rabinalto;26/09/2021 1:00;7.386499882
Rabinalto;26/09/2021 2:00;7.381100178
Rabinalto;26/09/2021 3:00;7.273700237
Rabinalto;26/09/2021 4:00;7.209199905
Rabinalto;26/09/2021 5:00;7.150100231
Rabinalto;26/09/2021 6:00;6.978199959
Rabinalto;26/09/2021 7:00;6.811699867
Rabinalto;26/09/2021 8:00;6.913700104
Rabinalto;26/09/2021 9:00;7.461699963
Rabinalto;26/09/2021 10:00;8.11190033
Rabinalto;26/09/2021 11:00;9.090100288
Rabinalto;26/09/2021 12:00;10.68150043
Rabinalto;26/09/2021 13:00;11.92409992
Rabinalto;26/09/2021 14:00;13.02180004
Rabinalto;26/09/2021 15:00;13.09710026
Rabinalto;26/09/2021 16:00;12.99489975
Rabinalto;26/09/2021 17:00;12.6505003
Rabinalto;26/09/2021 18:00;11.66590023
Rabinalto;26/09/2021 19:00;10.87520027
Rabinalto;26/09/2021 20:00;10.24600029
Rabinalto;26/09/2021 21:00;9.875
Rabinalto;26/09/2021 22:00;9.380299568
Rabinalto;26/09/2021 23:00;8.762200356
Rabinalto;27/09/2021 0:00;8.536399841
Rabinalto;27/09/2021 1:00;8.418199539
Rabinalto;27/09/2021 2:00;8.170999527
Rabinalto;27/09/2021 3:00;7.950699806
Rabinalto;27/09/2021 4:00;7.961400032
Rabinalto;27/09/2021 5:00;7.972199917
Rabinalto;27/09/2021 6:00;8.165599823
Rabinalto;27/09/2021 7:00;8.149499893
Rabinalto;27/09/2021 8:00;8.181699753
Rabinalto;27/09/2021 9:00;8.719200134
Rabinalto;27/09/2021 10:00;9.149200439
Rabinalto;27/09/2021 11:00;10.2191
Rabinalto;27/09/2021 12:00;10.86439991
Rabinalto;27/09/2021 13:00;11.54209995
Rabinalto;27/09/2021 14:00;12.6505003
Rabinalto;27/09/2021 15:00;13.07559967
Rabinalto;27/09/2021 16:00;13.1239996
Rabinalto;27/09/2021 17:00;12.20390034
Rabinalto;27/09/2021 18:00;11.36999989
Rabinalto;27/09/2021 19:00;9.998600006
Rabinalto;27/09/2021 20:00;9.009400368
Rabinalto;27/09/2021 21:00;8.450400352
Rabinalto;27/09/2021 22:00;8.197899818
Rabinalto;27/09/2021 23:00;8.041999817
Rabinalto;28/09/2021 0:00;7.671299934
Rabinalto;28/09/2021 1:00;7.633600235
Rabinalto;28/09/2021 2:00;7.499300003
Rabinalto;28/09/2021 3:00;7.816299915
Rabinalto;28/09/2021 4:00;8.079600334
Rabinalto;28/09/2021 5:00;8.149499893
Rabinalto;28/09/2021 6:00;8.031299591
Rabinalto;28/09/2021 7:00;8.009799957
Rabinalto;28/09/2021 8:00;8.025899887
Rabinalto;28/09/2021 9:00;8.181699753
Rabinalto;28/09/2021 10:00;8.923399925
Rabinalto;28/09/2021 11:00;10.31589985
Rabinalto;28/09/2021 12:00;11.4076004
Rabinalto;28/09/2021 13:00;13.41469955
Rabinalto;28/09/2021 14:00;14.4052
Rabinalto;28/09/2021 15:00;14.60980034
Rabinalto;28/09/2021 16:00;13.56540012
Rabinalto;28/09/2021 17:00;12.72579956
Rabinalto;28/09/2021 18:00;12.00479984
Rabinalto;28/09/2021 19:00;10.90200043
Rabinalto;28/09/2021 20:00;9.697500229
Rabinalto;28/09/2021 21:00;8.611700058
Rabinalto;28/09/2021 22:00;7.762599945
Rabinalto;28/09/2021 23:00;7.05340004
Rabinalto;29/09/2021 0:00;6.698900223
Rabinalto;29/09/2021 1:00;6.55919981
Rabinalto;29/09/2021 2:00;6.424900055
Rabinalto;29/09/2021 3:00;6.188600063
Rabinalto;29/09/2021 4:00;6.048999786
Rabinalto;29/09/2021 5:00;6.167099953
Rabinalto;29/09/2021 6:00;6.360499859
Rabinalto;29/09/2021 7:00;6.414199829
Rabinalto;29/09/2021 8:00;6.494800091
Rabinalto;29/09/2021 9:00;6.806300163
Rabinalto;29/09/2021 10:00;6.978199959
Rabinalto;29/09/2021 11:00;7.950699806
Rabinalto;29/09/2021 12:00;10.04160023
Rabinalto;29/09/2021 13:00;12.11779976
Rabinalto;29/09/2021 14:00;13.39850044
Rabinalto;29/09/2021 15:00;13.43080044
Rabinalto;29/09/2021 16:00;13.27470016
Rabinalto;29/09/2021 17:00;13.16709995
Rabinalto;29/09/2021 18:00;12.20919991
Rabinalto;29/09/2021 19:00;11.18169975
Rabinalto;29/09/2021 20:00;9.772800446
Rabinalto;29/09/2021 21:00;8.783699989
Rabinalto;29/09/2021 22:00;8.149499893
Rabinalto;29/09/2021 23:00;7.703499794
Rabinalto;30/09/2021 0:00;7.531599998
Rabinalto;30/09/2021 1:00;7.370399952
Rabinalto;30/09/2021 2:00;7.193099976
Rabinalto;30/09/2021 3:00;7.101799965
Rabinalto;30/09/2021 4:00;6.816999912
Rabinalto;30/09/2021 5:00;6.59679985
Rabinalto;30/09/2021 6:00;6.333600044
Rabinalto;30/09/2021 7:00;5.979199886
Rabinalto;30/09/2021 8:00;5.844900131
Rabinalto;30/09/2021 9:00;6.193999767
Rabinalto;30/09/2021 10:00;6.96750021
Rabinalto;30/09/2021 11:00;8.208600044
Rabinalto;30/09/2021 12:00;10.27280045
Rabinalto;30/09/2021 13:00;12.18229961
Rabinalto;30/09/2021 14:00;13.45769978
Rabinalto;30/09/2021 15:00;13.92599964
Rabinalto;30/09/2021 16:00;13.03250027
Rabinalto;30/09/2021 17:00;11.63899994
Rabinalto;30/09/2021 18:00;10.43949986
Rabinalto;30/09/2021 19:00;9.563099861
Rabinalto;30/09/2021 20:00;8.756799698
Rabinalto;30/09/2021 21:00;8.235500336
Rabinalto;30/09/2021 22:00;7.816299915
Rabinalto;30/09/2021 23:00;7.585299969
Rabinalto;01/10/2021 0:00;7.370399952
Rabinalto;01/10/2021 1:00;7.150100231
Rabinalto;01/10/2021 2:00;7.139400005
Rabinalto;01/10/2021 3:00;7.085599899
Rabinalto;01/10/2021 4:00;7.096399784
Rabinalto;01/10/2021 5:00;7.171599865
Rabinalto;01/10/2021 6:00;7.150100231
Rabinalto;01/10/2021 7:00;7.101799965
Rabinalto;01/10/2021 8:00;7.064199924
Rabinalto;01/10/2021 9:00;7.300499916
Rabinalto;01/10/2021 10:00;7.676599979
Rabinalto;01/10/2021 11:00;8.380599976
Rabinalto;01/10/2021 12:00;9.762000084
Rabinalto;01/10/2021 13:00;11.67660046
Rabinalto;01/10/2021 14:00;13.14019966
Rabinalto;01/10/2021 15:00;12.83339977
Rabinalto;01/10/2021 16:00;12.31680012
Rabinalto;01/10/2021 17:00;11.51519966
Rabinalto;01/10/2021 18:00;11.18169975
Rabinalto;01/10/2021 19:00;10.53100014
Rabinalto;01/10/2021 20:00;10.07390022
Rabinalto;01/10/2021 21:00;9.718999863
Rabinalto;01/10/2021 22:00;9.063199997
Rabinalto;01/10/2021 23:00;8.579400063
Rabinalto;02/10/2021 0:00;8.300000191
Rabinalto;02/10/2021 1:00;7.907700062
Rabinalto;02/10/2021 2:00;7.692699909
Rabinalto;02/10/2021 3:00;7.402599812
Rabinalto;02/10/2021 4:00;7.193099976
Rabinalto;02/10/2021 5:00;7.005099773
Rabinalto;02/10/2021 6:00;6.881499767
Rabinalto;02/10/2021 7:00;7.12319994
Rabinalto;02/10/2021 8:00;7.515399933
Rabinalto;02/10/2021 9:00;7.939899921
Rabinalto;02/10/2021 10:00;8.509599686
Rabinalto;02/10/2021 11:00;9.272800446
Rabinalto;02/10/2021 12:00;9.455599785
Rabinalto;02/10/2021 13:00;9.305100441
Rabinalto;02/10/2021 14:00;9.26210022
Rabinalto;02/10/2021 15:00;9.380299568
Rabinalto;02/10/2021 16:00;9.310500145
Rabinalto;02/10/2021 17:00;9.127699852
Rabinalto;02/10/2021 18:00;8.912699699
Rabinalto;02/10/2021 19:00;8.72990036
Rabinalto;02/10/2021 20:00;8.563300133
Rabinalto;02/10/2021 21:00;8.434300423
Rabinalto;02/10/2021 22:00;8.369799614
Rabinalto;02/10/2021 23:00;8.369799614
Rabinalto;03/10/2021 0:00;8.391300201
Rabinalto;03/10/2021 1:00;8.396699905
Rabinalto;03/10/2021 2:00;8.391300201
Rabinalto;03/10/2021 3:00;7.655099869
Rabinalto;03/10/2021 4:00;6.822400093
Rabinalto;03/10/2021 5:00;6.843900204
Rabinalto;03/10/2021 6:00;6.645199776
Rabinalto;03/10/2021 7:00;6.322899818
Rabinalto;03/10/2021 8:00;5.538799763
Rabinalto;03/10/2021 9:00;5.554900169
Rabinalto;03/10/2021 10:00;5.619400024
Rabinalto;03/10/2021 11:00;5.635499954
Rabinalto;03/10/2021 12:00;6.946000099
Rabinalto;03/10/2021 13:00;8.122599602
Rabinalto;03/10/2021 14:00;9.127699852
Rabinalto;03/10/2021 15:00;9.552399635
Rabinalto;03/10/2021 16:00;8.772899628
Rabinalto;03/10/2021 17:00;7.886199951
Rabinalto;03/10/2021 18:00;7.209199905
Rabinalto;03/10/2021 19:00;6.43569994
Rabinalto;03/10/2021 20:00;5.565700054
Rabinalto;03/10/2021 21:00;5.050199986
Rabinalto;03/10/2021 22:00;4.96969986
Rabinalto;03/10/2021 23:00;4.406000137
Rabinalto;04/10/2021 0:00;4.057099819
Rabinalto;04/10/2021 1:00;3.912199974
Rabinalto;04/10/2021 2:00;3.702899933
Rabinalto;04/10/2021 3:00;3.600899935
Rabinalto;04/10/2021 4:00;3.568700075
Rabinalto;04/10/2021 5:00;3.600899935
Rabinalto;04/10/2021 6:00;3.686800003
Rabinalto;04/10/2021 7:00;3.724400043
Rabinalto;04/10/2021 8:00;3.874599934
Rabinalto;04/10/2021 9:00;4.180600166
Rabinalto;04/10/2021 10:00;4.663700104
Rabinalto;04/10/2021 11:00;5.673099995
Rabinalto;04/10/2021 12:00;6.639800072
Rabinalto;04/10/2021 13:00;7.902299881
Rabinalto;04/10/2021 14:00;8.46119976
Rabinalto;04/10/2021 15:00;8.891200066
Rabinalto;04/10/2021 16:00;8.412799835
Rabinalto;04/10/2021 17:00;7.977499962
Rabinalto;04/10/2021 18:00;7.493899822
Rabinalto;04/10/2021 19:00;6.54309988
Rabinalto;04/10/2021 20:00;6.285299778
Rabinalto;04/10/2021 21:00;6.193999767
Rabinalto;04/10/2021 22:00;6.113399982
Rabinalto;04/10/2021 23:00;6.048999786
Rabinalto;05/10/2021 0:00;6.022099972
Rabinalto;05/10/2021 1:00;6.097300053
Rabinalto;05/10/2021 2:00;6.156400204
Rabinalto;05/10/2021 3:00;6.258399963
Rabinalto;05/10/2021 4:00;6.339000225
Rabinalto;05/10/2021 5:00;6.403399944
Rabinalto;05/10/2021 6:00;6.414199829
Rabinalto;05/10/2021 7:00;6.424900055
Rabinalto;05/10/2021 8:00;6.41960001
Rabinalto;05/10/2021 9:00;6.61289978
Rabinalto;05/10/2021 10:00;6.865399837
Rabinalto;05/10/2021 11:00;7.606800079
Rabinalto;05/10/2021 12:00;8.514900208
Rabinalto;05/10/2021 13:00;9.283599854
Rabinalto;05/10/2021 14:00;8.966400146
Rabinalto;05/10/2021 15:00;8.697699547
Rabinalto;05/10/2021 16:00;8.337599754
Rabinalto;05/10/2021 17:00;8.101099968
Rabinalto;05/10/2021 18:00;7.407999992
Rabinalto;05/10/2021 19:00;7.085599899
Rabinalto;05/10/2021 20:00;6.843900204
Rabinalto;05/10/2021 21:00;6.607600212
Rabinalto;05/10/2021 22:00;6.532400131
Rabinalto;05/10/2021 23:00;6.102700233
Rabinalto;06/10/2021 0:00;5.689199924
Rabinalto;06/10/2021 1:00;5.323999882
Rabinalto;06/10/2021 2:00;5.125400066
Rabinalto;06/10/2021 3:00;5.066299915
Rabinalto;06/10/2021 4:00;5.06099987
Rabinalto;06/10/2021 5:00;4.948200226
Rabinalto;06/10/2021 6:00;4.862299919
Rabinalto;06/10/2021 7:00;4.81400013
Rabinalto;06/10/2021 8:00;4.873000145
Rabinalto;06/10/2021 9:00;5.066299915
Rabinalto;06/10/2021 10:00;5.780499935
Rabinalto;06/10/2021 11:00;6.623700142
Rabinalto;06/10/2021 12:00;7.918399811
Rabinalto;06/10/2021 13:00;10.1814003
Rabinalto;06/10/2021 14:00;11.77880001
Rabinalto;06/10/2021 15:00;12.00479984
Rabinalto;06/10/2021 16:00;11.16559982
Rabinalto;06/10/2021 17:00;10.15450001
Rabinalto;06/10/2021 18:00;9.348099709
Rabinalto;06/10/2021 19:00;8.49339962
Rabinalto;06/10/2021 20:00;7.69810009
Rabinalto;06/10/2021 21:00;7.155499935
Rabinalto;06/10/2021 22:00;6.833199978
Rabinalto;06/10/2021 23:00;6.575300217
Rabinalto;07/10/2021 0:00;6.440999985
Rabinalto;07/10/2021 1:00;6.371200085
Rabinalto;07/10/2021 2:00;6.290699959
Rabinalto;07/10/2021 3:00;6.183199883
Rabinalto;07/10/2021 4:00;6.011400223
Rabinalto;07/10/2021 5:00;5.69990015
Rabinalto;07/10/2021 6:00;5.452899933
Rabinalto;07/10/2021 7:00;5.130700111
Rabinalto;07/10/2021 8:00;5.125400066
Rabinalto;07/10/2021 9:00;5.474400043
Rabinalto;07/10/2021 10:00;6.274499893
Rabinalto;07/10/2021 11:00;7.547699928
Rabinalto;07/10/2021 12:00;9.541600227
Rabinalto;07/10/2021 13:00;11.56359959
Rabinalto;07/10/2021 14:00;13.10249996
Rabinalto;07/10/2021 15:00;12.2414999
Rabinalto;07/10/2021 16:00;11.23009968
Rabinalto;07/10/2021 17:00;10.74069977
Rabinalto;07/10/2021 18:00;9.783599854
Rabinalto;07/10/2021 19:00;8.880399704
Rabinalto;07/10/2021 20:00;8.154899597
Rabinalto;07/10/2021 21:00;7.596000195
Rabinalto;07/10/2021 22:00;7.112500191
Rabinalto;07/10/2021 23:00;6.741799831
Rabinalto;08/10/2021 0:00;6.43569994
Rabinalto;08/10/2021 1:00;6.140299797
Rabinalto;08/10/2021 2:00;5.877099991
Rabinalto;08/10/2021 3:00;5.726799965
Rabinalto;08/10/2021 4:00;5.640799999
Rabinalto;08/10/2021 5:00;5.479800224
Rabinalto;08/10/2021 6:00;5.356299877
Rabinalto;08/10/2021 7:00;5.173699856
Rabinalto;08/10/2021 8:00;5.066299915
Rabinalto;08/10/2021 9:00;5.345499992
Rabinalto;08/10/2021 10:00;6.118800163
Rabinalto;08/10/2021 11:00;7.375699997
Rabinalto;08/10/2021 12:00;9.380299568
Rabinalto;08/10/2021 13:00;11.45610046
Rabinalto;08/10/2021 14:00;12.86569977
Rabinalto;08/10/2021 15:00;13.11859989
Rabinalto;08/10/2021 16:00;12.2361002
Rabinalto;08/10/2021 17:00;11.06879997
Rabinalto;08/10/2021 18:00;10.05780029
Rabinalto;08/10/2021 19:00;9.245900154
Rabinalto;08/10/2021 20:00;8.638600349
Rabinalto;08/10/2021 21:00;8.122599602
Rabinalto;08/10/2021 22:00;7.569200039
Rabinalto;08/10/2021 23:00;7.09100008
Rabinalto;09/10/2021 0:00;6.768700123
Rabinalto;09/10/2021 1:00;6.478600025
Rabinalto;09/10/2021 2:00;6.328299999
Rabinalto;09/10/2021 3:00;6.151000023
Rabinalto;09/10/2021 4:00;5.952300072
Rabinalto;09/10/2021 5:00;5.753600121
Rabinalto;09/10/2021 6:00;5.565700054
Rabinalto;09/10/2021 7:00;5.517300129
Rabinalto;09/10/2021 8:00;5.528100014
Rabinalto;09/10/2021 9:00;5.995299816
Rabinalto;09/10/2021 10:00;6.45720005
Rabinalto;09/10/2021 11:00;7.381100178
Rabinalto;09/10/2021 12:00;9.036299706
Rabinalto;09/10/2021 13:00;10.85359955
Rabinalto;09/10/2021 14:00;11.85410023
Rabinalto;09/10/2021 15:00;12.31680012
Rabinalto;09/10/2021 16:00;11.20860004
Rabinalto;09/10/2021 17:00;10.07929993
Rabinalto;09/10/2021 18:00;9.063199997
Rabinalto;09/10/2021 19:00;8.133399963
Rabinalto;09/10/2021 20:00;7.381100178
Rabinalto;09/10/2021 21:00;6.902999878
Rabinalto;09/10/2021 22:00;6.548500061
Rabinalto;09/10/2021 23:00;6.344399929
Rabinalto;10/10/2021 0:00;6.113399982
Rabinalto;10/10/2021 1:00;5.877099991
Rabinalto;10/10/2021 2:00;5.59250021
Rabinalto;10/10/2021 3:00;5.345499992
Rabinalto;10/10/2021 4:00;5.152200222
Rabinalto;10/10/2021 5:00;4.95359993
Rabinalto;10/10/2021 6:00;4.808599949
Rabinalto;10/10/2021 7:00;4.642199993
Rabinalto;10/10/2021 8:00;4.502600193
Rabinalto;10/10/2021 9:00;4.679800034
Rabinalto;10/10/2021 10:00;5.248899937
Rabinalto;10/10/2021 11:00;6.065100193
Rabinalto;10/10/2021 12:00;7.402599812
Rabinalto;10/10/2021 13:00;8.955699921
Rabinalto;10/10/2021 14:00;10.09000015
Rabinalto;10/10/2021 15:00;10.67619991
Rabinalto;10/10/2021 16:00;10.15450001
Rabinalto;10/10/2021 17:00;9.799699783
Rabinalto;10/10/2021 18:00;8.568699837
Rabinalto;10/10/2021 19:00;7.552999973
Rabinalto;10/10/2021 20:00;6.946000099
Rabinalto;10/10/2021 21:00;6.570000172
Rabinalto;10/10/2021 22:00;6.226200104
Rabinalto;10/10/2021 23:00;5.834199905
Rabinalto;11/10/2021 0:00;5.463600159
Rabinalto;11/10/2021 1:00;5.227399826
Rabinalto;11/10/2021 2:00;5.012599945
Rabinalto;11/10/2021 3:00;4.760300159
Rabinalto;11/10/2021 4:00;4.513400078
Rabinalto;11/10/2021 5:00;4.282599926
Rabinalto;11/10/2021 6:00;4.169799805
Rabinalto;11/10/2021 7:00;4.035699844
Rabinalto;11/10/2021 8:00;3.912199974
Rabinalto;11/10/2021 9:00;4.11619997
Rabinalto;11/10/2021 10:00;4.9375
Rabinalto;11/10/2021 11:00;5.871799946
Rabinalto;11/10/2021 12:00;7.64440012
Rabinalto;11/10/2021 13:00;9.595399857
Rabinalto;11/10/2021 14:00;10.87520027
Rabinalto;11/10/2021 15:00;11.21940041
Rabinalto;11/10/2021 16:00;10.42339993
Rabinalto;11/10/2021 17:00;10.16530037
Rabinalto;11/10/2021 18:00;9.310500145
Rabinalto;11/10/2021 19:00;7.988299847
Rabinalto;11/10/2021 20:00;7.015799999
Rabinalto;11/10/2021 21:00;6.446400166
Rabinalto;11/10/2021 22:00;5.914700031
Rabinalto;11/10/2021 23:00;5.506599903
Rabinalto;12/10/2021 0:00;5.039500237
Rabinalto;12/10/2021 1:00;5.001900196
Rabinalto;12/10/2021 2:00;4.754899979
Rabinalto;12/10/2021 3:00;4.438199997
Rabinalto;12/10/2021 4:00;4.1322999
Rabinalto;12/10/2021 5:00;3.847800016
Rabinalto;12/10/2021 6:00;3.622400045
Rabinalto;12/10/2021 7:00;3.397000074
Rabinalto;12/10/2021 8:00;3.203799963
Rabinalto;12/10/2021 9:00;3.71359992
Rabinalto;12/10/2021 10:00;4.475800037
Rabinalto;12/10/2021 11:00;5.59250021
Rabinalto;12/10/2021 12:00;7.456299782
Rabinalto;12/10/2021 13:00;9.450200081
Rabinalto;12/10/2021 14:00;10.76760006
Rabinalto;12/10/2021 15:00;10.90740013
Rabinalto;12/10/2021 16:00;9.923299789
Rabinalto;12/10/2021 17:00;8.891200066
Rabinalto;12/10/2021 18:00;7.923799992
Rabinalto;12/10/2021 19:00;7.026500225
Rabinalto;12/10/2021 20:00;6.371200085
Rabinalto;12/10/2021 21:00;5.882500172
Rabinalto;12/10/2021 22:00;5.560299873
Rabinalto;12/10/2021 23:00;5.404600143
Rabinalto;13/10/2021 0:00;5.259600163
Rabinalto;13/10/2021 1:00;4.878399849
Rabinalto;13/10/2021 2:00;4.545599937
Rabinalto;13/10/2021 3:00;4.347000122
Rabinalto;13/10/2021 4:00;4.228899956
Rabinalto;13/10/2021 5:00;4.105400085
Rabinalto;13/10/2021 6:00;3.982000113
Rabinalto;13/10/2021 7:00;3.917599916
Rabinalto;13/10/2021 8:00;3.896100044
Rabinalto;13/10/2021 9:00;4.266499996
Rabinalto;13/10/2021 10:00;4.95359993
Rabinalto;13/10/2021 11:00;5.973800182
Rabinalto;13/10/2021 12:00;7.66590023
Rabinalto;13/10/2021 13:00;9.729800224
Rabinalto;13/10/2021 14:00;10.91819954
Rabinalto;13/10/2021 15:00;11.00419998
Rabinalto;13/10/2021 16:00;10.12230015
Rabinalto;13/10/2021 17:00;9.095399857
Rabinalto;13/10/2021 18:00;8.154899597
Rabinalto;13/10/2021 19:00;7.246799946
Rabinalto;13/10/2021 20:00;6.52699995
Rabinalto;13/10/2021 21:00;6.226200104
Rabinalto;13/10/2021 22:00;5.898600101
Rabinalto;13/10/2021 23:00;5.576399803
Rabinalto;14/10/2021 0:00;5.356299877
Rabinalto;14/10/2021 1:00;4.996500015
Rabinalto;14/10/2021 2:00;4.631499767
Rabinalto;14/10/2021 3:00;4.261099815
Rabinalto;14/10/2021 4:00;4.143000126
Rabinalto;14/10/2021 5:00;4.105400085
Rabinalto;14/10/2021 6:00;4.202000141
Rabinalto;14/10/2021 7:00;4.04640007
Rabinalto;14/10/2021 8:00;4.14839983
Rabinalto;14/10/2021 9:00;4.384500027
Rabinalto;14/10/2021 10:00;4.910600185
Rabinalto;14/10/2021 11:00;5.903999805
Rabinalto;14/10/2021 12:00;7.62830019
Rabinalto;14/10/2021 13:00;9.557700157
Rabinalto;14/10/2021 14:00;10.76220036
Rabinalto;14/10/2021 15:00;10.96119976
Rabinalto;14/10/2021 16:00;10.51480007
Rabinalto;14/10/2021 17:00;9.85340023
Rabinalto;14/10/2021 18:00;8.966400146
Rabinalto;14/10/2021 19:00;7.934500217
Rabinalto;14/10/2021 20:00;6.902999878
Rabinalto;14/10/2021 21:00;6.177899837
Rabinalto;14/10/2021 22:00;5.528100014
Rabinalto;14/10/2021 23:00;5.146900177
Rabinalto;15/10/2021 0:00;4.824699879
Rabinalto;15/10/2021 1:00;4.540200233
Rabinalto;15/10/2021 2:00;4.438199997
Rabinalto;15/10/2021 3:00;4.277200222
Rabinalto;15/10/2021 4:00;3.9927001
Rabinalto;15/10/2021 5:00;4.019599915
Rabinalto;15/10/2021 6:00;4.04640007
Rabinalto;15/10/2021 7:00;4.067900181
Rabinalto;15/10/2021 8:00;3.976599932
Rabinalto;15/10/2021 9:00;4.271800041
Rabinalto;15/10/2021 10:00;4.910600185
Rabinalto;15/10/2021 11:00;6.204699993
Rabinalto;15/10/2021 12:00;7.574500084
Rabinalto;15/10/2021 13:00;9.192199707
Rabinalto;15/10/2021 14:00;10.31589985
Rabinalto;15/10/2021 15:00;10.33199978
Rabinalto;15/10/2021 16:00;9.294300079
Rabinalto;15/10/2021 17:00;8.369799614
Rabinalto;15/10/2021 18:00;7.955999851
Rabinalto;15/10/2021 19:00;7.09100008
Rabinalto;15/10/2021 20:00;6.328299999
Rabinalto;15/10/2021 21:00;5.973800182
Rabinalto;15/10/2021 22:00;5.673099995
Rabinalto;15/10/2021 23:00;5.495900154
Rabinalto;16/10/2021 0:00;5.383100033
Rabinalto;16/10/2021 1:00;5.468999863
Rabinalto;16/10/2021 2:00;5.528100014
Rabinalto;16/10/2021 3:00;5.758999825
Rabinalto;16/10/2021 4:00;5.882500172
Rabinalto;16/10/2021 5:00;5.930799961
Rabinalto;16/10/2021 6:00;5.887899876
Rabinalto;16/10/2021 7:00;5.930799961
Rabinalto;16/10/2021 8:00;6.022099972
Rabinalto;16/10/2021 9:00;6.50549984
Rabinalto;16/10/2021 10:00;6.779399872
Rabinalto;16/10/2021 11:00;7.332799911
Rabinalto;16/10/2021 12:00;8.133399963
Rabinalto;16/10/2021 13:00;9.498600006
Rabinalto;16/10/2021 14:00;9.998600006
Rabinalto;16/10/2021 15:00;9.600799561
Rabinalto;16/10/2021 16:00;9.321200371
Rabinalto;16/10/2021 17:00;8.724499702
Rabinalto;16/10/2021 18:00;8.122599602
Rabinalto;16/10/2021 19:00;7.488599777
Rabinalto;16/10/2021 20:00;7.257599831
Rabinalto;16/10/2021 21:00;7.316599846
Rabinalto;16/10/2021 22:00;7.236100197
Rabinalto;16/10/2021 23:00;7.166200161
Rabinalto;17/10/2021 0:00;7.16079998
Rabinalto;17/10/2021 1:00;7.155499935
Rabinalto;17/10/2021 2:00;6.978199959
Rabinalto;17/10/2021 3:00;6.827799797
Rabinalto;17/10/2021 4:00;6.736499786
Rabinalto;17/10/2021 5:00;6.48939991
Rabinalto;17/10/2021 6:00;6.086599827
Rabinalto;17/10/2021 7:00;6.210100174
Rabinalto;17/10/2021 8:00;5.780499935
Rabinalto;17/10/2021 9:00;5.452899933
Rabinalto;17/10/2021 10:00;5.640799999
Rabinalto;17/10/2021 11:00;6.919099808
Rabinalto;17/10/2021 12:00;8.154899597
Rabinalto;17/10/2021 13:00;9.616900444
Rabinalto;17/10/2021 14:00;10.98810005
Rabinalto;17/10/2021 15:00;10.52560043
Rabinalto;17/10/2021 16:00;9.880299568
Rabinalto;17/10/2021 17:00;8.912699699
Rabinalto;17/10/2021 18:00;8.230099678
Rabinalto;17/10/2021 19:00;7.451000214
Rabinalto;17/10/2021 20:00;6.795599937
Rabinalto;17/10/2021 21:00;6.317500114
Rabinalto;17/10/2021 22:00;6.392700195
Rabinalto;17/10/2021 23:00;6.591400146
Rabinalto;18/10/2021 0:00;6.715000153
Rabinalto;18/10/2021 1:00;6.892199993
Rabinalto;18/10/2021 2:00;6.978199959
Rabinalto;18/10/2021 3:00;6.876100063
Rabinalto;18/10/2021 4:00;7.370399952
Rabinalto;18/10/2021 5:00;7.687399864
Rabinalto;18/10/2021 6:00;7.907700062
Rabinalto;18/10/2021 7:00;8.090399742
Rabinalto;18/10/2021 8:00;8.165599823
Rabinalto;18/10/2021 9:00;8.445099831
Rabinalto;18/10/2021 10:00;9.030900002
Rabinalto;18/10/2021 11:00;9.48789978
Rabinalto;18/10/2021 12:00;10.96119976
Rabinalto;18/10/2021 13:00;12.2468996
Rabinalto;18/10/2021 14:00;13.10249996
Rabinalto;18/10/2021 15:00;12.77420044
Rabinalto;18/10/2021 16:00;12.72039986
Rabinalto;18/10/2021 17:00;12.2414999
Rabinalto;18/10/2021 18:00;11.17640018
Rabinalto;18/10/2021 19:00;10.04699993
Rabinalto;18/10/2021 20:00;9.380299568
Rabinalto;18/10/2021 21:00;9.068599701
Rabinalto;18/10/2021 22:00;8.805199623
Rabinalto;18/10/2021 23:00;8.654700279
Rabinalto;19/10/2021 0:00;8.584799767
Rabinalto;19/10/2021 1:00;8.638600349
Rabinalto;19/10/2021 2:00;8.273099899
Rabinalto;19/10/2021 3:00;7.81099987
Rabinalto;19/10/2021 4:00;7.853899956
Rabinalto;19/10/2021 5:00;7.977499962
Rabinalto;19/10/2021 6:00;8.025899887
Rabinalto;19/10/2021 7:00;8.0958004
Rabinalto;19/10/2021 8:00;8.219400406
Rabinalto;19/10/2021 9:00;8.676199913
Rabinalto;19/10/2021 10:00;9.815799713
Rabinalto;19/10/2021 11:00;11.27859974
Rabinalto;19/10/2021 12:00;12.79570007
Rabinalto;19/10/2021 13:00;13.58150005
Rabinalto;19/10/2021 14:00;13.05410004
Rabinalto;19/10/2021 15:00;13.02719975
Rabinalto;19/10/2021 16:00;12.93029976
Rabinalto;19/10/2021 17:00;12.6182003
Rabinalto;19/10/2021 18:00;11.81110001
Rabinalto;19/10/2021 19:00;10.86979961
Rabinalto;19/10/2021 20:00;9.998600006
Rabinalto;19/10/2021 21:00;9.708299637
Rabinalto;19/10/2021 22:00;9.697500229
Rabinalto;19/10/2021 23:00;9.686800003
Rabinalto;20/10/2021 0:00;9.611499786
Rabinalto;20/10/2021 1:00;9.52009964
Rabinalto;20/10/2021 2:00;9.315799713
Rabinalto;20/10/2021 3:00;9.047100067
Rabinalto;20/10/2021 4:00;8.907299995
Rabinalto;20/10/2021 5:00;8.660099983
Rabinalto;20/10/2021 6:00;8.482700348
Rabinalto;20/10/2021 7:00;8.300000191
Rabinalto;20/10/2021 8:00;8.208600044
Rabinalto;20/10/2021 9:00;8.439700127
Rabinalto;20/10/2021 10:00;8.772899628
Rabinalto;20/10/2021 11:00;9.052399635
Rabinalto;20/10/2021 12:00;9.509400368
Rabinalto;20/10/2021 13:00;9.934100151
Rabinalto;20/10/2021 14:00;10.32660007
Rabinalto;20/10/2021 15:00;10.12230015
Rabinalto;20/10/2021 16:00;9.794300079
Rabinalto;20/10/2021 17:00;9.116900444
Rabinalto;20/10/2021 18:00;8.46119976
Rabinalto;20/10/2021 19:00;7.896900177
Rabinalto;20/10/2021 20:00;7.322000027
Rabinalto;20/10/2021 21:00;7.241399765
Rabinalto;20/10/2021 22:00;7.225299835
Rabinalto;20/10/2021 23:00;7.187699795
Rabinalto;21/10/2021 0:00;7.05340004
Rabinalto;21/10/2021 1:00;6.951300144
Rabinalto;21/10/2021 2:00;6.43569994
Rabinalto;21/10/2021 3:00;5.930799961
Rabinalto;21/10/2021 4:00;5.791200161
Rabinalto;21/10/2021 5:00;5.458300114
Rabinalto;21/10/2021 6:00;5.093200207
Rabinalto;21/10/2021 7:00;4.604599953
Rabinalto;21/10/2021 8:00;4.255700111
Rabinalto;21/10/2021 9:00;4.02489996
Rabinalto;21/10/2021 10:00;4.137599945
Rabinalto;21/10/2021 11:00;4.534800053
Rabinalto;21/10/2021 12:00;6.215499878
Rabinalto;21/10/2021 13:00;7.338099957
Rabinalto;21/10/2021 14:00;8.38599968
Rabinalto;21/10/2021 15:00;8.402099609
Rabinalto;21/10/2021 16:00;7.977499962
Rabinalto;21/10/2021 17:00;7.563799858
Rabinalto;21/10/2021 18:00;7.440199852
Rabinalto;21/10/2021 19:00;6.510900021
Rabinalto;21/10/2021 20:00;5.415299892
Rabinalto;21/10/2021 21:00;4.722700119
Rabinalto;21/10/2021 22:00;4.352300167
Rabinalto;21/10/2021 23:00;4.475800037
Rabinalto;22/10/2021 0:00;4.384500027
Rabinalto;22/10/2021 1:00;4.427499771
Rabinalto;22/10/2021 2:00;4.282599926
Rabinalto;22/10/2021 3:00;3.901499987
Rabinalto;22/10/2021 4:00;3.976599932
Rabinalto;22/10/2021 5:00;4.04640007
Rabinalto;22/10/2021 6:00;4.040999889
Rabinalto;22/10/2021 7:00;3.987299919
Rabinalto;22/10/2021 8:00;3.933700085
Rabinalto;22/10/2021 9:00;4.303999901
Rabinalto;22/10/2021 10:00;4.89989996
Rabinalto;22/10/2021 11:00;5.581799984
Rabinalto;22/10/2021 12:00;6.725699902
Rabinalto;22/10/2021 13:00;7.741099834
Rabinalto;22/10/2021 14:00;8.18710041
Rabinalto;22/10/2021 15:00;7.73570013
Rabinalto;22/10/2021 16:00;7.171599865
Rabinalto;22/10/2021 17:00;7.262899876
Rabinalto;22/10/2021 18:00;7.359600067
Rabinalto;22/10/2021 19:00;6.263800144
Rabinalto;22/10/2021 20:00;5.146900177
Rabinalto;22/10/2021 21:00;4.776400089
Rabinalto;22/10/2021 22:00;4.459700108
Rabinalto;22/10/2021 23:00;4.282599926
Rabinalto;23/10/2021 0:00;3.95510006
Rabinalto;23/10/2021 1:00;3.633100033
Rabinalto;23/10/2021 2:00;3.295099974
Rabinalto;23/10/2021 3:00;2.978499889
Rabinalto;23/10/2021 4:00;2.672699928
Rabinalto;23/10/2021 5:00;2.393699884
Rabinalto;23/10/2021 6:00;2.130800009
Rabinalto;23/10/2021 7:00;1.894799948
Rabinalto;23/10/2021 8:00;1.653499961
Rabinalto;23/10/2021 9:00;1.497900009
Rabinalto;23/10/2021 10:00;1.540799975
Rabinalto;23/10/2021 11:00;1.755399942
Rabinalto;23/10/2021 12:00;2.393699884
Rabinalto;23/10/2021 13:00;4.406000137
Rabinalto;23/10/2021 14:00;6.752600193
Rabinalto;23/10/2021 15:00;7.02120018
Rabinalto;23/10/2021 16:00;6.548500061
Rabinalto;23/10/2021 17:00;6.279900074
Rabinalto;23/10/2021 18:00;5.323999882
Rabinalto;23/10/2021 19:00;4.647600174
Rabinalto;23/10/2021 20:00;4.10010004
Rabinalto;23/10/2021 21:00;3.912199974
Rabinalto;23/10/2021 22:00;3.745800018
Rabinalto;23/10/2021 23:00;3.499000072
Rabinalto;24/10/2021 0:00;3.241400003
Rabinalto;24/10/2021 1:00;2.973099947
Rabinalto;24/10/2021 2:00;2.898000002
Rabinalto;24/10/2021 3:00;2.774600029
Rabinalto;24/10/2021 4:00;2.651200056
Rabinalto;24/10/2021 5:00;2.565399885
Rabinalto;24/10/2021 6:00;2.47420001
Rabinalto;24/10/2021 7:00;2.40440011
Rabinalto;24/10/2021 8:00;2.297100067
Rabinalto;24/10/2021 9:00;2.243499994
Rabinalto;24/10/2021 10:00;2.323899984
Rabinalto;24/10/2021 11:00;2.720900059
Rabinalto;24/10/2021 12:00;4.14839983
Rabinalto;24/10/2021 13:00;6.591400146
Rabinalto;24/10/2021 14:00;7.708899975
Rabinalto;24/10/2021 15:00;8.810500145
Rabinalto;24/10/2021 16:00;8.595600128
Rabinalto;24/10/2021 17:00;8.170999527
Rabinalto;24/10/2021 18:00;7.601399899
Rabinalto;24/10/2021 19:00;6.843900204
Rabinalto;24/10/2021 20:00;6.365799904
Rabinalto;24/10/2021 21:00;6.097300053
Rabinalto;24/10/2021 22:00;5.764400005
Rabinalto;24/10/2021 23:00;5.640799999
Rabinalto;25/10/2021 0:00;4.74420023
Rabinalto;25/10/2021 1:00;4.073200226
Rabinalto;25/10/2021 2:00;3.654599905
Rabinalto;25/10/2021 3:00;3.391599894
Rabinalto;25/10/2021 4:00;3.279000044
Rabinalto;25/10/2021 5:00;3.09649992
Rabinalto;25/10/2021 6:00;2.94630003
Rabinalto;25/10/2021 7:00;2.812099934
Rabinalto;25/10/2021 8:00;2.694099903
Rabinalto;25/10/2021 9:00;2.683399916
Rabinalto;25/10/2021 10:00;2.812099934
Rabinalto;25/10/2021 11:00;3.305799961
Rabinalto;25/10/2021 12:00;5.109300137
Rabinalto;25/10/2021 13:00;6.962100029
Rabinalto;25/10/2021 14:00;7.724999905
Rabinalto;25/10/2021 15:00;7.837800026
Rabinalto;25/10/2021 16:00;7.741099834
Rabinalto;25/10/2021 17:00;7.133999825
Rabinalto;25/10/2021 18:00;5.83949995
Rabinalto;25/10/2021 19:00;5.184400082
Rabinalto;25/10/2021 20:00;4.695899963
Rabinalto;25/10/2021 21:00;4.400599957
Rabinalto;25/10/2021 22:00;4.250299931
Rabinalto;25/10/2021 23:00;3.574100018
Rabinalto;26/10/2021 0:00;3.364799976
Rabinalto;26/10/2021 1:00;3.177000046
Rabinalto;26/10/2021 2:00;2.96239996
Rabinalto;26/10/2021 3:00;2.94630003
Rabinalto;26/10/2021 4:00;2.758500099
Rabinalto;26/10/2021 5:00;2.592200041
Rabinalto;26/10/2021 6:00;2.447299957
Rabinalto;26/10/2021 7:00;2.297100067
Rabinalto;26/10/2021 8:00;2.120100021
Rabinalto;26/10/2021 9:00;2.012799978
Rabinalto;26/10/2021 10:00;2.071799994
Rabinalto;26/10/2021 11:00;2.42050004
Rabinalto;26/10/2021 12:00;3.633100033
Rabinalto;26/10/2021 13:00;5.952300072
Rabinalto;26/10/2021 14:00;7.015799999
Rabinalto;26/10/2021 15:00;7.14470005
Rabinalto;26/10/2021 16:00;6.688099861
Rabinalto;26/10/2021 17:00;6.065100193
Rabinalto;26/10/2021 18:00;5.340099812
Rabinalto;26/10/2021 19:00;4.363100052
Rabinalto;26/10/2021 20:00;3.837100029
Rabinalto;26/10/2021 21:00;3.413100004
Rabinalto;26/10/2021 22:00;3.155499935
Rabinalto;26/10/2021 23:00;3.053600073
Rabinalto;27/10/2021 0:00;2.903399944
Rabinalto;27/10/2021 1:00;2.753099918
Rabinalto;27/10/2021 2:00;2.6243999
Rabinalto;27/10/2021 3:00;2.533200026
Rabinalto;27/10/2021 4:00;2.42050004
Rabinalto;27/10/2021 5:00;2.318599939
Rabinalto;27/10/2021 6:00;2.211299896
Rabinalto;27/10/2021 7:00;2.077199936
Rabinalto;27/10/2021 8:00;1.943099976
Rabinalto;27/10/2021 9:00;1.846500039
Rabinalto;27/10/2021 10:00;1.878700018
Rabinalto;27/10/2021 11:00;2.141599894
Rabinalto;27/10/2021 12:00;2.994600058
Rabinalto;27/10/2021 13:00;5.367000103
Rabinalto;27/10/2021 14:00;6.988900185
Rabinalto;27/10/2021 15:00;7.085599899
Rabinalto;27/10/2021 16:00;6.575300217
Rabinalto;27/10/2021 17:00;5.984499931
Rabinalto;27/10/2021 18:00;5.184400082
Rabinalto;27/10/2021 19:00;4.271800041
Rabinalto;27/10/2021 20:00;3.831700087
Rabinalto;27/10/2021 21:00;3.590199947
Rabinalto;27/10/2021 22:00;3.429199934
Rabinalto;27/10/2021 23:00;3.268199921
Rabinalto;28/10/2021 0:00;3.085799932
Rabinalto;28/10/2021 1:00;2.833600044
Rabinalto;28/10/2021 2:00;2.586800098
Rabinalto;28/10/2021 3:00;2.495599985
Rabinalto;28/10/2021 4:00;2.334700108
Rabinalto;28/10/2021 5:00;2.372200012
Rabinalto;28/10/2021 6:00;2.232800007
Rabinalto;28/10/2021 7:00;2.104000092
Rabinalto;28/10/2021 8:00;1.975299954
Rabinalto;28/10/2021 9:00;1.905500054
Rabinalto;28/10/2021 10:00;2.007499933
Rabinalto;28/10/2021 11:00;2.618999958
Rabinalto;28/10/2021 12:00;4.74420023
Rabinalto;28/10/2021 13:00;5.807300091
Rabinalto;28/10/2021 14:00;6.467899799
Rabinalto;28/10/2021 15:00;6.478600025
Rabinalto;28/10/2021 16:00;6.623700142
Rabinalto;28/10/2021 17:00;6.038199902
Rabinalto;28/10/2021 18:00;5.329400063
Rabinalto;28/10/2021 19:00;4.81400013
Rabinalto;28/10/2021 20:00;4.588500023
Rabinalto;28/10/2021 21:00;4.389900208
Rabinalto;28/10/2021 22:00;4.035699844
Rabinalto;28/10/2021 23:00;3.649199963
Rabinalto;29/10/2021 0:00;3.740499973
Rabinalto;29/10/2021 1:00;3.735100031
Rabinalto;29/10/2021 2:00;3.729700089
Rabinalto;29/10/2021 3:00;3.745800018
Rabinalto;29/10/2021 4:00;3.71359992
Rabinalto;29/10/2021 5:00;3.783400059
Rabinalto;29/10/2021 6:00;3.837100029
Rabinalto;29/10/2021 7:00;3.874599934
Rabinalto;29/10/2021 8:00;3.922899961
Rabinalto;29/10/2021 9:00;4.089300156
Rabinalto;29/10/2021 10:00;4.518700123
Rabinalto;29/10/2021 11:00;5.528100014
Rabinalto;29/10/2021 12:00;6.129499912
Rabinalto;29/10/2021 13:00;6.618299961
Rabinalto;29/10/2021 14:00;6.48939991
Rabinalto;29/10/2021 15:00;6.430300236
Rabinalto;29/10/2021 16:00;5.957699776
Rabinalto;29/10/2021 17:00;5.329400063
Rabinalto;29/10/2021 18:00;4.894499779
Rabinalto;29/10/2021 19:00;4.524099827
Rabinalto;29/10/2021 20:00;4.266499996
Rabinalto;29/10/2021 21:00;3.906800032
Rabinalto;29/10/2021 22:00;3.912199974
Rabinalto;29/10/2021 23:00;3.949800014
Rabinalto;30/10/2021 0:00;4.040999889
Rabinalto;30/10/2021 1:00;4.228899956
Rabinalto;30/10/2021 2:00;4.577799797
Rabinalto;30/10/2021 3:00;4.996500015
Rabinalto;30/10/2021 4:00;5.281099796
Rabinalto;30/10/2021 5:00;5.356299877
Rabinalto;30/10/2021 6:00;5.184400082
Rabinalto;30/10/2021 7:00;4.942800045
Rabinalto;30/10/2021 8:00;4.754899979
Rabinalto;30/10/2021 9:00;4.663700104
Rabinalto;30/10/2021 10:00;4.81400013
Rabinalto;30/10/2021 11:00;5.404600143
Rabinalto;30/10/2021 12:00;6.193999767
Rabinalto;30/10/2021 13:00;6.650499821
Rabinalto;30/10/2021 14:00;7.440199852
Rabinalto;30/10/2021 15:00;7.504700184
Rabinalto;30/10/2021 16:00;7.348899841
Rabinalto;30/10/2021 17:00;6.881499767
Rabinalto;30/10/2021 18:00;6.45720005
Rabinalto;30/10/2021 19:00;5.871799946
Rabinalto;30/10/2021 20:00;5.603300095
Rabinalto;30/10/2021 21:00;5.474400043
Rabinalto;30/10/2021 22:00;5.313300133
Rabinalto;30/10/2021 23:00;5.157599926
Rabinalto;31/10/2021 0:00;5.093200207
Rabinalto;31/10/2021 1:00;5.087800026
Rabinalto;31/10/2021 2:00;5.082399845
Rabinalto;31/10/2021 3:00;5.179100037
Rabinalto;31/10/2021 4:00;5.281099796
Rabinalto;31/10/2021 5:00;5.307899952
Rabinalto;31/10/2021 6:00;5.372399807
Rabinalto;31/10/2021 7:00;5.506599903
Rabinalto;31/10/2021 8:00;5.667699814
Rabinalto;31/10/2021 9:00;5.968400002
Rabinalto;31/10/2021 10:00;6.306799889
Rabinalto;31/10/2021 11:00;6.645199776
Rabinalto;31/10/2021 12:00;7.284399986
Rabinalto;31/10/2021 13:00;7.257599831
Rabinalto;31/10/2021 14:00;7.359600067
Rabinalto;31/10/2021 15:00;7.268300056
Rabinalto;31/10/2021 16:00;6.919099808
Rabinalto;31/10/2021 17:00;6.339000225
Rabinalto;31/10/2021 18:00;5.920100212
Rabinalto;31/10/2021 19:00;5.66230011
Rabinalto;31/10/2021 20:00;5.399199963
Rabinalto;31/10/2021 21:00;5.259600163
Rabinalto;31/10/2021 22:00;5.034100056
Rabinalto;31/10/2021 23:00;4.835499763
Rabinalto;01/11/2021 0:00;4.728099823
Rabinalto;01/11/2021 1:00;4.604599953
Rabinalto;01/11/2021 2:00;4.395299911
Rabinalto;01/11/2021 3:00;4.11619997
Rabinalto;01/11/2021 4:00;3.708300114
Rabinalto;01/11/2021 5:00;3.284300089
Rabinalto;01/11/2021 6:00;3.101900101
Rabinalto;01/11/2021 7:00;2.887300014
Rabinalto;01/11/2021 8:00;2.683399916
Rabinalto;01/11/2021 9:00;2.538500071
Rabinalto;01/11/2021 10:00;2.592200041
Rabinalto;01/11/2021 11:00;2.860399961
Rabinalto;01/11/2021 12:00;3.364799976
Rabinalto;01/11/2021 13:00;3.536499977
Rabinalto;01/11/2021 14:00;3.971199989
Rabinalto;01/11/2021 15:00;4.137599945
Rabinalto;01/11/2021 16:00;4.234200001
Rabinalto;01/11/2021 17:00;3.71359992
Rabinalto;01/11/2021 18:00;3.144799948
Rabinalto;01/11/2021 19:00;2.699500084
Rabinalto;01/11/2021 20:00;2.5546
Rabinalto;01/11/2021 21:00;2.47420001
Rabinalto;01/11/2021 22:00;2.372200012
Rabinalto;01/11/2021 23:00;2.28640008
Rabinalto;02/11/2021 0:00;2.28640008
Rabinalto;02/11/2021 1:00;2.313199997
Rabinalto;02/11/2021 2:00;2.323899984
Rabinalto;02/11/2021 3:00;2.30250001
Rabinalto;02/11/2021 4:00;2.297100067
Rabinalto;02/11/2021 5:00;2.28640008
Rabinalto;02/11/2021 6:00;2.280999899
Rabinalto;02/11/2021 7:00;2.28640008
Rabinalto;02/11/2021 8:00;2.28640008
Rabinalto;02/11/2021 9:00;2.356100082
Rabinalto;02/11/2021 10:00;2.533200026
Rabinalto;02/11/2021 11:00;2.844300032
Rabinalto;02/11/2021 12:00;3.257499933
Rabinalto;02/11/2021 13:00;3.418499947
Rabinalto;02/11/2021 14:00;3.617000103
Rabinalto;02/11/2021 15:00;4.051799774
Rabinalto;02/11/2021 16:00;3.643899918
Rabinalto;02/11/2021 17:00;2.694099903
Rabinalto;02/11/2021 18:00;2.500999928
Rabinalto;02/11/2021 19:00;2.40440011
Rabinalto;02/11/2021 20:00;2.350800037
Rabinalto;02/11/2021 21:00;2.323899984
Rabinalto;02/11/2021 22:00;2.297100067
Rabinalto;02/11/2021 23:00;2.270299911
Rabinalto;03/11/2021 0:00;2.254199982
Rabinalto;03/11/2021 1:00;2.238100052
Rabinalto;03/11/2021 2:00;2.221999884
Rabinalto;03/11/2021 3:00;2.221999884
Rabinalto;03/11/2021 4:00;2.216700077
Rabinalto;03/11/2021 5:00;2.211299896
Rabinalto;03/11/2021 6:00;2.200599909
Rabinalto;03/11/2021 7:00;2.195199966
Rabinalto;03/11/2021 8:00;2.189800024
Rabinalto;03/11/2021 9:00;2.189800024
Rabinalto;03/11/2021 10:00;2.195199966
Rabinalto;03/11/2021 11:00;2.205899954
Rabinalto;03/11/2021 12:00;2.216700077
Rabinalto;03/11/2021 13:00;2.216700077
Rabinalto;03/11/2021 14:00;2.200599909
Rabinalto;03/11/2021 15:00;2.179100037
Rabinalto;03/11/2021 16:00;2.173700094
Rabinalto;03/11/2021 17:00;2.163000107
Rabinalto;03/11/2021 18:00;2.168400049
Rabinalto;03/11/2021 19:00;2.168400049
Rabinalto;03/11/2021 20:00;2.179100037
Rabinalto;03/11/2021 21:00;2.184499979
Rabinalto;03/11/2021 22:00;2.184499979
Rabinalto;03/11/2021 23:00;2.195199966
Rabinalto;04/11/2021 0:00;2.200599909
Rabinalto;04/11/2021 1:00;2.195199966
Rabinalto;04/11/2021 2:00;2.195199966
Rabinalto;04/11/2021 3:00;2.189800024
Rabinalto;04/11/2021 4:00;2.179100037
Rabinalto;04/11/2021 5:00;2.136199951
Rabinalto;04/11/2021 6:00;2.050400019
Rabinalto;04/11/2021 7:00;1.921599984
Rabinalto;04/11/2021 8:00;1.835800052
Rabinalto;04/11/2021 9:00;1.814399958
Rabinalto;04/11/2021 10:00;1.873399973
Rabinalto;04/11/2021 11:00;1.916300058
Rabinalto;04/11/2021 12:00;1.910899997
Rabinalto;04/11/2021 13:00;1.948500037
Rabinalto;04/11/2021 14:00;1.975299954
Rabinalto;04/11/2021 15:00;1.991400003
Rabinalto;04/11/2021 16:00;2.012799978
Rabinalto;04/11/2021 17:00;2.012799978
Rabinalto;04/11/2021 18:00;2.007499933
Rabinalto;04/11/2021 19:00;1.996700048
Rabinalto;04/11/2021 20:00;1.980599999
Rabinalto;04/11/2021 21:00;1.943099976
Rabinalto;04/11/2021 22:00;1.900200009
Rabinalto;04/11/2021 23:00;1.83039999
Rabinalto;05/11/2021 0:00;1.755399942
Rabinalto;05/11/2021 1:00;1.717800021
Rabinalto;05/11/2021 2:00;1.728500009
Rabinalto;05/11/2021 3:00;1.712499976
Rabinalto;05/11/2021 4:00;1.642699957
Rabinalto;05/11/2021 5:00;1.546200037
Rabinalto;05/11/2021 6:00;1.508599997
Rabinalto;05/11/2021 7:00;1.428200006
Rabinalto;05/11/2021 8:00;1.40139997
Rabinalto;05/11/2021 9:00;1.374600053
Rabinalto;05/11/2021 10:00;1.390699983
Rabinalto;05/11/2021 11:00;1.444300056
Rabinalto;05/11/2021 12:00;1.519400001
Rabinalto;05/11/2021 13:00;1.599799991
Rabinalto;05/11/2021 14:00;1.637400031
Rabinalto;05/11/2021 15:00;1.653499961
Rabinalto;05/11/2021 16:00;1.664199948
Rabinalto;05/11/2021 17:00;1.669499993
Rabinalto;05/11/2021 18:00;1.669499993
Rabinalto;05/11/2021 19:00;1.669499993
Rabinalto;05/11/2021 20:00;1.664199948
Rabinalto;05/11/2021 21:00;1.664199948
Rabinalto;05/11/2021 22:00;1.658800006
Rabinalto;05/11/2021 23:00;1.653499961
Rabinalto;06/11/2021 0:00;1.648100019
Rabinalto;06/11/2021 1:00;1.642699957
Rabinalto;06/11/2021 2:00;1.631999969
Rabinalto;06/11/2021 3:00;1.621299982
Rabinalto;06/11/2021 4:00;1.621299982
Rabinalto;06/11/2021 5:00;1.589100003
Rabinalto;06/11/2021 6:00;1.53550005
Rabinalto;06/11/2021 7:00;1.48179996
Rabinalto;06/11/2021 8:00;1.412099957
Rabinalto;06/11/2021 9:00;1.369199991
Rabinalto;06/11/2021 10:00;1.337000012
Rabinalto;06/11/2021 11:00;1.353099942
Rabinalto;06/11/2021 12:00;1.379899979
Rabinalto;06/11/2021 13:00;1.444300056
Rabinalto;06/11/2021 14:00;1.497900009
Rabinalto;06/11/2021 15:00;1.519400001
Rabinalto;06/11/2021 16:00;1.524700046
Rabinalto;06/11/2021 17:00;1.524700046
Rabinalto;06/11/2021 18:00;1.508599997
Rabinalto;06/11/2021 19:00;1.492599964
Rabinalto;06/11/2021 20:00;1.471099973
Rabinalto;06/11/2021 21:00;1.422799945
Rabinalto;06/11/2021 22:00;1.369199991
Rabinalto;06/11/2021 23:00;1.272699952
Rabinalto;07/11/2021 0:00;1.18690002
Rabinalto;07/11/2021 1:00;1.138599992
Rabinalto;07/11/2021 2:00;1.068899989
Rabinalto;07/11/2021 3:00;1.015300035
Rabinalto;07/11/2021 4:00;0.950900018
Rabinalto;07/11/2021 5:00;0.897300005
Rabinalto;07/11/2021 6:00;0.854399979
Rabinalto;07/11/2021 7:00;0.833000004
Rabinalto;07/11/2021 8:00;0.8222
Rabinalto;07/11/2021 9:00;0.816900015
Rabinalto;07/11/2021 10:00;0.816900015
Rabinalto;07/11/2021 11:00;0.833000004
Rabinalto;07/11/2021 12:00;0.859799981
Rabinalto;07/11/2021 13:00;0.897300005
Rabinalto;07/11/2021 14:00;0.934800029
Rabinalto;07/11/2021 15:00;0.97240001
Rabinalto;07/11/2021 16:00;1.009899974
Rabinalto;07/11/2021 17:00;1.052800059
Rabinalto;07/11/2021 18:00;1.079599977
Rabinalto;07/11/2021 19:00;1.052800059
Rabinalto;07/11/2021 20:00;1.015300035
Rabinalto;07/11/2021 21:00;1.020599961
Rabinalto;07/11/2021 22:00;1.058200002
Rabinalto;07/11/2021 23:00;1.133200049
Rabinalto;08/11/2021 0:00;1.213700056
Rabinalto;08/11/2021 1:00;1.30490005
Rabinalto;08/11/2021 2:00;1.406700015
Rabinalto;08/11/2021 3:00;1.476500034
Rabinalto;08/11/2021 4:00;1.685600042
Rabinalto;08/11/2021 5:00;1.889500022
Rabinalto;08/11/2021 6:00;2.114700079
Rabinalto;08/11/2021 7:00;2.200599909
Rabinalto;08/11/2021 8:00;2.280999899
Rabinalto;08/11/2021 9:00;2.533200026
Rabinalto;08/11/2021 10:00;2.635099888
Rabinalto;08/11/2021 11:00;2.881900072
Rabinalto;08/11/2021 12:00;3.15019989
Rabinalto;08/11/2021 13:00;3.772700071
Rabinalto;08/11/2021 14:00;4.228899956
Rabinalto;08/11/2021 15:00;4.212800026
Rabinalto;08/11/2021 16:00;4.298699856
Rabinalto;08/11/2021 17:00;4.325500011
Rabinalto;08/11/2021 18:00;3.772700071
Rabinalto;08/11/2021 19:00;3.611700058
Rabinalto;08/11/2021 20:00;3.364799976
Rabinalto;08/11/2021 21:00;3.06430006
Rabinalto;08/11/2021 22:00;2.699500084
Rabinalto;08/11/2021 23:00;2.318599939
Rabinalto;09/11/2021 0:00;1.969900012
Rabinalto;09/11/2021 1:00;1.755399942
Rabinalto;09/11/2021 2:00;1.610499978
Rabinalto;09/11/2021 3:00;1.605200052
Rabinalto;09/11/2021 4:00;1.519400001
Rabinalto;09/11/2021 5:00;1.460399985
Rabinalto;09/11/2021 6:00;1.396000028
Rabinalto;09/11/2021 7:00;1.358500004
Rabinalto;09/11/2021 8:00;1.30490005
Rabinalto;09/11/2021 9:00;1.283400059
Rabinalto;09/11/2021 10:00;1.358500004
Rabinalto;09/11/2021 11:00;1.53550005
Rabinalto;09/11/2021 12:00;2.061100006
Rabinalto;09/11/2021 13:00;3.187700033
Rabinalto;09/11/2021 14:00;3.729700089
Rabinalto;09/11/2021 15:00;3.676100016
Rabinalto;09/11/2021 16:00;3.354099989
Rabinalto;09/11/2021 17:00;2.940900087
Rabinalto;09/11/2021 18:00;2.409800053
Rabinalto;09/11/2021 19:00;2.012799978
Rabinalto;09/11/2021 20:00;1.868000031
Rabinalto;09/11/2021 21:00;1.739300013
Rabinalto;09/11/2021 22:00;1.594499946
Rabinalto;09/11/2021 23:00;1.46570003
Rabinalto;10/11/2021 0:00;1.417500019
Rabinalto;10/11/2021 1:00;1.417500019
Rabinalto;10/11/2021 2:00;1.342399955
Rabinalto;10/11/2021 3:00;1.218999982
Rabinalto;10/11/2021 4:00;1.224400043
Rabinalto;10/11/2021 5:00;1.272699952
Rabinalto;10/11/2021 6:00;1.235100031
Rabinalto;10/11/2021 7:00;1.224400043
Rabinalto;10/11/2021 8:00;1.181499958
Rabinalto;10/11/2021 9:00;1.133200049
Rabinalto;10/11/2021 10:00;1.149299979
Rabinalto;10/11/2021 11:00;1.245900035
Rabinalto;10/11/2021 12:00;1.497900009
Rabinalto;10/11/2021 13:00;2.071799994
Rabinalto;10/11/2021 14:00;2.753099918
Rabinalto;10/11/2021 15:00;2.940900087
Rabinalto;10/11/2021 16:00;2.651200056
Rabinalto;10/11/2021 17:00;2.141599894
Rabinalto;10/11/2021 18:00;1.814399958
Rabinalto;10/11/2021 19:00;1.567600012
Rabinalto;10/11/2021 20:00;1.40139997
Rabinalto;10/11/2021 21:00;1.26730001
Rabinalto;10/11/2021 22:00;1.165400028
Rabinalto;10/11/2021 23:00;1.079599977
Rabinalto;11/11/2021 0:00;0.999199986
Rabinalto;11/11/2021 1:00;0.91869998
Rabinalto;11/11/2021 2:00;0.8222
Rabinalto;11/11/2021 3:00;0.688199997
Rabinalto;11/11/2021 4:00;0.511200011
Rabinalto;11/11/2021 5:00;0.323599994
Rabinalto;11/11/2021 6:00;0.173500001
Rabinalto;11/11/2021 7:00;0.114500001
Rabinalto;11/11/2021 8:00;0.077
Rabinalto;11/11/2021 9:00;0.082400002
Rabinalto;11/11/2021 10:00;0.162799999
Rabinalto;11/11/2021 11:00;0.253899992
Rabinalto;11/11/2021 12:00;0.36649999
Rabinalto;11/11/2021 13:00;0.54339999
Rabinalto;11/11/2021 14:00;0.891900003
Rabinalto;11/11/2021 15:00;1.374600053
Rabinalto;11/11/2021 16:00;1.680299997
Rabinalto;11/11/2021 17:00;1.771499991
Rabinalto;11/11/2021 18:00;1.648100019
Rabinalto;11/11/2021 19:00;1.551599979
Rabinalto;11/11/2021 20:00;1.524700046
Rabinalto;11/11/2021 21:00;1.433599949
Rabinalto;11/11/2021 22:00;1.353099942
Rabinalto;11/11/2021 23:00;1.320899963
Rabinalto;12/11/2021 0:00;1.299499989
Rabinalto;12/11/2021 1:00;1.261899948
Rabinalto;12/11/2021 2:00;1.251199961
Rabinalto;12/11/2021 3:00;1.26730001
Rabinalto;12/11/2021 4:00;1.235100031
Rabinalto;12/11/2021 5:00;1.149299979
Rabinalto;12/11/2021 6:00;1.111799955
Rabinalto;12/11/2021 7:00;1.074300051
Rabinalto;12/11/2021 8:00;1.047399998
Rabinalto;12/11/2021 9:00;1.052800059
Rabinalto;12/11/2021 10:00;1.106400013
Rabinalto;12/11/2021 11:00;1.229799986
Rabinalto;12/11/2021 12:00;1.546200037
Rabinalto;12/11/2021 13:00;2.28640008
Rabinalto;12/11/2021 14:00;3.155499935
Rabinalto;12/11/2021 15:00;3.370199919
Rabinalto;12/11/2021 16:00;3.123300076
Rabinalto;12/11/2021 17:00;2.720900059
Rabinalto;12/11/2021 18:00;2.045000076
Rabinalto;12/11/2021 19:00;1.835800052
Rabinalto;12/11/2021 20:00;1.712499976
Rabinalto;12/11/2021 21:00;1.631999969
Rabinalto;12/11/2021 22:00;1.519400001
Rabinalto;12/11/2021 23:00;1.396000028
Rabinalto;13/11/2021 0:00;1.294100046
Rabinalto;13/11/2021 1:00;1.208299994
Rabinalto;13/11/2021 2:00;1.138599992
Rabinalto;13/11/2021 3:00;1.090299964
Rabinalto;13/11/2021 4:00;1.052800059
Rabinalto;13/11/2021 5:00;1.004500031
Rabinalto;13/11/2021 6:00;0.967000008
Rabinalto;13/11/2021 7:00;0.929499984
Rabinalto;13/11/2021 8:00;0.907999992
Rabinalto;13/11/2021 9:00;0.907999992
Rabinalto;13/11/2021 10:00;1.026000023
Rabinalto;13/11/2021 11:00;1.18690002
Rabinalto;13/11/2021 12:00;1.53550005
Rabinalto;13/11/2021 13:00;2.028899908
Rabinalto;13/11/2021 14:00;2.57069993
Rabinalto;13/11/2021 15:00;2.753099918
Rabinalto;13/11/2021 16:00;2.4526999
Rabinalto;13/11/2021 17:00;2.275700092
Rabinalto;13/11/2021 18:00;1.943099976
Rabinalto;13/11/2021 19:00;1.487200022
Rabinalto;13/11/2021 20:00;1.218999982
Rabinalto;13/11/2021 21:00;1.412099957
Rabinalto;13/11/2021 22:00;1.412099957
Rabinalto;13/11/2021 23:00;1.353099942
Rabinalto;14/11/2021 0:00;1.288800001
Rabinalto;14/11/2021 1:00;1.165400028
Rabinalto;14/11/2021 2:00;1.031399965
Rabinalto;14/11/2021 3:00;0.907999992
Rabinalto;14/11/2021 4:00;0.790099978
Rabinalto;14/11/2021 5:00;0.698899984
Rabinalto;14/11/2021 6:00;0.639900029
Rabinalto;14/11/2021 7:00;0.586300015
Rabinalto;14/11/2021 8:00;0.538100004
Rabinalto;14/11/2021 9:00;0.489800006
Rabinalto;14/11/2021 10:00;0.505900025
Rabinalto;14/11/2021 11:00;0.575600028
Rabinalto;14/11/2021 12:00;0.693499982
Rabinalto;14/11/2021 13:00;0.886600018
Rabinalto;14/11/2021 14:00;1.229799986
Rabinalto;14/11/2021 15:00;1.664199948
Rabinalto;14/11/2021 16:00;1.985999942
Rabinalto;14/11/2021 17:00;2.039599895
Rabinalto;14/11/2021 18:00;1.900200009
Rabinalto;14/11/2021 19:00;1.733899951
Rabinalto;14/11/2021 20:00;1.589100003
Rabinalto;14/11/2021 21:00;1.551599979
Rabinalto;14/11/2021 22:00;1.524700046
Rabinalto;14/11/2021 23:00;1.444300056
Rabinalto;15/11/2021 0:00;1.353099942
Rabinalto;15/11/2021 1:00;1.277999997
Rabinalto;15/11/2021 2:00;1.181499958
Rabinalto;15/11/2021 3:00;1.154700041
Rabinalto;15/11/2021 4:00;1.379899979
Rabinalto;15/11/2021 5:00;1.363800049
Rabinalto;15/11/2021 6:00;1.170799971
Rabinalto;15/11/2021 7:00;1.144000053
Rabinalto;15/11/2021 8:00;1.058200002
Rabinalto;15/11/2021 9:00;1.015300035
Rabinalto;15/11/2021 10:00;1.101099968
Rabinalto;15/11/2021 11:00;1.642699957
Rabinalto;15/11/2021 12:00;2.243499994
Rabinalto;15/11/2021 13:00;2.066499949
Rabinalto;15/11/2021 14:00;2.871200085
Rabinalto;15/11/2021 15:00;3.574100018
Rabinalto;15/11/2021 16:00;3.600899935
Rabinalto;15/11/2021 17:00;3.209199905
Rabinalto;15/11/2021 18:00;2.576100111
Rabinalto;15/11/2021 19:00;2.039599895
Rabinalto;15/11/2021 20:00;1.776800036
Rabinalto;15/11/2021 21:00;1.610499978
Rabinalto;15/11/2021 22:00;1.492599964
Rabinalto;15/11/2021 23:00;1.396000028
Rabinalto;16/11/2021 0:00;1.30490005
Rabinalto;16/11/2021 1:00;1.218999982
Rabinalto;16/11/2021 2:00;1.052800059
Rabinalto;16/11/2021 3:00;0.902700007
Rabinalto;16/11/2021 4:00;0.763199985
Rabinalto;16/11/2021 5:00;0.613099992
Rabinalto;16/11/2021 6:00;0.516600013
Rabinalto;16/11/2021 7:00;0.457599998
Rabinalto;16/11/2021 8:00;0.382600009
Rabinalto;16/11/2021 9:00;0.355800003
Rabinalto;16/11/2021 10:00;0.414700001
Rabinalto;16/11/2021 11:00;0.500500023
Rabinalto;16/11/2021 12:00;0.682799995
Rabinalto;16/11/2021 13:00;0.907999992
Rabinalto;16/11/2021 14:00;1.229799986
Rabinalto;16/11/2021 15:00;1.572999954
Rabinalto;16/11/2021 16:00;1.551599979
Rabinalto;16/11/2021 17:00;1.390699983
Rabinalto;16/11/2021 18:00;1.176100016
Rabinalto;16/11/2021 19:00;1.020599961
Rabinalto;16/11/2021 20:00;0.891900003
Rabinalto;16/11/2021 21:00;0.74180001
Rabinalto;16/11/2021 22:00;0.613099992
Rabinalto;16/11/2021 23:00;0.452300012
Rabinalto;17/11/2021 0:00;0.296799988
Rabinalto;17/11/2021 1:00;0.162799999
Rabinalto;17/11/2021 2:00;0.136000007
Rabinalto;17/11/2021 3:00;0.141299993
Rabinalto;17/11/2021 4:00;0.136000007
Rabinalto;17/11/2021 5:00;0.082400002
Rabinalto;17/11/2021 6:00;0.0502
Rabinalto;17/11/2021 7:00;-0.040899999
Rabinalto;17/11/2021 8:00;-0.137400001
Rabinalto;17/11/2021 9:00;-0.174999997
Rabinalto;17/11/2021 10:00;-0.030200001
Rabinalto;17/11/2021 11:00;0.071599998
Rabinalto;17/11/2021 12:00;0.103799999
Rabinalto;17/11/2021 13:00;0.157399997
Rabinalto;17/11/2021 14:00;0.210999995
Rabinalto;17/11/2021 15:00;0.291399986
Rabinalto;17/11/2021 16:00;0.328999996
Rabinalto;17/11/2021 17:00;0.2861
Rabinalto;17/11/2021 18:00;0.168099999
Rabinalto;17/11/2021 19:00;-0.0141
Rabinalto;17/11/2021 20:00;-0.191
Rabinalto;17/11/2021 21:00;-0.260699987
Rabinalto;17/11/2021 22:00;-0.335799992
Rabinalto;17/11/2021 23:00;-0.41080001
Rabinalto;18/11/2021 0:00;-0.480500013
Rabinalto;18/11/2021 1:00;-0.534099996
Rabinalto;18/11/2021 2:00;-0.577000022
Rabinalto;18/11/2021 3:00;-0.603799999
Rabinalto;18/11/2021 4:00;-0.625199974
Rabinalto;18/11/2021 5:00;-0.662699997
Rabinalto;18/11/2021 6:00;-0.711000025
Rabinalto;18/11/2021 7:00;-0.743099988
Rabinalto;18/11/2021 8:00;-0.74849999
Rabinalto;18/11/2021 9:00;-0.711000025
Rabinalto;18/11/2021 10:00;-0.592999995
Rabinalto;18/11/2021 11:00;-0.442999989
Rabinalto;18/11/2021 12:00;-0.346500009
Rabinalto;18/11/2021 13:00;-0.239299998
Rabinalto;18/11/2021 14:00;-0.164199993
Rabinalto;18/11/2021 15:00;-0.126699999
Rabinalto;18/11/2021 16:00;-0.126699999
Rabinalto;18/11/2021 17:00;-0.196400002
Rabinalto;18/11/2021 18:00;-0.308999985
Rabinalto;18/11/2021 19:00;-0.421499997
Rabinalto;18/11/2021 20:00;-0.469799995
Rabinalto;18/11/2021 21:00;-0.534099996
Rabinalto;18/11/2021 22:00;-0.598399997
Rabinalto;18/11/2021 23:00;-0.668099999
Rabinalto;19/11/2021 0:00;-0.74849999
Rabinalto;19/11/2021 1:00;-0.775300026
Rabinalto;19/11/2021 2:00;-0.796700001
Rabinalto;19/11/2021 3:00;-0.802100003
Rabinalto;19/11/2021 4:00;-0.82889998
Rabinalto;19/11/2021 5:00;-0.818199992
Rabinalto;19/11/2021 6:00;-0.844900012
Rabinalto;19/11/2021 7:00;-0.855700016
Rabinalto;19/11/2021 8:00;-0.866400003
Rabinalto;19/11/2021 9:00;-0.887799978
Rabinalto;19/11/2021 10:00;-0.759199977
Rabinalto;19/11/2021 11:00;-0.582300007
Rabinalto;19/11/2021 12:00;-0.442999989
Rabinalto;19/11/2021 13:00;-0.324999988
Rabinalto;19/11/2021 14:00;-0.25
Rabinalto;19/11/2021 15:00;-0.217800006
Rabinalto;19/11/2021 16:00;-0.228599995
Rabinalto;19/11/2021 17:00;-0.292899996
Rabinalto;19/11/2021 18:00;-0.416200012
Rabinalto;19/11/2021 19:00;-0.534099996
Rabinalto;19/11/2021 20:00;-0.619799972
Rabinalto;19/11/2021 21:00;-0.673399985
Rabinalto;19/11/2021 22:00;-0.657400012
Rabinalto;19/11/2021 23:00;-0.501900017
Rabinalto;20/11/2021 0:00;-0.373299986
Rabinalto;20/11/2021 1:00;-0.346500009
Rabinalto;20/11/2021 2:00;-0.384000003
Rabinalto;20/11/2021 3:00;-0.523400009
Rabinalto;20/11/2021 4:00;-0.496600002
Rabinalto;20/11/2021 5:00;-0.485900015
Rabinalto;20/11/2021 6:00;-0.394699991
Rabinalto;20/11/2021 7:00;-0.442999989
Rabinalto;20/11/2021 8:00;-0.367900014
Rabinalto;20/11/2021 9:00;-0.389400005
Rabinalto;20/11/2021 10:00;-0.324999988
Rabinalto;20/11/2021 11:00;-0.276800007
Rabinalto;20/11/2021 12:00;-0.217800006
Rabinalto;20/11/2021 13:00;-0.164199993
Rabinalto;20/11/2021 14:00;-0.132100001
Rabinalto;20/11/2021 15:00;-0.0999
Rabinalto;20/11/2021 16:00;-0.078500003
Rabinalto;20/11/2021 17:00;-0.062399998
Rabinalto;20/11/2021 18:00;-0.062399998
Rabinalto;20/11/2021 19:00;-0.0999
Rabinalto;20/11/2021 20:00;-0.164199993
Rabinalto;20/11/2021 21:00;-0.255400002
Rabinalto;20/11/2021 22:00;-0.400099993
Rabinalto;20/11/2021 23:00;-0.469799995
Rabinalto;21/11/2021 0:00;-0.555499971
Rabinalto;21/11/2021 1:00;-0.539499998
Rabinalto;21/11/2021 2:00;-0.560899973
Rabinalto;21/11/2021 3:00;-0.550199986
Rabinalto;21/11/2021 4:00;-0.528699994
Rabinalto;21/11/2021 5:00;-0.555499971
Rabinalto;21/11/2021 6:00;-0.544799984
Rabinalto;21/11/2021 7:00;-0.550199986
Rabinalto;21/11/2021 8:00;-0.550199986
Rabinalto;21/11/2021 9:00;-0.550199986
Rabinalto;21/11/2021 10:00;-0.4912
Rabinalto;21/11/2021 11:00;-0.416200012
Rabinalto;21/11/2021 12:00;-0.33039999
Rabinalto;21/11/2021 13:00;-0.255400002
Rabinalto;21/11/2021 14:00;-0.174999997
Rabinalto;21/11/2021 15:00;-0.115999997
Rabinalto;21/11/2021 16:00;-0.083800003
Rabinalto;21/11/2021 17:00;-0.062399998
Rabinalto;21/11/2021 18:00;-0.046300001
Rabinalto;21/11/2021 19:00;-0.030200001
Rabinalto;21/11/2021 20:00;-0.0195
Rabinalto;21/11/2021 21:00;-0.0141
Rabinalto;21/11/2021 22:00;-0.0088
Rabinalto;21/11/2021 23:00;-0.0034
Rabinalto;22/11/2021 0:00;-0.0034
Rabinalto;22/11/2021 1:00;0.0019
Rabinalto;22/11/2021 2:00;-0.0088
Rabinalto;22/11/2021 3:00;-0.035599999
Rabinalto;22/11/2021 4:00;-0.078500003
Rabinalto;22/11/2021 5:00;-0.115999997
Rabinalto;22/11/2021 6:00;-0.132100001
Rabinalto;22/11/2021 7:00;-0.137400001
Rabinalto;22/11/2021 8:00;-0.121399999
Rabinalto;22/11/2021 9:00;-0.115999997
Rabinalto;22/11/2021 10:00;-0.110600002
Rabinalto;22/11/2021 11:00;-0.105300002
Rabinalto;22/11/2021 12:00;-0.0999
Rabinalto;22/11/2021 13:00;-0.083800003
Rabinalto;22/11/2021 14:00;-0.067699999
Rabinalto;22/11/2021 15:00;-0.046300001
Rabinalto;22/11/2021 16:00;-0.040899999
Rabinalto;22/11/2021 17:00;-0.030200001
Rabinalto;22/11/2021 18:00;-0.024900001
Rabinalto;22/11/2021 19:00;-0.0195
Rabinalto;22/11/2021 20:00;-0.0141
Rabinalto;22/11/2021 21:00;-0.0141
Rabinalto;22/11/2021 22:00;-0.0088
Rabinalto;22/11/2021 23:00;-0.0034
Rabinalto;23/11/2021 0:00;-0.0034
Rabinalto;23/11/2021 1:00;0.0019
Rabinalto;23/11/2021 2:00;0.0073
Rabinalto;23/11/2021 3:00;0.0073
Rabinalto;23/11/2021 4:00;0.0073
Rabinalto;23/11/2021 5:00;0.0073
Rabinalto;23/11/2021 6:00;0.0127
Rabinalto;23/11/2021 7:00;0.017999999
Rabinalto;23/11/2021 8:00;0.023399999
Rabinalto;23/11/2021 9:00;0.023399999
Rabinalto;23/11/2021 10:00;0.023399999
Rabinalto;23/11/2021 11:00;0.0287
Rabinalto;23/11/2021 12:00;0.0341
Rabinalto;23/11/2021 13:00;0.044799998
Rabinalto;23/11/2021 14:00;0.055500001
Rabinalto;23/11/2021 15:00;0.060899999
Rabinalto;23/11/2021 16:00;0.071599998
Rabinalto;23/11/2021 17:00;0.071599998
Rabinalto;23/11/2021 18:00;0.077
Rabinalto;23/11/2021 19:00;0.082400002
Rabinalto;23/11/2021 20:00;0.082400002
Rabinalto;23/11/2021 21:00;0.082400002
Rabinalto;23/11/2021 22:00;0.082400002
Rabinalto;23/11/2021 23:00;0.082400002
Rabinalto;24/11/2021 0:00;0.087700002
Rabinalto;24/11/2021 1:00;0.087700002
Rabinalto;24/11/2021 2:00;0.093099996
Rabinalto;24/11/2021 3:00;0.093099996
Rabinalto;24/11/2021 4:00;0.093099996
Rabinalto;24/11/2021 5:00;0.093099996
Rabinalto;24/11/2021 6:00;0.098399997
Rabinalto;24/11/2021 7:00;0.103799999
Rabinalto;24/11/2021 8:00;0.103799999
Rabinalto;24/11/2021 9:00;0.103799999
Rabinalto;24/11/2021 10:00;0.109200001
Rabinalto;24/11/2021 11:00;0.114500001
Rabinalto;24/11/2021 12:00;0.119900003
Rabinalto;24/11/2021 13:00;0.125200003
Rabinalto;24/11/2021 14:00;0.136000007
Rabinalto;24/11/2021 15:00;0.141299993
Rabinalto;24/11/2021 16:00;0.146699995
Rabinalto;24/11/2021 17:00;0.157399997
Rabinalto;24/11/2021 18:00;0.162799999
Rabinalto;24/11/2021 19:00;0.168099999
Rabinalto;24/11/2021 20:00;0.178800002
Rabinalto;24/11/2021 21:00;0.189600006
Rabinalto;24/11/2021 22:00;0.194900006
Rabinalto;24/11/2021 23:00;0.205699995
Rabinalto;25/11/2021 0:00;0.210999995
Rabinalto;25/11/2021 1:00;0.216399997
Rabinalto;25/11/2021 2:00;0.221699998
Rabinalto;25/11/2021 3:00;0.221699998
Rabinalto;25/11/2021 4:00;0.221699998
Rabinalto;25/11/2021 5:00;0.221699998
Rabinalto;25/11/2021 6:00;0.2271
Rabinalto;25/11/2021 7:00;0.2271
Rabinalto;25/11/2021 8:00;0.2271
Rabinalto;25/11/2021 9:00;0.232500002
Rabinalto;25/11/2021 10:00;0.232500002
Rabinalto;25/11/2021 11:00;0.237800002
Rabinalto;25/11/2021 12:00;0.237800002
Rabinalto;25/11/2021 13:00;0.243200004
Rabinalto;25/11/2021 14:00;0.248500004
Rabinalto;25/11/2021 15:00;0.253899992
Rabinalto;25/11/2021 16:00;0.259299994
Rabinalto;25/11/2021 17:00;0.264600009
Rabinalto;25/11/2021 18:00;0.264600009
Rabinalto;25/11/2021 19:00;0.264600009
Rabinalto;25/11/2021 20:00;0.264600009
Rabinalto;25/11/2021 21:00;0.259299994
Rabinalto;25/11/2021 22:00;0.259299994
Rabinalto;25/11/2021 23:00;0.253899992
Rabinalto;26/11/2021 0:00;0.248500004
Rabinalto;26/11/2021 1:00;0.243200004
Rabinalto;26/11/2021 2:00;0.237800002
Rabinalto;26/11/2021 3:00;0.237800002
Rabinalto;26/11/2021 4:00;0.232500002
Rabinalto;26/11/2021 5:00;0.232500002
Rabinalto;26/11/2021 6:00;0.221699998
Rabinalto;26/11/2021 7:00;0.2271
Rabinalto;26/11/2021 8:00;0.221699998
Rabinalto;26/11/2021 9:00;0.216399997
Rabinalto;26/11/2021 10:00;0.205699995
Rabinalto;26/11/2021 11:00;0.194900006
Rabinalto;26/11/2021 12:00;0.189600006
Rabinalto;26/11/2021 13:00;0.189600006
Rabinalto;26/11/2021 14:00;0.189600006
Rabinalto;26/11/2021 15:00;0.194900006
Rabinalto;26/11/2021 16:00;0.205699995
Rabinalto;26/11/2021 17:00;0.210999995
Rabinalto;26/11/2021 18:00;0.216399997
Rabinalto;26/11/2021 19:00;0.221699998
Rabinalto;26/11/2021 20:00;0.221699998
Rabinalto;26/11/2021 21:00;0.2271
Rabinalto;26/11/2021 22:00;0.2271
Rabinalto;26/11/2021 23:00;0.232500002
Rabinalto;27/11/2021 0:00;0.232500002
Rabinalto;27/11/2021 1:00;0.237800002
Rabinalto;27/11/2021 2:00;0.237800002
Rabinalto;27/11/2021 3:00;0.243200004
Rabinalto;27/11/2021 4:00;0.243200004
Rabinalto;27/11/2021 5:00;0.248500004
Rabinalto;27/11/2021 6:00;0.248500004
Rabinalto;27/11/2021 7:00;0.253899992
Rabinalto;27/11/2021 8:00;0.259299994
Rabinalto;27/11/2021 9:00;0.259299994
Rabinalto;27/11/2021 10:00;0.259299994
Rabinalto;27/11/2021 11:00;0.253899992
Rabinalto;27/11/2021 12:00;0.248500004
Rabinalto;27/11/2021 13:00;0.248500004
Rabinalto;27/11/2021 14:00;0.248500004
Rabinalto;27/11/2021 15:00;0.248500004
Rabinalto;27/11/2021 16:00;0.248500004
Rabinalto;27/11/2021 17:00;0.243200004
Rabinalto;27/11/2021 18:00;0.232500002
Rabinalto;27/11/2021 19:00;0.2271
Rabinalto;27/11/2021 20:00;0.216399997
Rabinalto;27/11/2021 21:00;0.210999995
Rabinalto;27/11/2021 22:00;0.205699995
Rabinalto;27/11/2021 23:00;0.194900006
Rabinalto;28/11/2021 0:00;0.189600006
Rabinalto;28/11/2021 1:00;0.184200004
Rabinalto;28/11/2021 2:00;0.173500001
Rabinalto;28/11/2021 3:00;0.168099999
Rabinalto;28/11/2021 4:00;0.168099999
Rabinalto;28/11/2021 5:00;0.157399997
Rabinalto;28/11/2021 6:00;0.157399997
Rabinalto;28/11/2021 7:00;0.151999995
Rabinalto;28/11/2021 8:00;0.146699995
Rabinalto;28/11/2021 9:00;0.146699995
Rabinalto;28/11/2021 10:00;0.141299993
Rabinalto;28/11/2021 11:00;0.141299993
Rabinalto;28/11/2021 12:00;0.146699995
Rabinalto;28/11/2021 13:00;0.146699995
Rabinalto;28/11/2021 14:00;0.151999995
Rabinalto;28/11/2021 15:00;0.157399997
Rabinalto;28/11/2021 16:00;0.168099999
Rabinalto;28/11/2021 17:00;0.173500001
Rabinalto;28/11/2021 18:00;0.178800002
Rabinalto;28/11/2021 19:00;0.184200004
Rabinalto;28/11/2021 20:00;0.189600006
Rabinalto;28/11/2021 21:00;0.189600006
Rabinalto;28/11/2021 22:00;0.194900006
Rabinalto;28/11/2021 23:00;0.200299993
Rabinalto;29/11/2021 0:00;0.205699995
Rabinalto;29/11/2021 1:00;0.210999995
Rabinalto;29/11/2021 2:00;0.216399997
Rabinalto;29/11/2021 3:00;0.221699998
Rabinalto;29/11/2021 4:00;0.2271
Rabinalto;29/11/2021 5:00;0.2271
Rabinalto;29/11/2021 6:00;0.237800002
Rabinalto;29/11/2021 7:00;0.243200004
Rabinalto;29/11/2021 8:00;0.248500004
Rabinalto;29/11/2021 9:00;0.253899992
Rabinalto;29/11/2021 10:00;0.259299994
Rabinalto;29/11/2021 11:00;0.264600009
Rabinalto;29/11/2021 12:00;0.275299996
Rabinalto;29/11/2021 13:00;0.280699998
Rabinalto;29/11/2021 14:00;0.291399986
Rabinalto;29/11/2021 15:00;0.296799988
Rabinalto;29/11/2021 16:00;0.30219999
Rabinalto;29/11/2021 17:00;0.307500005
Rabinalto;29/11/2021 18:00;0.318199992
Rabinalto;29/11/2021 19:00;0.323599994
Rabinalto;29/11/2021 20:00;0.334300011
Rabinalto;29/11/2021 21:00;0.339700013
Rabinalto;29/11/2021 22:00;0.350400001
Rabinalto;29/11/2021 23:00;0.350400001
Rabinalto;30/11/2021 0:00;0.350400001
Rabinalto;30/11/2021 1:00;0.339700013
Rabinalto;30/11/2021 2:00;0.339700013
Rabinalto;30/11/2021 3:00;0.334300011
Rabinalto;30/11/2021 4:00;0.328999996
Rabinalto;30/11/2021 5:00;0.323599994
Rabinalto;30/11/2021 6:00;0.318199992
Rabinalto;30/11/2021 7:00;0.312900007
Rabinalto;30/11/2021 8:00;0.307500005
Rabinalto;30/11/2021 9:00;0.312900007
Rabinalto;30/11/2021 10:00;0.318199992
Rabinalto;30/11/2021 11:00;0.328999996
Rabinalto;30/11/2021 12:00;0.334300011
Rabinalto;30/11/2021 13:00;0.344999999
Rabinalto;30/11/2021 14:00;0.350400001
Rabinalto;30/11/2021 15:00;0.361099988
Rabinalto;30/11/2021 16:00;0.371800005
Rabinalto;30/11/2021 17:00;0.377200007
Rabinalto;30/11/2021 18:00;0.387899995
Rabinalto;30/11/2021 19:00;0.398699999
Rabinalto;30/11/2021 20:00;0.409399986
Rabinalto;30/11/2021 21:00;0.414700001
Rabinalto;30/11/2021 22:00;0.425500005
Rabinalto;30/11/2021 23:00;0.430799991
Rabinalto;01/12/2021 0:00;0.44690001
Rabinalto;01/12/2021 1:00;0.452300012
Rabinalto;01/12/2021 2:00;0.457599998
Rabinalto;01/12/2021 3:00;0.468400002
Rabinalto;01/12/2021 4:00;0.473699987
Rabinalto;01/12/2021 5:00;0.484400004
Rabinalto;01/12/2021 6:00;0.489800006
Rabinalto;01/12/2021 7:00;0.500500023
Rabinalto;01/12/2021 8:00;0.500500023
Rabinalto;01/12/2021 9:00;0.511200011
Rabinalto;01/12/2021 10:00;0.516600013
Rabinalto;01/12/2021 11:00;0.522000015
Rabinalto;01/12/2021 12:00;0.5273
Rabinalto;01/12/2021 13:00;0.522000015
Rabinalto;01/12/2021 14:00;0.522000015
Rabinalto;01/12/2021 15:00;0.522000015
Rabinalto;01/12/2021 16:00;0.516600013
Rabinalto;01/12/2021 17:00;0.516600013
Rabinalto;01/12/2021 18:00;0.522000015
Rabinalto;01/12/2021 19:00;0.522000015
Rabinalto;01/12/2021 20:00;0.5273
Rabinalto;01/12/2021 21:00;0.5273
Rabinalto;01/12/2021 22:00;0.538100004
Rabinalto;01/12/2021 23:00;0.54339999
Rabinalto;02/12/2021 0:00;0.554099977
Rabinalto;02/12/2021 1:00;0.564899981
Rabinalto;02/12/2021 2:00;0.564899981
Rabinalto;02/12/2021 3:00;0.570200026
Rabinalto;02/12/2021 4:00;0.564899981
Rabinalto;02/12/2021 5:00;0.548799992
Rabinalto;02/12/2021 6:00;0.538100004
Rabinalto;02/12/2021 7:00;0.516600013
Rabinalto;02/12/2021 8:00;0.489800006
Rabinalto;02/12/2021 9:00;0.463
Rabinalto;02/12/2021 10:00;0.441500008
Rabinalto;02/12/2021 11:00;0.430799991
Rabinalto;02/12/2021 12:00;0.436199993
Rabinalto;02/12/2021 13:00;0.452300012
Rabinalto;02/12/2021 14:00;0.468400002
Rabinalto;02/12/2021 15:00;0.484400004
Rabinalto;02/12/2021 16:00;0.500500023
Rabinalto;02/12/2021 17:00;0.500500023
Rabinalto;02/12/2021 18:00;0.500500023
Rabinalto;02/12/2021 19:00;0.479099989
Rabinalto;02/12/2021 20:00;0.44690001
Rabinalto;02/12/2021 21:00;0.420100003
Rabinalto;02/12/2021 22:00;0.387899995
Rabinalto;02/12/2021 23:00;0.36649999
Rabinalto;03/12/2021 0:00;0.339700013
Rabinalto;03/12/2021 1:00;0.312900007
Rabinalto;03/12/2021 2:00;0.30219999
Rabinalto;03/12/2021 3:00;0.280699998
Rabinalto;03/12/2021 4:00;0.275299996
Rabinalto;03/12/2021 5:00;0.270000011
Rabinalto;03/12/2021 6:00;0.264600009
Rabinalto;03/12/2021 7:00;0.259299994
Rabinalto;03/12/2021 8:00;0.264600009
Rabinalto;03/12/2021 9:00;0.275299996
Rabinalto;03/12/2021 10:00;0.2861
Rabinalto;03/12/2021 11:00;0.296799988
Rabinalto;03/12/2021 12:00;0.318199992
Rabinalto;03/12/2021 13:00;0.339700013
Rabinalto;03/12/2021 14:00;0.36649999
Rabinalto;03/12/2021 15:00;0.387899995
Rabinalto;03/12/2021 16:00;0.404000014
Rabinalto;03/12/2021 17:00;0.409399986
Rabinalto;03/12/2021 18:00;0.414700001
Rabinalto;03/12/2021 19:00;0.420100003
Rabinalto;03/12/2021 20:00;0.420100003
Rabinalto;03/12/2021 21:00;0.425500005
Rabinalto;03/12/2021 22:00;0.436199993
Rabinalto;03/12/2021 23:00;0.436199993
Rabinalto;04/12/2021 0:00;0.44690001
Rabinalto;04/12/2021 1:00;0.452300012
Rabinalto;04/12/2021 2:00;0.463
Rabinalto;04/12/2021 3:00;0.468400002
Rabinalto;04/12/2021 4:00;0.473699987
Rabinalto;04/12/2021 5:00;0.479099989
Rabinalto;04/12/2021 6:00;0.479099989
Rabinalto;04/12/2021 7:00;0.484400004
Rabinalto;04/12/2021 8:00;0.495200008
Rabinalto;04/12/2021 9:00;0.495200008
Rabinalto;04/12/2021 10:00;0.500500023
Rabinalto;04/12/2021 11:00;0.511200011
Rabinalto;04/12/2021 12:00;0.5273
Rabinalto;04/12/2021 13:00;0.538100004
Rabinalto;04/12/2021 14:00;0.559499979
Rabinalto;04/12/2021 15:00;0.559499979
Rabinalto;04/12/2021 16:00;0.570200026
Rabinalto;04/12/2021 17:00;0.575600028
Rabinalto;04/12/2021 18:00;0.575600028
Rabinalto;04/12/2021 19:00;0.575600028
Rabinalto;04/12/2021 20:00;0.575600028
Rabinalto;04/12/2021 21:00;0.575600028
Rabinalto;04/12/2021 22:00;0.575600028
Rabinalto;04/12/2021 23:00;0.564899981
Rabinalto;05/12/2021 0:00;0.54339999
Rabinalto;05/12/2021 1:00;0.505900025
Rabinalto;05/12/2021 2:00;0.473699987
Rabinalto;05/12/2021 3:00;0.425500005
Rabinalto;05/12/2021 4:00;0.387899995
Rabinalto;05/12/2021 5:00;0.361099988
Rabinalto;05/12/2021 6:00;0.334300011
Rabinalto;05/12/2021 7:00;0.307500005
Rabinalto;05/12/2021 8:00;0.2861
Rabinalto;05/12/2021 9:00;0.280699998
Rabinalto;05/12/2021 10:00;0.270000011
Rabinalto;05/12/2021 11:00;0.275299996
Rabinalto;05/12/2021 12:00;0.280699998
Rabinalto;05/12/2021 13:00;0.291399986
Rabinalto;05/12/2021 14:00;0.307500005
Rabinalto;05/12/2021 15:00;0.323599994
Rabinalto;05/12/2021 16:00;0.334300011
Rabinalto;05/12/2021 17:00;0.344999999
Rabinalto;05/12/2021 18:00;0.344999999
Rabinalto;05/12/2021 19:00;0.334300011
Rabinalto;05/12/2021 20:00;0.328999996
Rabinalto;05/12/2021 21:00;0.318199992
Rabinalto;05/12/2021 22:00;0.307500005
Rabinalto;05/12/2021 23:00;0.307500005
Rabinalto;06/12/2021 0:00;0.307500005
Rabinalto;06/12/2021 1:00;0.307500005
Rabinalto;06/12/2021 2:00;0.307500005
Rabinalto;06/12/2021 3:00;0.307500005
Rabinalto;06/12/2021 4:00;0.296799988
Rabinalto;06/12/2021 5:00;0.275299996
Rabinalto;06/12/2021 6:00;0.259299994
Rabinalto;06/12/2021 7:00;0.259299994
Rabinalto;06/12/2021 8:00;0.270000011
Rabinalto;06/12/2021 9:00;0.280699998
Rabinalto;06/12/2021 10:00;0.296799988
Rabinalto;06/12/2021 11:00;0.318199992
Rabinalto;06/12/2021 12:00;0.344999999
Rabinalto;06/12/2021 13:00;0.371800005
Rabinalto;06/12/2021 14:00;0.312900007
Rabinalto;06/12/2021 15:00;0.296799988
Rabinalto;06/12/2021 16:00;0.339700013
Rabinalto;06/12/2021 17:00;0.355800003
Rabinalto;06/12/2021 18:00;0.361099988
Rabinalto;06/12/2021 19:00;0.36649999
Rabinalto;06/12/2021 20:00;0.371800005
Rabinalto;06/12/2021 21:00;0.387899995
Rabinalto;06/12/2021 22:00;0.404000014
Rabinalto;06/12/2021 23:00;0.409399986
Rabinalto;07/12/2021 0:00;0.420100003
Rabinalto;07/12/2021 1:00;0.425500005
Rabinalto;07/12/2021 2:00;0.430799991
Rabinalto;07/12/2021 3:00;0.436199993
Rabinalto;07/12/2021 4:00;0.436199993
Rabinalto;07/12/2021 5:00;0.393299997
Rabinalto;07/12/2021 6:00;0.344999999
Rabinalto;07/12/2021 7:00;0.323599994
Rabinalto;07/12/2021 8:00;0.334300011
Rabinalto;07/12/2021 9:00;0.328999996
Rabinalto;07/12/2021 10:00;0.350400001
Rabinalto;07/12/2021 11:00;0.393299997
Rabinalto;07/12/2021 12:00;0.436199993
Rabinalto;07/12/2021 13:00;0.457599998
Rabinalto;07/12/2021 14:00;0.463
Rabinalto;07/12/2021 15:00;0.468400002
Rabinalto;07/12/2021 16:00;0.441500008
Rabinalto;07/12/2021 17:00;0.452300012
Rabinalto;07/12/2021 18:00;0.452300012
Rabinalto;07/12/2021 19:00;0.452300012
Rabinalto;07/12/2021 20:00;0.452300012
Rabinalto;07/12/2021 21:00;0.452300012
Rabinalto;07/12/2021 22:00;0.430799991
Rabinalto;07/12/2021 23:00;0.371800005
Rabinalto;08/12/2021 0:00;0.312900007
Rabinalto;08/12/2021 1:00;0.270000011
Rabinalto;08/12/2021 2:00;0.243200004
Rabinalto;08/12/2021 3:00;0.216399997
Rabinalto;08/12/2021 4:00;0.189600006
Rabinalto;08/12/2021 5:00;0.162799999
Rabinalto;08/12/2021 6:00;0.141299993
Rabinalto;08/12/2021 7:00;0.125200003
Rabinalto;08/12/2021 8:00;0.109200001
Rabinalto;08/12/2021 9:00;0.093099996
Rabinalto;08/12/2021 10:00;0.077
Rabinalto;08/12/2021 11:00;0.066299997
Rabinalto;08/12/2021 12:00;0.0502
Rabinalto;08/12/2021 13:00;0.044799998
Rabinalto;08/12/2021 14:00;0.0341
Rabinalto;08/12/2021 15:00;0.0341
Rabinalto;08/12/2021 16:00;0.023399999
Rabinalto;08/12/2021 17:00;0.0073
Rabinalto;08/12/2021 18:00;-0.0141
Rabinalto;08/12/2021 19:00;-0.040899999
Rabinalto;08/12/2021 20:00;-0.062399998
Rabinalto;08/12/2021 21:00;-0.083800003
Rabinalto;08/12/2021 22:00;-0.115999997
Rabinalto;08/12/2021 23:00;-0.142800003
Rabinalto;09/12/2021 0:00;-0.164199993
Rabinalto;09/12/2021 1:00;-0.169599995
Rabinalto;09/12/2021 2:00;-0.174999997
Rabinalto;09/12/2021 3:00;-0.174999997
Rabinalto;09/12/2021 4:00;-0.174999997
Rabinalto;09/12/2021 5:00;-0.164199993
Rabinalto;09/12/2021 6:00;-0.153500006
Rabinalto;09/12/2021 7:00;-0.142800003
Rabinalto;09/12/2021 8:00;-0.137400001
Rabinalto;09/12/2021 9:00;-0.126699999
Rabinalto;09/12/2021 10:00;-0.115999997
Rabinalto;09/12/2021 11:00;-0.105300002
Rabinalto;09/12/2021 12:00;-0.094599999
Rabinalto;09/12/2021 13:00;-0.083800003
Rabinalto;09/12/2021 14:00;-0.073100001
Rabinalto;09/12/2021 15:00;-0.067699999
Rabinalto;09/12/2021 16:00;-0.062399998
Rabinalto;09/12/2021 17:00;-0.062399998
Rabinalto;09/12/2021 18:00;-0.0517
Rabinalto;09/12/2021 19:00;-0.0517
Rabinalto;09/12/2021 20:00;-0.046300001
Rabinalto;09/12/2021 21:00;-0.040899999
Rabinalto;09/12/2021 22:00;-0.040899999
Rabinalto;09/12/2021 23:00;-0.035599999
Rabinalto;10/12/2021 0:00;-0.035599999
Rabinalto;10/12/2021 1:00;-0.030200001
Rabinalto;10/12/2021 2:00;-0.024900001
Rabinalto;10/12/2021 3:00;-0.030200001
Rabinalto;10/12/2021 4:00;-0.035599999
Rabinalto;10/12/2021 5:00;-0.035599999
Rabinalto;10/12/2021 6:00;-0.035599999
Rabinalto;10/12/2021 7:00;-0.030200001
Rabinalto;10/12/2021 8:00;-0.024900001
Rabinalto;10/12/2021 9:00;-0.024900001
Rabinalto;10/12/2021 10:00;-0.0195
Rabinalto;10/12/2021 11:00;-0.0141
Rabinalto;10/12/2021 12:00;-0.0034
Rabinalto;10/12/2021 13:00;0.0019
Rabinalto;10/12/2021 14:00;0.0019
Rabinalto;10/12/2021 15:00;0.0073
Rabinalto;10/12/2021 16:00;0.0019
Rabinalto;10/12/2021 17:00;-0.0034
Rabinalto;10/12/2021 18:00;-0.0141
Rabinalto;10/12/2021 19:00;-0.0195
Rabinalto;10/12/2021 20:00;-0.024900001
Rabinalto;10/12/2021 21:00;-0.030200001
Rabinalto;10/12/2021 22:00;-0.030200001
Rabinalto;10/12/2021 23:00;-0.030200001
Rabinalto;11/12/2021 0:00;-0.030200001
Rabinalto;11/12/2021 1:00;-0.024900001
Rabinalto;11/12/2021 2:00;-0.024900001
Rabinalto;11/12/2021 3:00;-0.024900001
Rabinalto;11/12/2021 4:00;-0.0195
Rabinalto;11/12/2021 5:00;-0.0141
Rabinalto;11/12/2021 6:00;-0.0141
Rabinalto;11/12/2021 7:00;0.0127
Rabinalto;11/12/2021 8:00;0.055500001
Rabinalto;11/12/2021 9:00;0.103799999
Rabinalto;11/12/2021 10:00;0.168099999
Rabinalto;11/12/2021 11:00;0.280699998
Rabinalto;11/12/2021 12:00;0.538100004
Rabinalto;11/12/2021 13:00;1.170799971
Rabinalto;11/12/2021 14:00;2.163000107
Rabinalto;11/12/2021 15:00;2.796099901
Rabinalto;11/12/2021 16:00;1.599799991
Rabinalto;11/12/2021 17:00;0.790099978
Rabinalto;11/12/2021 18:00;0.618499994
Rabinalto;11/12/2021 19:00;0.463
Rabinalto;11/12/2021 20:00;0.361099988
Rabinalto;11/12/2021 21:00;0.291399986
Rabinalto;11/12/2021 22:00;0.232500002
Rabinalto;11/12/2021 23:00;0.194900006
Rabinalto;12/12/2021 0:00;0.157399997
Rabinalto;12/12/2021 1:00;0.119900003
Rabinalto;12/12/2021 2:00;0.082400002
Rabinalto;12/12/2021 3:00;0.0502
Rabinalto;12/12/2021 4:00;0.0127
Rabinalto;12/12/2021 5:00;-0.024900001
Rabinalto;12/12/2021 6:00;-0.073100001
Rabinalto;12/12/2021 7:00;-0.115999997
Rabinalto;12/12/2021 8:00;-0.137400001
Rabinalto;12/12/2021 9:00;-0.169599995
Rabinalto;12/12/2021 10:00;-0.164199993
Rabinalto;12/12/2021 11:00;-0.126699999
Rabinalto;12/12/2021 12:00;-0.089199997
Rabinalto;12/12/2021 13:00;-0.046300001
Rabinalto;12/12/2021 14:00;-0.0195
Rabinalto;12/12/2021 15:00;0.0073
Rabinalto;12/12/2021 16:00;0.0287
Rabinalto;12/12/2021 17:00;0.039500002
Rabinalto;12/12/2021 18:00;0.023399999
Rabinalto;12/12/2021 19:00;-0.024900001
Rabinalto;12/12/2021 20:00;-0.073100001
Rabinalto;12/12/2021 21:00;-0.148200005
Rabinalto;12/12/2021 22:00;-0.201800004
Rabinalto;12/12/2021 23:00;-0.25
Rabinalto;13/12/2021 0:00;-0.292899996
Rabinalto;13/12/2021 1:00;-0.308999985
Rabinalto;13/12/2021 2:00;-0.324999988
Rabinalto;13/12/2021 3:00;-0.341100007
Rabinalto;13/12/2021 4:00;-0.394699991
Rabinalto;13/12/2021 5:00;-0.421499997
Rabinalto;13/12/2021 6:00;-0.469799995
Rabinalto;13/12/2021 7:00;-0.512700021
Rabinalto;13/12/2021 8:00;-0.550199986
Rabinalto;13/12/2021 9:00;-0.57160002
Rabinalto;13/12/2021 10:00;-0.501900017
Rabinalto;13/12/2021 11:00;-0.400099993
Rabinalto;13/12/2021 12:00;-0.308999985
Rabinalto;13/12/2021 13:00;-0.244599998
Rabinalto;13/12/2021 14:00;-0.196400002
Rabinalto;13/12/2021 15:00;-0.169599995
Rabinalto;13/12/2021 16:00;-0.148200005
Rabinalto;13/12/2021 17:00;-0.174999997
Rabinalto;13/12/2021 18:00;-0.25
Rabinalto;13/12/2021 19:00;-0.394699991
Rabinalto;13/12/2021 20:00;-0.496600002
Rabinalto;13/12/2021 21:00;-0.577000022
Rabinalto;13/12/2021 22:00;-0.641300023
Rabinalto;13/12/2021 23:00;-0.662699997
Rabinalto;14/12/2021 0:00;-0.684199989
Rabinalto;14/12/2021 1:00;-0.694899976
Rabinalto;14/12/2021 2:00;-0.700200021
Rabinalto;14/12/2021 3:00;-0.716300011
Rabinalto;14/12/2021 4:00;-0.726999998
Rabinalto;14/12/2021 5:00;-0.721700013
Rabinalto;14/12/2021 6:00;-0.753799975
Rabinalto;14/12/2021 7:00;-0.764599979
Rabinalto;14/12/2021 8:00;-0.780600011
Rabinalto;14/12/2021 9:00;-0.737800002
Rabinalto;14/12/2021 10:00;-0.630599976
Rabinalto;14/12/2021 11:00;-0.501900017
Rabinalto;14/12/2021 12:00;-0.400099993
Rabinalto;14/12/2021 13:00;-0.324999988
Rabinalto;14/12/2021 14:00;-0.271400005
Rabinalto;14/12/2021 15:00;-0.244599998
Rabinalto;14/12/2021 16:00;-0.239299998
Rabinalto;14/12/2021 17:00;-0.25
Rabinalto;14/12/2021 18:00;-0.282200009
Rabinalto;14/12/2021 19:00;-0.341100007
Rabinalto;14/12/2021 20:00;-0.426899999
Rabinalto;14/12/2021 21:00;-0.501900017
Rabinalto;14/12/2021 22:00;-0.566200018
Rabinalto;14/12/2021 23:00;-0.598399997
Rabinalto;15/12/2021 0:00;-0.635900021
Rabinalto;15/12/2021 1:00;-0.689499974
Rabinalto;15/12/2021 2:00;-0.7324
Rabinalto;15/12/2021 3:00;-0.74849999
Rabinalto;15/12/2021 4:00;-0.823499978
Rabinalto;15/12/2021 5:00;-0.769900024
Rabinalto;15/12/2021 6:00;-0.668099999
Rabinalto;15/12/2021 7:00;-0.641300023
Rabinalto;15/12/2021 8:00;-0.657400012
Rabinalto;15/12/2021 9:00;-0.668099999
Rabinalto;15/12/2021 10:00;-0.582300007
Rabinalto;15/12/2021 11:00;-0.453700006
Rabinalto;15/12/2021 12:00;-0.357199997
Rabinalto;15/12/2021 13:00;-0.298200011
Rabinalto;15/12/2021 14:00;-0.260699987
Rabinalto;15/12/2021 15:00;-0.233899996
Rabinalto;15/12/2021 16:00;-0.217800006
Rabinalto;15/12/2021 17:00;-0.212500006
Rabinalto;15/12/2021 18:00;-0.228599995
Rabinalto;15/12/2021 19:00;-0.271400005
Rabinalto;15/12/2021 20:00;-0.314300001
Rabinalto;15/12/2021 21:00;-0.373299986
Rabinalto;15/12/2021 22:00;-0.405499995
Rabinalto;15/12/2021 23:00;-0.464399993
Rabinalto;16/12/2021 0:00;-0.4912
Rabinalto;16/12/2021 1:00;-0.534099996
Rabinalto;16/12/2021 2:00;-0.566200018
Rabinalto;16/12/2021 3:00;-0.582300007
Rabinalto;16/12/2021 4:00;-0.582300007
Rabinalto;16/12/2021 5:00;-0.566200018
Rabinalto;16/12/2021 6:00;-0.619799972
Rabinalto;16/12/2021 7:00;-0.673399985
Rabinalto;16/12/2021 8:00;-0.721700013
Rabinalto;16/12/2021 9:00;-0.721700013
Rabinalto;16/12/2021 10:00;-0.65200001
Rabinalto;16/12/2021 11:00;-0.512700021
Rabinalto;16/12/2021 12:00;-0.426899999
Rabinalto;16/12/2021 13:00;-0.378699988
Rabinalto;16/12/2021 14:00;-0.341100007
Rabinalto;16/12/2021 15:00;-0.319700003
Rabinalto;16/12/2021 16:00;-0.341100007
Rabinalto;16/12/2021 17:00;-0.394699991
Rabinalto;16/12/2021 18:00;-0.475100011
Rabinalto;16/12/2021 19:00;-0.566200018
Rabinalto;16/12/2021 20:00;-0.603799999
Rabinalto;16/12/2021 21:00;-0.684199989
Rabinalto;16/12/2021 22:00;-0.7324
Rabinalto;16/12/2021 23:00;-0.716300011
Rabinalto;17/12/2021 0:00;-0.726999998
Rabinalto;17/12/2021 1:00;-0.759199977
Rabinalto;17/12/2021 2:00;-0.807399988
Rabinalto;17/12/2021 3:00;-0.802100003
Rabinalto;17/12/2021 4:00;-0.834200025
Rabinalto;17/12/2021 5:00;-0.855700016
Rabinalto;17/12/2021 6:00;-0.866400003
Rabinalto;17/12/2021 7:00;-0.909300029
Rabinalto;17/12/2021 8:00;-0.941399992
Rabinalto;17/12/2021 9:00;-0.941399992
Rabinalto;17/12/2021 10:00;-0.834200025
Rabinalto;17/12/2021 11:00;-0.689499974
Rabinalto;17/12/2021 12:00;-0.609099984
Rabinalto;17/12/2021 13:00;-0.518000007
Rabinalto;17/12/2021 14:00;-0.459100008
Rabinalto;17/12/2021 15:00;-0.442999989
Rabinalto;17/12/2021 16:00;-0.480500013
Rabinalto;17/12/2021 17:00;-0.582300007
Rabinalto;17/12/2021 18:00;-0.689499974
Rabinalto;17/12/2021 19:00;-0.74849999
Rabinalto;17/12/2021 20:00;-0.850300014
Rabinalto;17/12/2021 21:00;-0.920000017
Rabinalto;17/12/2021 22:00;-1.011100054
Rabinalto;17/12/2021 23:00;-1.112900019
Rabinalto;18/12/2021 0:00;-1.230800033
Rabinalto;18/12/2021 1:00;-1.289700031
Rabinalto;18/12/2021 2:00;-1.338000059
Rabinalto;18/12/2021 3:00;-1.359400034
Rabinalto;18/12/2021 4:00;-1.396900058
Rabinalto;18/12/2021 5:00;-1.434399962
Rabinalto;18/12/2021 6:00;-1.455899954
Rabinalto;18/12/2021 7:00;-1.466599941
Rabinalto;18/12/2021 8:00;-1.477300048
Rabinalto;18/12/2021 9:00;-1.525500059
Rabinalto;18/12/2021 10:00;-1.455899954
Rabinalto;18/12/2021 11:00;-1.300500035
Rabinalto;18/12/2021 12:00;-1.070000052
Rabinalto;18/12/2021 13:00;-0.882499993
Rabinalto;18/12/2021 14:00;-0.74849999
Rabinalto;18/12/2021 15:00;-0.689499974
Rabinalto;18/12/2021 16:00;-0.711000025
Rabinalto;18/12/2021 17:00;-0.796700001
Rabinalto;18/12/2021 18:00;-0.903900027
Rabinalto;18/12/2021 19:00;-0.941399992
Rabinalto;18/12/2021 20:00;-1.032500029
Rabinalto;18/12/2021 21:00;-1.09679997
Rabinalto;18/12/2021 22:00;-1.118299961
Rabinalto;18/12/2021 23:00;-1.150400043
Rabinalto;19/12/2021 0:00;-1.193300009
Rabinalto;19/12/2021 1:00;-1.305799961
Rabinalto;19/12/2021 2:00;-1.391600013
Rabinalto;19/12/2021 3:00;-1.471899986
Rabinalto;19/12/2021 4:00;-1.520200014
Rabinalto;19/12/2021 5:00;-1.520200014
Rabinalto;19/12/2021 6:00;-1.584499955
Rabinalto;19/12/2021 7:00;-1.552299976
Rabinalto;19/12/2021 8:00;-1.536200047
Rabinalto;19/12/2021 9:00;-1.520200014
Rabinalto;19/12/2021 10:00;-1.343299985
Rabinalto;19/12/2021 11:00;-0.914600015
Rabinalto;19/12/2021 12:00;-0.587700009
Rabinalto;19/12/2021 13:00;-0.437599987
Rabinalto;19/12/2021 14:00;-0.362599999
Rabinalto;19/12/2021 15:00;-0.314300001
Rabinalto;19/12/2021 16:00;-0.287499994
Rabinalto;19/12/2021 17:00;-0.276800007
Rabinalto;19/12/2021 18:00;-0.271400005
Rabinalto;19/12/2021 19:00;-0.480500013
Rabinalto;19/12/2021 20:00;-0.877099991
Rabinalto;19/12/2021 21:00;-1.112900019
Rabinalto;19/12/2021 22:00;-1.230800033
Rabinalto;19/12/2021 23:00;-1.311200023
Rabinalto;20/12/2021 0:00;-1.364799976
Rabinalto;20/12/2021 1:00;-1.386199951
Rabinalto;20/12/2021 2:00;-1.316499949
Rabinalto;20/12/2021 3:00;-1.279000044
Rabinalto;20/12/2021 4:00;-1.289700031
Rabinalto;20/12/2021 5:00;-1.348700047
Rabinalto;20/12/2021 6:00;-1.311200023
Rabinalto;20/12/2021 7:00;-1.17719996
Rabinalto;20/12/2021 8:00;-1.316499949
Rabinalto;20/12/2021 9:00;-1.134299994
Rabinalto;20/12/2021 10:00;-1.01639998
Rabinalto;20/12/2021 11:00;-0.764599979
Rabinalto;20/12/2021 12:00;-0.566200018
Rabinalto;20/12/2021 13:00;-0.432300001
Rabinalto;20/12/2021 14:00;-0.362599999
Rabinalto;20/12/2021 15:00;-0.319700003
Rabinalto;20/12/2021 16:00;-0.287499994
Rabinalto;20/12/2021 17:00;-0.271400005
Rabinalto;20/12/2021 18:00;-0.260699987
Rabinalto;20/12/2021 19:00;-0.255400002
Rabinalto;20/12/2021 20:00;-0.25
Rabinalto;20/12/2021 21:00;-0.239299998
Rabinalto;20/12/2021 22:00;-0.233899996
Rabinalto;20/12/2021 23:00;-0.233899996
Rabinalto;21/12/2021 0:00;-0.228599995
Rabinalto;21/12/2021 1:00;-0.223199993
Rabinalto;21/12/2021 2:00;-0.223199993
Rabinalto;21/12/2021 3:00;-0.217800006
Rabinalto;21/12/2021 4:00;-0.217800006
Rabinalto;21/12/2021 5:00;-0.217800006
Rabinalto;21/12/2021 6:00;-0.217800006
Rabinalto;21/12/2021 7:00;-0.212500006
Rabinalto;21/12/2021 8:00;-0.212500006
Rabinalto;21/12/2021 9:00;-0.212500006
Rabinalto;21/12/2021 10:00;-0.207100004
Rabinalto;21/12/2021 11:00;-0.207100004
Rabinalto;21/12/2021 12:00;-0.201800004
Rabinalto;21/12/2021 13:00;-0.169599995
Rabinalto;21/12/2021 14:00;-0.180299997
Rabinalto;21/12/2021 15:00;-0.191
Rabinalto;21/12/2021 16:00;-0.137400001
Rabinalto;21/12/2021 17:00;-0.115999997
Rabinalto;21/12/2021 18:00;-0.148200005
Rabinalto;21/12/2021 19:00;-0.158899993
Rabinalto;21/12/2021 20:00;-0.137400001
Rabinalto;21/12/2021 21:00;-0.121399999
Rabinalto;21/12/2021 22:00;-0.094599999
Rabinalto;21/12/2021 23:00;-0.078500003
Rabinalto;22/12/2021 0:00;-0.067699999
Rabinalto;22/12/2021 1:00;-0.057
Rabinalto;22/12/2021 2:00;-0.040899999
Rabinalto;22/12/2021 3:00;-0.030200001
Rabinalto;22/12/2021 4:00;-0.040899999
Rabinalto;22/12/2021 5:00;-0.040899999
Rabinalto;22/12/2021 6:00;-0.035599999
Rabinalto;22/12/2021 7:00;-0.035599999
Rabinalto;22/12/2021 8:00;-0.046300001
Rabinalto;22/12/2021 9:00;-0.057
Rabinalto;22/12/2021 10:00;-0.0195
Rabinalto;22/12/2021 11:00;0.114500001
Rabinalto;22/12/2021 12:00;0.323599994
Rabinalto;22/12/2021 13:00;0.387899995
Rabinalto;22/12/2021 14:00;0.639900029
Rabinalto;22/12/2021 15:00;0.800800025
Rabinalto;22/12/2021 16:00;0.790099978
Rabinalto;22/12/2021 17:00;0.409399986
Rabinalto;22/12/2021 18:00;0.017999999
Rabinalto;22/12/2021 19:00;-0.137400001
Rabinalto;22/12/2021 20:00;-0.180299997
Rabinalto;22/12/2021 21:00;-0.191
Rabinalto;22/12/2021 22:00;-0.158899993
Rabinalto;22/12/2021 23:00;-0.137400001
Rabinalto;23/12/2021 0:00;-0.132100001
Rabinalto;23/12/2021 1:00;-0.0999
Rabinalto;23/12/2021 2:00;-0.094599999
Rabinalto;23/12/2021 3:00;-0.083800003
Rabinalto;23/12/2021 4:00;-0.057
Rabinalto;23/12/2021 5:00;-0.0517
Rabinalto;23/12/2021 6:00;-0.024900001
Rabinalto;23/12/2021 7:00;0.017999999
Rabinalto;23/12/2021 8:00;0.023399999
Rabinalto;23/12/2021 9:00;0.017999999
Rabinalto;23/12/2021 10:00;0.098399997
Rabinalto;23/12/2021 11:00;0.361099988
Rabinalto;23/12/2021 12:00;0.714999974
Rabinalto;23/12/2021 13:00;0.693499982
Rabinalto;23/12/2021 14:00;0.763199985
Rabinalto;23/12/2021 15:00;0.709599972
Rabinalto;23/12/2021 16:00;0.881200016
Rabinalto;23/12/2021 17:00;0.67750001
Rabinalto;23/12/2021 18:00;0.468400002
Rabinalto;23/12/2021 19:00;0.30219999
Rabinalto;23/12/2021 20:00;0.253899992
Rabinalto;23/12/2021 21:00;0.270000011
Rabinalto;23/12/2021 22:00;0.237800002
Rabinalto;23/12/2021 23:00;0.114500001
Rabinalto;24/12/2021 0:00;-0.078500003
Rabinalto;24/12/2021 1:00;-0.105300002
Rabinalto;24/12/2021 2:00;-0.121399999
Rabinalto;24/12/2021 3:00;-0.126699999
Rabinalto;24/12/2021 4:00;-0.137400001
Rabinalto;24/12/2021 5:00;-0.148200005
Rabinalto;24/12/2021 6:00;-0.148200005
Rabinalto;24/12/2021 7:00;-0.148200005
Rabinalto;24/12/2021 8:00;-0.148200005
Rabinalto;24/12/2021 9:00;-0.153500006
Rabinalto;24/12/2021 10:00;-0.148200005
Rabinalto;24/12/2021 11:00;-0.148200005
Rabinalto;24/12/2021 12:00;-0.142800003
Rabinalto;24/12/2021 13:00;-0.142800003
Rabinalto;24/12/2021 14:00;-0.142800003
Rabinalto;24/12/2021 15:00;-0.137400001
Rabinalto;24/12/2021 16:00;-0.137400001
Rabinalto;24/12/2021 17:00;-0.132100001
Rabinalto;24/12/2021 18:00;-0.132100001
Rabinalto;24/12/2021 19:00;-0.132100001
Rabinalto;24/12/2021 20:00;-0.126699999
Rabinalto;24/12/2021 21:00;-0.126699999
Rabinalto;24/12/2021 22:00;-0.126699999
Rabinalto;24/12/2021 23:00;-0.121399999
Rabinalto;25/12/2021 0:00;-0.126699999
Rabinalto;25/12/2021 1:00;-0.121399999
Rabinalto;25/12/2021 2:00;-0.121399999
Rabinalto;25/12/2021 3:00;-0.121399999
Rabinalto;25/12/2021 4:00;-0.115999997
Rabinalto;25/12/2021 5:00;-0.115999997
Rabinalto;25/12/2021 6:00;-0.115999997
Rabinalto;25/12/2021 7:00;-0.115999997
Rabinalto;25/12/2021 8:00;-0.110600002
Rabinalto;25/12/2021 9:00;-0.110600002
Rabinalto;25/12/2021 10:00;-0.110600002
Rabinalto;25/12/2021 11:00;-0.110600002
Rabinalto;25/12/2021 12:00;-0.105300002
Rabinalto;25/12/2021 13:00;-0.105300002
Rabinalto;25/12/2021 14:00;-0.105300002
Rabinalto;25/12/2021 15:00;-0.105300002
Rabinalto;25/12/2021 16:00;-0.0999
Rabinalto;25/12/2021 17:00;-0.0999
Rabinalto;25/12/2021 18:00;-0.0999
Rabinalto;25/12/2021 19:00;-0.0999
Rabinalto;25/12/2021 20:00;-0.094599999
Rabinalto;25/12/2021 21:00;-0.094599999
Rabinalto;25/12/2021 22:00;-0.094599999
Rabinalto;25/12/2021 23:00;-0.089199997
Rabinalto;26/12/2021 0:00;-0.089199997
Rabinalto;26/12/2021 1:00;-0.083800003
Rabinalto;26/12/2021 2:00;-0.078500003
Rabinalto;26/12/2021 3:00;-0.078500003
Rabinalto;26/12/2021 4:00;-0.078500003
Rabinalto;26/12/2021 5:00;-0.067699999
Rabinalto;26/12/2021 6:00;-0.067699999
Rabinalto;26/12/2021 7:00;-0.062399998
Rabinalto;26/12/2021 8:00;-0.062399998
Rabinalto;26/12/2021 9:00;-0.057
Rabinalto;26/12/2021 10:00;-0.0517
Rabinalto;26/12/2021 11:00;-0.0517
Rabinalto;26/12/2021 12:00;-0.046300001
Rabinalto;26/12/2021 13:00;-0.040899999
Rabinalto;26/12/2021 14:00;-0.040899999
Rabinalto;26/12/2021 15:00;-0.040899999
Rabinalto;26/12/2021 16:00;-0.035599999
Rabinalto;26/12/2021 17:00;-0.035599999
Rabinalto;26/12/2021 18:00;-0.030200001
Rabinalto;26/12/2021 19:00;-0.035599999
Rabinalto;26/12/2021 20:00;-0.040899999
Rabinalto;26/12/2021 21:00;-0.046300001
Rabinalto;26/12/2021 22:00;-0.040899999
Rabinalto;26/12/2021 23:00;-0.040899999
Rabinalto;27/12/2021 0:00;-0.035599999
Rabinalto;27/12/2021 1:00;-0.035599999
Rabinalto;27/12/2021 2:00;-0.035599999
Rabinalto;27/12/2021 3:00;-0.035599999
Rabinalto;27/12/2021 4:00;-0.030200001
Rabinalto;27/12/2021 5:00;-0.024900001
Rabinalto;27/12/2021 6:00;-0.0195
Rabinalto;27/12/2021 7:00;-0.0141
Rabinalto;27/12/2021 8:00;-0.0088
Rabinalto;27/12/2021 9:00;-0.0088
Rabinalto;27/12/2021 10:00;-0.0034
Rabinalto;27/12/2021 11:00;0.0019
Rabinalto;27/12/2021 12:00;0.0073
Rabinalto;27/12/2021 13:00;0.0127
Rabinalto;27/12/2021 14:00;0.0127
Rabinalto;27/12/2021 15:00;0.023399999
Rabinalto;27/12/2021 16:00;0.0287
Rabinalto;27/12/2021 17:00;0.0341
Rabinalto;27/12/2021 18:00;0.039500002
Rabinalto;27/12/2021 19:00;0.044799998
Rabinalto;27/12/2021 20:00;0.039500002
Rabinalto;27/12/2021 21:00;0.039500002
Rabinalto;27/12/2021 22:00;0.044799998
Rabinalto;27/12/2021 23:00;0.044799998
Rabinalto;28/12/2021 0:00;0.0502
Rabinalto;28/12/2021 1:00;0.044799998
Rabinalto;28/12/2021 2:00;0.0502
Rabinalto;28/12/2021 3:00;0.066299997
Rabinalto;28/12/2021 4:00;0.087700002
Rabinalto;28/12/2021 5:00;0.114500001
Rabinalto;28/12/2021 6:00;0.141299993
Rabinalto;28/12/2021 7:00;0.184200004
Rabinalto;28/12/2021 8:00;0.270000011
Rabinalto;28/12/2021 9:00;0.382600009
Rabinalto;28/12/2021 10:00;0.511200011
Rabinalto;28/12/2021 11:00;0.725700021
Rabinalto;28/12/2021 12:00;1.106400013
Rabinalto;28/12/2021 13:00;1.937700033
Rabinalto;28/12/2021 14:00;2.517100096
Rabinalto;28/12/2021 15:00;1.814399958
Rabinalto;28/12/2021 16:00;1.610499978
Rabinalto;28/12/2021 17:00;1.53550005
Rabinalto;28/12/2021 18:00;1.111799955
Rabinalto;28/12/2021 19:00;0.875899971
Rabinalto;28/12/2021 20:00;0.559499979
Rabinalto;28/12/2021 21:00;0.522000015
Rabinalto;28/12/2021 22:00;0.44690001
Rabinalto;28/12/2021 23:00;0.425500005
Rabinalto;29/12/2021 0:00;0.516600013
Rabinalto;29/12/2021 1:00;0.666700006
Rabinalto;29/12/2021 2:00;1.18690002
Rabinalto;29/12/2021 3:00;1.487200022
Rabinalto;29/12/2021 4:00;1.696400046
Rabinalto;29/12/2021 5:00;1.723199964
Rabinalto;29/12/2021 6:00;1.792899966
Rabinalto;29/12/2021 7:00;1.814399958
Rabinalto;29/12/2021 8:00;1.787500024
Rabinalto;29/12/2021 9:00;1.680299997
Rabinalto;29/12/2021 10:00;1.857300043
Rabinalto;29/12/2021 11:00;2.382999897
Rabinalto;29/12/2021 12:00;2.672699928
Rabinalto;29/12/2021 13:00;3.144799948
Rabinalto;29/12/2021 14:00;2.790699959
Rabinalto;29/12/2021 15:00;2.769200087
Rabinalto;29/12/2021 16:00;2.479500055
Rabinalto;29/12/2021 17:00;2.211299896
Rabinalto;29/12/2021 18:00;1.932399988
Rabinalto;29/12/2021 19:00;1.610499978
Rabinalto;29/12/2021 20:00;1.299499989
Rabinalto;29/12/2021 21:00;1.074300051
Rabinalto;29/12/2021 22:00;0.865100026
Rabinalto;29/12/2021 23:00;0.672100008
Rabinalto;30/12/2021 0:00;0.564899981
Rabinalto;30/12/2021 1:00;0.505900025
Rabinalto;30/12/2021 2:00;0.473699987
Rabinalto;30/12/2021 3:00;0.361099988
Rabinalto;30/12/2021 4:00;0.205699995
Rabinalto;30/12/2021 5:00;0.44690001
Rabinalto;30/12/2021 6:00;0.441500008
Rabinalto;30/12/2021 7:00;0.409399986
Rabinalto;30/12/2021 8:00;0.377200007
Rabinalto;30/12/2021 9:00;0.339700013
Rabinalto;30/12/2021 10:00;0.307500005
Rabinalto;30/12/2021 11:00;0.291399986
Rabinalto;30/12/2021 12:00;0.307500005
Rabinalto;30/12/2021 13:00;0.382600009
Rabinalto;30/12/2021 14:00;0.54339999
Rabinalto;30/12/2021 15:00;0.688199997
Rabinalto;30/12/2021 16:00;0.763199985
Rabinalto;30/12/2021 17:00;0.725700021
Rabinalto;30/12/2021 18:00;0.62379998
Rabinalto;30/12/2021 19:00;0.516600013
Rabinalto;30/12/2021 20:00;0.420100003
Rabinalto;30/12/2021 21:00;0.350400001
Rabinalto;30/12/2021 22:00;0.275299996
Rabinalto;30/12/2021 23:00;0.200299993
Rabinalto;31/12/2021 0:00;0.125200003
Rabinalto;31/12/2021 1:00;0.055500001
Rabinalto;31/12/2021 2:00;-0.0088
Rabinalto;31/12/2021 3:00;-0.046300001
Rabinalto;31/12/2021 4:00;-0.105300002
Rabinalto;31/12/2021 5:00;-0.158899993
Rabinalto;31/12/2021 6:00;-0.201800004
Rabinalto;31/12/2021 7:00;-0.223199993
Rabinalto;31/12/2021 8:00;-0.244599998
Rabinalto;31/12/2021 9:00;-0.271400005
Rabinalto;31/12/2021 10:00;-0.228599995
Rabinalto;31/12/2021 11:00;-0.158899993
Rabinalto;31/12/2021 12:00;-0.110600002
Rabinalto;31/12/2021 13:00;-0.078500003
Rabinalto;31/12/2021 14:00;-0.0517
Rabinalto;31/12/2021 15:00;-0.0195
Rabinalto;31/12/2021 16:00;0.0127
Rabinalto;31/12/2021 17:00;0.044799998
Rabinalto;31/12/2021 18:00;0.0502
Rabinalto;31/12/2021 19:00;0.017999999
Rabinalto;31/12/2021 20:00;-0.0141
Rabinalto;31/12/2021 21:00;-0.062399998
Rabinalto;31/12/2021 22:00;-0.121399999
Rabinalto;31/12/2021 23:00;-0.153500006
Rabinalto;01/01/2022 0:00;-0.158899993
Rabinalto;01/01/2022 1:00;-0.174999997
Rabinalto;01/01/2022 2:00;-0.196400002
Rabinalto;01/01/2022 3:00;-0.196400002
Rabinalto;01/01/2022 4:00;-0.164199993
Rabinalto;01/01/2022 5:00;-0.137400001
Rabinalto;01/01/2022 6:00;-0.158899993
Rabinalto;01/01/2022 7:00;-0.217800006
Rabinalto;01/01/2022 8:00;-0.244599998
Rabinalto;01/01/2022 9:00;-0.260699987
Rabinalto;01/01/2022 10:00;-0.196400002
Rabinalto;01/01/2022 11:00;-0.153500006
Rabinalto;01/01/2022 12:00;-0.115999997
Rabinalto;01/01/2022 13:00;-0.083800003
Rabinalto;01/01/2022 14:00;-0.0517
Rabinalto;01/01/2022 15:00;-0.0088
Rabinalto;01/01/2022 16:00;0.0287
Rabinalto;01/01/2022 17:00;0.060899999
Rabinalto;01/01/2022 18:00;0.082400002
Rabinalto;01/01/2022 19:00;0.087700002
Rabinalto;01/01/2022 20:00;0.082400002
Rabinalto;01/01/2022 21:00;0.077
Rabinalto;01/01/2022 22:00;0.071599998
Rabinalto;01/01/2022 23:00;0.055500001
Rabinalto;02/01/2022 0:00;0.0341
Rabinalto;02/01/2022 1:00;0.039500002
Rabinalto;02/01/2022 2:00;0.0502
Rabinalto;02/01/2022 3:00;0.071599998
Rabinalto;02/01/2022 4:00;0.098399997
Rabinalto;02/01/2022 5:00;0.125200003
Rabinalto;02/01/2022 6:00;0.173500001
Rabinalto;02/01/2022 7:00;0.194900006
Rabinalto;02/01/2022 8:00;0.173500001
Rabinalto;02/01/2022 9:00;0.136000007
Rabinalto;02/01/2022 10:00;0.098399997
Rabinalto;02/01/2022 11:00;0.071599998
Rabinalto;02/01/2022 12:00;0.071599998
Rabinalto;02/01/2022 13:00;0.093099996
Rabinalto;02/01/2022 14:00;0.210999995
Rabinalto;02/01/2022 15:00;0.344999999
Rabinalto;02/01/2022 16:00;0.44690001
Rabinalto;02/01/2022 17:00;0.473699987
Rabinalto;02/01/2022 18:00;0.414700001
Rabinalto;02/01/2022 19:00;0.334300011
Rabinalto;02/01/2022 20:00;0.264600009
Rabinalto;02/01/2022 21:00;0.200299993
Rabinalto;02/01/2022 22:00;0.130600005
Rabinalto;02/01/2022 23:00;0.077
Rabinalto;03/01/2022 0:00;0.0287
Rabinalto;03/01/2022 1:00;-0.0195
Rabinalto;03/01/2022 2:00;-0.073100001
Rabinalto;03/01/2022 3:00;-0.126699999
Rabinalto;03/01/2022 4:00;-0.185699999
Rabinalto;03/01/2022 5:00;-0.228599995
Rabinalto;03/01/2022 6:00;-0.271400005
Rabinalto;03/01/2022 7:00;-0.298200011
Rabinalto;03/01/2022 8:00;-0.271400005
Rabinalto;03/01/2022 9:00;-0.164199993
Rabinalto;03/01/2022 10:00;-0.126699999
Rabinalto;03/01/2022 11:00;-0.105300002
Rabinalto;03/01/2022 12:00;-0.083800003
Rabinalto;03/01/2022 13:00;-0.057
Rabinalto;03/01/2022 14:00;-0.0195
Rabinalto;03/01/2022 15:00;0.082400002
Rabinalto;03/01/2022 16:00;0.232500002
Rabinalto;03/01/2022 17:00;0.382600009
Rabinalto;03/01/2022 18:00;0.5273
Rabinalto;03/01/2022 19:00;0.420100003
Rabinalto;03/01/2022 20:00;0.425500005
Rabinalto;03/01/2022 21:00;0.554099977
Rabinalto;03/01/2022 22:00;0.7579
Rabinalto;03/01/2022 23:00;0.827600002
Rabinalto;04/01/2022 0:00;0.97240001
Rabinalto;04/01/2022 1:00;1.090299964
Rabinalto;04/01/2022 2:00;1.176100016
Rabinalto;04/01/2022 3:00;1.235100031
Rabinalto;04/01/2022 4:00;1.337000012
Rabinalto;04/01/2022 5:00;1.202999949
Rabinalto;04/01/2022 6:00;0.591700017
Rabinalto;04/01/2022 7:00;0.511200011
Rabinalto;04/01/2022 8:00;0.452300012
Rabinalto;04/01/2022 9:00;0.409399986
Rabinalto;04/01/2022 10:00;0.382600009
Rabinalto;04/01/2022 11:00;0.355800003
Rabinalto;04/01/2022 12:00;0.350400001
Rabinalto;04/01/2022 13:00;0.350400001
Rabinalto;04/01/2022 14:00;0.350400001
Rabinalto;04/01/2022 15:00;0.344999999
Rabinalto;04/01/2022 16:00;0.339700013
Rabinalto;04/01/2022 17:00;0.334300011
Rabinalto;04/01/2022 18:00;0.312900007
Rabinalto;04/01/2022 19:00;0.2861
Rabinalto;04/01/2022 20:00;0.270000011
Rabinalto;04/01/2022 21:00;0.259299994
Rabinalto;04/01/2022 22:00;0.248500004
Rabinalto;04/01/2022 23:00;0.232500002
Rabinalto;05/01/2022 0:00;0.2271
Rabinalto;05/01/2022 1:00;0.221699998
Rabinalto;05/01/2022 2:00;0.216399997
Rabinalto;05/01/2022 3:00;0.210999995
Rabinalto;05/01/2022 4:00;0.194900006
Rabinalto;05/01/2022 5:00;0.184200004
Rabinalto;05/01/2022 6:00;0.173500001
Rabinalto;05/01/2022 7:00;0.162799999
Rabinalto;05/01/2022 8:00;0.157399997
Rabinalto;05/01/2022 9:00;0.146699995
Rabinalto;05/01/2022 10:00;0.141299993
Rabinalto;05/01/2022 11:00;0.136000007
Rabinalto;05/01/2022 12:00;0.130600005
Rabinalto;05/01/2022 13:00;0.130600005
Rabinalto;05/01/2022 14:00;0.136000007
Rabinalto;05/01/2022 15:00;0.136000007
Rabinalto;05/01/2022 16:00;0.141299993
Rabinalto;05/01/2022 17:00;0.146699995
Rabinalto;05/01/2022 18:00;0.146699995
Rabinalto;05/01/2022 19:00;0.151999995
Rabinalto;05/01/2022 20:00;0.151999995
Rabinalto;05/01/2022 21:00;0.146699995
Rabinalto;05/01/2022 22:00;0.136000007
Rabinalto;05/01/2022 23:00;0.130600005
Rabinalto;06/01/2022 0:00;0.125200003
Rabinalto;06/01/2022 1:00;0.119900003
Rabinalto;06/01/2022 2:00;0.119900003
Rabinalto;06/01/2022 3:00;0.109200001
Rabinalto;06/01/2022 4:00;0.098399997
Rabinalto;06/01/2022 5:00;0.087700002
Rabinalto;06/01/2022 6:00;0.077
Rabinalto;06/01/2022 7:00;0.077
Rabinalto;06/01/2022 8:00;0.066299997
Rabinalto;06/01/2022 9:00;0.060899999
Rabinalto;06/01/2022 10:00;0.0502
Rabinalto;06/01/2022 11:00;0.044799998
Rabinalto;06/01/2022 12:00;0.039500002
Rabinalto;06/01/2022 13:00;0.0341
Rabinalto;06/01/2022 14:00;0.0341
Rabinalto;06/01/2022 15:00;0.0341
Rabinalto;06/01/2022 16:00;0.0341
Rabinalto;06/01/2022 17:00;0.0341
Rabinalto;06/01/2022 18:00;0.0341
Rabinalto;06/01/2022 19:00;0.0287
Rabinalto;06/01/2022 20:00;0.023399999
Rabinalto;06/01/2022 21:00;0.017999999
Rabinalto;06/01/2022 22:00;0.017999999
Rabinalto;06/01/2022 23:00;0.017999999
Rabinalto;07/01/2022 0:00;0.017999999
Rabinalto;07/01/2022 1:00;0.023399999
Rabinalto;07/01/2022 2:00;0.0287
Rabinalto;07/01/2022 3:00;0.023399999
Rabinalto;07/01/2022 4:00;0.0287
Rabinalto;07/01/2022 5:00;0.0287
Rabinalto;07/01/2022 6:00;0.023399999
Rabinalto;07/01/2022 7:00;0.017999999
Rabinalto;07/01/2022 8:00;0.0127
Rabinalto;07/01/2022 9:00;0.0073
Rabinalto;07/01/2022 10:00;0.0019
Rabinalto;07/01/2022 11:00;-0.0034
Rabinalto;07/01/2022 12:00;-0.0034
Rabinalto;07/01/2022 13:00;-0.0088
Rabinalto;07/01/2022 14:00;-0.0141
Rabinalto;07/01/2022 15:00;-0.0195
Rabinalto;07/01/2022 16:00;-0.024900001
Rabinalto;07/01/2022 17:00;-0.030200001
Rabinalto;07/01/2022 18:00;-0.030200001
Rabinalto;07/01/2022 19:00;-0.046300001
Rabinalto;07/01/2022 20:00;-0.0517
Rabinalto;07/01/2022 21:00;-0.057
Rabinalto;07/01/2022 22:00;-0.067699999
Rabinalto;07/01/2022 23:00;-0.078500003
Rabinalto;08/01/2022 0:00;-0.083800003
Rabinalto;08/01/2022 1:00;-0.089199997
Rabinalto;08/01/2022 2:00;-0.105300002
Rabinalto;08/01/2022 3:00;-0.115999997
Rabinalto;08/01/2022 4:00;-0.132100001
Rabinalto;08/01/2022 5:00;-0.148200005
Rabinalto;08/01/2022 6:00;-0.169599995
Rabinalto;08/01/2022 7:00;-0.191
Rabinalto;08/01/2022 8:00;-0.201800004
Rabinalto;08/01/2022 9:00;-0.212500006
Rabinalto;08/01/2022 10:00;-0.228599995
Rabinalto;08/01/2022 11:00;-0.244599998
Rabinalto;08/01/2022 12:00;-0.266099989
Rabinalto;08/01/2022 13:00;-0.266099989
Rabinalto;08/01/2022 14:00;-0.255400002
Rabinalto;08/01/2022 15:00;-0.233899996
Rabinalto;08/01/2022 16:00;-0.228599995
Rabinalto;08/01/2022 17:00;-0.228599995
Rabinalto;08/01/2022 18:00;-0.217800006
Rabinalto;08/01/2022 19:00;-0.201800004
Rabinalto;08/01/2022 20:00;-0.191
Rabinalto;08/01/2022 21:00;-0.185699999
Rabinalto;08/01/2022 22:00;-0.174999997
Rabinalto;08/01/2022 23:00;-0.164199993
Rabinalto;09/01/2022 0:00;-0.158899993
Rabinalto;09/01/2022 1:00;-0.153500006
Rabinalto;09/01/2022 2:00;-0.148200005
Rabinalto;09/01/2022 3:00;-0.142800003
Rabinalto;09/01/2022 4:00;-0.142800003
Rabinalto;09/01/2022 5:00;-0.137400001
Rabinalto;09/01/2022 6:00;-0.137400001
Rabinalto;09/01/2022 7:00;-0.132100001
Rabinalto;09/01/2022 8:00;-0.132100001
Rabinalto;09/01/2022 9:00;-0.132100001
Rabinalto;09/01/2022 10:00;-0.126699999
Rabinalto;09/01/2022 11:00;-0.121399999
Rabinalto;09/01/2022 12:00;-0.121399999
Rabinalto;09/01/2022 13:00;-0.121399999
Rabinalto;09/01/2022 14:00;-0.110600002
Rabinalto;09/01/2022 15:00;-0.110600002
Rabinalto;09/01/2022 16:00;-0.115999997
Rabinalto;09/01/2022 17:00;-0.115999997
Rabinalto;09/01/2022 18:00;-0.115999997
Rabinalto;09/01/2022 19:00;-0.110600002
Rabinalto;09/01/2022 20:00;-0.105300002
Rabinalto;09/01/2022 21:00;-0.0999
Rabinalto;09/01/2022 22:00;-0.094599999
Rabinalto;09/01/2022 23:00;-0.089199997
Rabinalto;10/01/2022 0:00;-0.083800003
Rabinalto;10/01/2022 1:00;-0.078500003
Rabinalto;10/01/2022 2:00;-0.067699999
Rabinalto;10/01/2022 3:00;-0.057
Rabinalto;10/01/2022 4:00;-0.046300001
Rabinalto;10/01/2022 5:00;-0.046300001
Rabinalto;10/01/2022 6:00;-0.040899999
Rabinalto;10/01/2022 7:00;-0.035599999
Rabinalto;10/01/2022 8:00;-0.035599999
Rabinalto;10/01/2022 9:00;-0.046300001
Rabinalto;10/01/2022 10:00;-0.057
Rabinalto;10/01/2022 11:00;-0.046300001
Rabinalto;10/01/2022 12:00;0.0073
Rabinalto;10/01/2022 13:00;0.0502
Rabinalto;10/01/2022 14:00;0.162799999
Rabinalto;10/01/2022 15:00;0.216399997
Rabinalto;10/01/2022 16:00;0.237800002
Rabinalto;10/01/2022 17:00;0.404000014
Rabinalto;10/01/2022 18:00;0.500500023
Rabinalto;10/01/2022 19:00;0.436199993
Rabinalto;10/01/2022 20:00;0.436199993
Rabinalto;10/01/2022 21:00;0.2861
Rabinalto;10/01/2022 22:00;0.216399997
Rabinalto;10/01/2022 23:00;0.157399997
Rabinalto;11/01/2022 0:00;0.114500001
Rabinalto;11/01/2022 1:00;0.071599998
Rabinalto;11/01/2022 2:00;0.0341
Rabinalto;11/01/2022 3:00;0.0019
Rabinalto;11/01/2022 4:00;-0.030200001
Rabinalto;11/01/2022 5:00;-0.073100001
Rabinalto;11/01/2022 6:00;-0.126699999
Rabinalto;11/01/2022 7:00;-0.201800004
Rabinalto;11/01/2022 8:00;-0.314300001
Rabinalto;11/01/2022 9:00;-0.367900014
Rabinalto;11/01/2022 10:00;-0.378699988
Rabinalto;11/01/2022 11:00;-0.357199997
Rabinalto;11/01/2022 12:00;-0.303600013
Rabinalto;11/01/2022 13:00;-0.25
Rabinalto;11/01/2022 14:00;-0.207100004
Rabinalto;11/01/2022 15:00;-0.164199993
Rabinalto;11/01/2022 16:00;-0.137400001
Rabinalto;11/01/2022 17:00;-0.126699999
Rabinalto;11/01/2022 18:00;-0.115999997
Rabinalto;11/01/2022 19:00;-0.137400001
Rabinalto;11/01/2022 20:00;-0.276800007
Rabinalto;11/01/2022 21:00;-0.335799992
Rabinalto;11/01/2022 22:00;-0.25
Rabinalto;11/01/2022 23:00;-0.223199993
Rabinalto;12/01/2022 0:00;-0.233899996
Rabinalto;12/01/2022 1:00;-0.33039999
Rabinalto;12/01/2022 2:00;-0.394699991
Rabinalto;12/01/2022 3:00;-0.475100011
Rabinalto;12/01/2022 4:00;-0.566200018
Rabinalto;12/01/2022 5:00;-0.614499986
Rabinalto;12/01/2022 6:00;-0.603799999
Rabinalto;12/01/2022 7:00;-0.592999995
Rabinalto;12/01/2022 8:00;-0.716300011
Rabinalto;12/01/2022 9:00;-0.780600011
Rabinalto;12/01/2022 10:00;-0.743099988
Rabinalto;12/01/2022 11:00;-0.65200001
Rabinalto;12/01/2022 12:00;-0.592999995
Rabinalto;12/01/2022 13:00;-0.507300019
Rabinalto;12/01/2022 14:00;-0.416200012
Rabinalto;12/01/2022 15:00;-0.394699991
Rabinalto;12/01/2022 16:00;-0.437599987
Rabinalto;12/01/2022 17:00;-0.496600002
Rabinalto;12/01/2022 18:00;-0.684199989
Rabinalto;12/01/2022 19:00;-0.882499993
Rabinalto;12/01/2022 20:00;-1.021800041
Rabinalto;12/01/2022 21:00;-1.128999949
Rabinalto;12/01/2022 22:00;-1.220100045
Rabinalto;12/01/2022 23:00;-1.268300056
Rabinalto;13/01/2022 0:00;-1.284399986
Rabinalto;13/01/2022 1:00;-1.316499949
Rabinalto;13/01/2022 2:00;-1.364799976
Rabinalto;13/01/2022 3:00;-1.423699975
Rabinalto;13/01/2022 4:00;-1.504099965
Rabinalto;13/01/2022 5:00;-1.579100013
Rabinalto;13/01/2022 6:00;-1.664800048
Rabinalto;13/01/2022 7:00;-1.755900025
Rabinalto;13/01/2022 8:00;-1.85769999
Rabinalto;13/01/2022 9:00;-1.954100013
Rabinalto;13/01/2022 10:00;-1.916599989
Rabinalto;13/01/2022 11:00;-1.755900025
Rabinalto;13/01/2022 12:00;-1.552299976
Rabinalto;13/01/2022 13:00;-1.338000059
Rabinalto;13/01/2022 14:00;-1.123600006
Rabinalto;13/01/2022 15:00;-1.05400002
Rabinalto;13/01/2022 16:00;-1.128999949
Rabinalto;13/01/2022 17:00;-1.32190001
Rabinalto;13/01/2022 18:00;-1.621999979
Rabinalto;13/01/2022 19:00;-1.922000051
Rabinalto;13/01/2022 20:00;-2.072000027
Rabinalto;13/01/2022 21:00;-2.189899921
Rabinalto;13/01/2022 22:00;-2.318399906
Rabinalto;13/01/2022 23:00;-2.388099909
Rabinalto;14/01/2022 0:00;-2.495199919
Rabinalto;14/01/2022 1:00;-2.591599941
Rabinalto;14/01/2022 2:00;-2.607700109
Rabinalto;14/01/2022 3:00;-2.623800039
Rabinalto;14/01/2022 4:00;-2.661299944
Rabinalto;14/01/2022 5:00;-2.704099894
Rabinalto;14/01/2022 6:00;-2.763000011
Rabinalto;14/01/2022 7:00;-2.827300072
Rabinalto;14/01/2022 8:00;-2.891599894
Rabinalto;14/01/2022 9:00;-2.939800024
Rabinalto;14/01/2022 10:00;-2.864799976
Rabinalto;14/01/2022 11:00;-2.650599957
Rabinalto;14/01/2022 12:00;-2.345200062
Rabinalto;14/01/2022 13:00;-1.964900017
Rabinalto;14/01/2022 14:00;-1.643399954
Rabinalto;14/01/2022 15:00;-1.530900002
Rabinalto;14/01/2022 16:00;-1.595199943
Rabinalto;14/01/2022 17:00;-1.766600013
Rabinalto;14/01/2022 18:00;-2.114900112
Rabinalto;14/01/2022 19:00;-2.532700062
Rabinalto;14/01/2022 20:00;-2.832700014
Rabinalto;14/01/2022 21:00;-3.030800104
Rabinalto;14/01/2022 22:00;-3.164700031
Rabinalto;14/01/2022 23:00;-3.341500044
Rabinalto;15/01/2022 0:00;-3.512799978
Rabinalto;15/01/2022 1:00;-3.662800074
Rabinalto;15/01/2022 2:00;-3.785900116
Rabinalto;15/01/2022 3:00;-3.860899925
Rabinalto;15/01/2022 4:00;-3.94659996
Rabinalto;15/01/2022 5:00;-3.983999968
Rabinalto;15/01/2022 6:00;-4.010799885
Rabinalto;15/01/2022 7:00;-4.00549984
Rabinalto;15/01/2022 8:00;-4.026899815
Rabinalto;15/01/2022 9:00;-4.059000015
Rabinalto;15/01/2022 10:00;-3.898400068
Rabinalto;15/01/2022 11:00;-3.539599895
Rabinalto;15/01/2022 12:00;-3.116499901
Rabinalto;15/01/2022 13:00;-2.618400097
Rabinalto;15/01/2022 14:00;-2.168400049
Rabinalto;15/01/2022 15:00;-1.948799968
Rabinalto;15/01/2022 16:00;-1.905900002
Rabinalto;15/01/2022 17:00;-2.023799896
Rabinalto;15/01/2022 18:00;-2.3131001
Rabinalto;15/01/2022 19:00;-2.639800072
Rabinalto;15/01/2022 20:00;-2.822000027
Rabinalto;15/01/2022 21:00;-2.982599974
Rabinalto;15/01/2022 22:00;-3.068300009
Rabinalto;15/01/2022 23:00;-3.170099974
Rabinalto;16/01/2022 0:00;-3.255800009
Rabinalto;16/01/2022 1:00;-3.330800056
Rabinalto;16/01/2022 2:00;-3.416399956
Rabinalto;16/01/2022 3:00;-3.512799978
Rabinalto;16/01/2022 4:00;-3.566400051
Rabinalto;16/01/2022 5:00;-3.577100039
Rabinalto;16/01/2022 6:00;-3.657399893
Rabinalto;16/01/2022 7:00;-3.545000076
Rabinalto;16/01/2022 8:00;-3.336100101
Rabinalto;16/01/2022 9:00;-3.186199903
Rabinalto;16/01/2022 10:00;-2.854099989
Rabinalto;16/01/2022 11:00;-2.393399954
Rabinalto;16/01/2022 12:00;-1.820199966
Rabinalto;16/01/2022 13:00;-1.295099974
Rabinalto;16/01/2022 14:00;-0.968200028
Rabinalto;16/01/2022 15:00;-0.82889998
Rabinalto;16/01/2022 16:00;-0.7324
Rabinalto;16/01/2022 17:00;-0.641300023
Rabinalto;16/01/2022 18:00;-0.603799999
Rabinalto;16/01/2022 19:00;-0.855700016
Rabinalto;16/01/2022 20:00;-1.17719996
Rabinalto;16/01/2022 21:00;-1.364799976
Rabinalto;16/01/2022 22:00;-1.482599974
Rabinalto;16/01/2022 23:00;-1.621999979
Rabinalto;17/01/2022 0:00;-1.75059998
Rabinalto;17/01/2022 1:00;-1.836300015
Rabinalto;17/01/2022 2:00;-1.927399993
Rabinalto;17/01/2022 3:00;-1.975600004
Rabinalto;17/01/2022 4:00;-2.088099957
Rabinalto;17/01/2022 5:00;-2.200599909
Rabinalto;17/01/2022 6:00;-2.280900002
Rabinalto;17/01/2022 7:00;-2.393399954
Rabinalto;17/01/2022 8:00;-2.564899921
Rabinalto;17/01/2022 9:00;-2.709500074
Rabinalto;17/01/2022 10:00;-2.666599989
Rabinalto;17/01/2022 11:00;-2.473799944
Rabinalto;17/01/2022 12:00;-2.238100052
Rabinalto;17/01/2022 13:00;-1.782699943
Rabinalto;17/01/2022 14:00;-1.300500035
Rabinalto;17/01/2022 15:00;-0.861000001
Rabinalto;17/01/2022 16:00;-0.646600008
Rabinalto;17/01/2022 17:00;-0.539499998
Rabinalto;17/01/2022 18:00;-0.496600002
Rabinalto;17/01/2022 19:00;-0.577000022
Rabinalto;17/01/2022 20:00;-1.193300009
Rabinalto;17/01/2022 21:00;-1.568400025
Rabinalto;17/01/2022 22:00;-1.729099989
Rabinalto;17/01/2022 23:00;-1.868399978
Rabinalto;18/01/2022 0:00;-1.996999979
Rabinalto;18/01/2022 1:00;-2.034499884
Rabinalto;18/01/2022 2:00;-2.093400002
Rabinalto;18/01/2022 3:00;-2.1256001
Rabinalto;18/01/2022 4:00;-2.232700109
Rabinalto;18/01/2022 5:00;-2.345200062
Rabinalto;18/01/2022 6:00;-2.463099957
Rabinalto;18/01/2022 7:00;-2.463099957
Rabinalto;18/01/2022 8:00;-2.516599894
Rabinalto;18/01/2022 9:00;-2.409499884
Rabinalto;18/01/2022 10:00;-2.227400064
Rabinalto;18/01/2022 11:00;-2.002399921
Rabinalto;18/01/2022 12:00;-1.991700053
Rabinalto;18/01/2022 13:00;-1.648800015
Rabinalto;18/01/2022 14:00;-1.353999972
Rabinalto;18/01/2022 15:00;-1.225399971
Rabinalto;18/01/2022 16:00;-1.230800033
Rabinalto;18/01/2022 17:00;-1.380800009
Rabinalto;18/01/2022 18:00;-1.691599965
Rabinalto;18/01/2022 19:00;-1.948799968
Rabinalto;18/01/2022 20:00;-2.072000027
Rabinalto;18/01/2022 21:00;-2.179199934
Rabinalto;18/01/2022 22:00;-2.302400112
Rabinalto;18/01/2022 23:00;-2.430900097
Rabinalto;19/01/2022 0:00;-2.447000027
Rabinalto;19/01/2022 1:00;-2.548799992
Rabinalto;19/01/2022 2:00;-2.650599957
Rabinalto;19/01/2022 3:00;-2.666599989
Rabinalto;19/01/2022 4:00;-2.800499916
Rabinalto;19/01/2022 5:00;-2.795200109
Rabinalto;19/01/2022 6:00;-2.784499884
Rabinalto;19/01/2022 7:00;-2.859499931
Rabinalto;19/01/2022 8:00;-2.891599894
Rabinalto;19/01/2022 9:00;-2.955899954
Rabinalto;19/01/2022 10:00;-2.875499964
Rabinalto;19/01/2022 11:00;-2.602400064
Rabinalto;19/01/2022 12:00;-2.275599957
Rabinalto;19/01/2022 13:00;-1.85769999
Rabinalto;19/01/2022 14:00;-1.504099965
Rabinalto;19/01/2022 15:00;-1.263000011
Rabinalto;19/01/2022 16:00;-1.209400058
Rabinalto;19/01/2022 17:00;-1.268300056
Rabinalto;19/01/2022 18:00;-1.450500011
Rabinalto;19/01/2022 19:00;-1.659500003
Rabinalto;19/01/2022 20:00;-1.954100013
Rabinalto;19/01/2022 21:00;-2.141700029
Rabinalto;19/01/2022 22:00;-2.248800039
Rabinalto;19/01/2022 23:00;-2.248800039
Rabinalto;20/01/2022 0:00;-2.179199934
Rabinalto;20/01/2022 1:00;-2.173799992
Rabinalto;20/01/2022 2:00;-2.189899921
Rabinalto;20/01/2022 3:00;-2.136300087
Rabinalto;20/01/2022 4:00;-2.275599957
Rabinalto;20/01/2022 5:00;-2.243400097
Rabinalto;20/01/2022 6:00;-2.077399969
Rabinalto;20/01/2022 7:00;-2.152400017
Rabinalto;20/01/2022 8:00;-2.291699886
Rabinalto;20/01/2022 9:00;-2.377399921
Rabinalto;20/01/2022 10:00;-2.468400002
Rabinalto;20/01/2022 11:00;-2.436300039
Rabinalto;20/01/2022 12:00;-2.264899969
Rabinalto;20/01/2022 13:00;-1.922000051
Rabinalto;20/01/2022 14:00;-1.616600037
Rabinalto;20/01/2022 15:00;-1.471899986
Rabinalto;20/01/2022 16:00;-1.455899954
Rabinalto;20/01/2022 17:00;-1.595199943
Rabinalto;20/01/2022 18:00;-1.820199966
Rabinalto;20/01/2022 19:00;-2.082700014
Rabinalto;20/01/2022 20:00;-2.200599909
Rabinalto;20/01/2022 21:00;-2.361299992
Rabinalto;20/01/2022 22:00;-2.554100037
Rabinalto;20/01/2022 23:00;-2.730900049
Rabinalto;21/01/2022 0:00;-2.854099989
Rabinalto;21/01/2022 1:00;-3.084399939
Rabinalto;21/01/2022 2:00;-3.186199903
Rabinalto;21/01/2022 3:00;-3.325400114
Rabinalto;21/01/2022 4:00;-3.453900099
Rabinalto;21/01/2022 5:00;-3.475300074
Rabinalto;21/01/2022 6:00;-3.507499933
Rabinalto;21/01/2022 7:00;-3.507499933
Rabinalto;21/01/2022 8:00;-3.577100039
Rabinalto;21/01/2022 9:00;-3.646699905
Rabinalto;21/01/2022 10:00;-3.432499886
Rabinalto;21/01/2022 11:00;-2.709500074
Rabinalto;21/01/2022 12:00;-2.361299992
Rabinalto;21/01/2022 13:00;-2.307699919
Rabinalto;21/01/2022 14:00;-2.023799896
Rabinalto;21/01/2022 15:00;-1.93809998
Rabinalto;21/01/2022 16:00;-2.039900064
Rabinalto;21/01/2022 17:00;-2.189899921
Rabinalto;21/01/2022 18:00;-2.479099989
Rabinalto;21/01/2022 19:00;-2.789799929
Rabinalto;21/01/2022 20:00;-2.945199966
Rabinalto;21/01/2022 21:00;-3.089799881
Rabinalto;21/01/2022 22:00;-3.170099974
Rabinalto;21/01/2022 23:00;-3.159399986
Rabinalto;22/01/2022 0:00;-3.138000011
Rabinalto;22/01/2022 1:00;-3.250400066
Rabinalto;22/01/2022 2:00;-3.352200031
Rabinalto;22/01/2022 3:00;-3.416399956
Rabinalto;22/01/2022 4:00;-3.502099991
Rabinalto;22/01/2022 5:00;-3.635999918
Rabinalto;22/01/2022 6:00;-3.716300011
Rabinalto;22/01/2022 7:00;-3.850199938
Rabinalto;22/01/2022 8:00;-3.860899925
Rabinalto;22/01/2022 9:00;-3.909100056
Rabinalto;22/01/2022 10:00;-3.684200048
Rabinalto;22/01/2022 11:00;-3.394999981
Rabinalto;22/01/2022 12:00;-2.982599974
Rabinalto;22/01/2022 13:00;-2.468400002
Rabinalto;22/01/2022 14:00;-2.045200109
Rabinalto;22/01/2022 15:00;-1.879099965
Rabinalto;22/01/2022 16:00;-1.868399978
Rabinalto;22/01/2022 17:00;-1.980900049
Rabinalto;22/01/2022 18:00;-2.200599909
Rabinalto;22/01/2022 19:00;-2.339900017
Rabinalto;22/01/2022 20:00;-2.452399969
Rabinalto;22/01/2022 21:00;-2.570199966
Rabinalto;22/01/2022 22:00;-2.704099894
Rabinalto;22/01/2022 23:00;-2.763000011
Rabinalto;23/01/2022 0:00;-2.768399954
Rabinalto;23/01/2022 1:00;-2.827300072
Rabinalto;23/01/2022 2:00;-2.843400002
Rabinalto;23/01/2022 3:00;-2.907700062
Rabinalto;23/01/2022 4:00;-2.993400097
Rabinalto;23/01/2022 5:00;-3.084399939
Rabinalto;23/01/2022 6:00;-3.164700031
Rabinalto;23/01/2022 7:00;-3.239700079
Rabinalto;23/01/2022 8:00;-3.400399923
Rabinalto;23/01/2022 9:00;-3.598500013
Rabinalto;23/01/2022 10:00;-3.507499933
Rabinalto;23/01/2022 11:00;-3.121900082
Rabinalto;23/01/2022 12:00;-2.602400064
Rabinalto;23/01/2022 13:00;-2.098799944
Rabinalto;23/01/2022 14:00;-1.616600037
Rabinalto;23/01/2022 15:00;-1.412999988
Rabinalto;23/01/2022 16:00;-1.429100037
Rabinalto;23/01/2022 17:00;-1.536200047
Rabinalto;23/01/2022 18:00;-1.798799992
Rabinalto;23/01/2022 19:00;-2.264899969
Rabinalto;23/01/2022 20:00;-2.602400064
Rabinalto;23/01/2022 21:00;-2.822000027
Rabinalto;23/01/2022 22:00;-3.052299976
Rabinalto;23/01/2022 23:00;-3.084399939
Rabinalto;24/01/2022 0:00;-3.170099974
Rabinalto;24/01/2022 1:00;-3.287899971
Rabinalto;24/01/2022 2:00;-3.373600006
Rabinalto;24/01/2022 3:00;-3.352200031
Rabinalto;24/01/2022 4:00;-3.394999981
Rabinalto;24/01/2022 5:00;-3.486099958
Rabinalto;24/01/2022 6:00;-3.668100119
Rabinalto;24/01/2022 7:00;-3.791300058
Rabinalto;24/01/2022 8:00;-3.791300058
Rabinalto;24/01/2022 9:00;-3.903700113
Rabinalto;24/01/2022 10:00;-3.871599913
Rabinalto;24/01/2022 11:00;-3.641400099
Rabinalto;24/01/2022 12:00;-3.186199903
Rabinalto;24/01/2022 13:00;-2.543400049
Rabinalto;24/01/2022 14:00;-2.007699966
Rabinalto;24/01/2022 15:00;-1.825600028
Rabinalto;24/01/2022 16:00;-1.852399945
Rabinalto;24/01/2022 17:00;-1.948799968
Rabinalto;24/01/2022 18:00;-2.361299992
Rabinalto;24/01/2022 19:00;-2.805900097
Rabinalto;24/01/2022 20:00;-3.116499901
Rabinalto;24/01/2022 21:00;-3.282599926
Rabinalto;24/01/2022 22:00;-3.432499886
Rabinalto;24/01/2022 23:00;-3.577100039
Rabinalto;25/01/2022 0:00;-3.716300011
Rabinalto;25/01/2022 1:00;-3.834100008
Rabinalto;25/01/2022 2:00;-3.925100088
Rabinalto;25/01/2022 3:00;-4.016200066
Rabinalto;25/01/2022 4:00;-4.117899895
Rabinalto;25/01/2022 5:00;-4.251699924
Rabinalto;25/01/2022 6:00;-4.417699814
Rabinalto;25/01/2022 7:00;-4.578299999
Rabinalto;25/01/2022 8:00;-4.637199879
Rabinalto;25/01/2022 9:00;-4.690700054
Rabinalto;25/01/2022 10:00;-4.4927001
Rabinalto;25/01/2022 11:00;-4.101799965
Rabinalto;25/01/2022 12:00;-3.528899908
Rabinalto;25/01/2022 13:00;-2.875499964
Rabinalto;25/01/2022 14:00;-2.334500074
Rabinalto;25/01/2022 15:00;-2.152400017
Rabinalto;25/01/2022 16:00;-2.168400049
Rabinalto;25/01/2022 17:00;-2.382699966
Rabinalto;25/01/2022 18:00;-2.736299992
Rabinalto;25/01/2022 19:00;-3.062999964
Rabinalto;25/01/2022 20:00;-3.539599895
Rabinalto;25/01/2022 21:00;-3.764499903
Rabinalto;25/01/2022 22:00;-3.887700081
Rabinalto;25/01/2022 23:00;-3.935899973
Rabinalto;26/01/2022 0:00;-4.085800171
Rabinalto;26/01/2022 1:00;-3.903700113
Rabinalto;26/01/2022 2:00;-4.112500191
Rabinalto;26/01/2022 3:00;-4.23570013
Rabinalto;26/01/2022 4:00;-4.059000015
Rabinalto;26/01/2022 5:00;-4.14470005
Rabinalto;26/01/2022 6:00;-4.273200035
Rabinalto;26/01/2022 7:00;-4.33739996
Rabinalto;26/01/2022 8:00;-4.6104002
Rabinalto;26/01/2022 9:00;-4.605100155
Rabinalto;26/01/2022 10:00;-4.42840004
Rabinalto;26/01/2022 11:00;-4.00549984
Rabinalto;26/01/2022 12:00;-3.630599976
Rabinalto;26/01/2022 13:00;-3.175400019
Rabinalto;26/01/2022 14:00;-2.730900049
Rabinalto;26/01/2022 15:00;-2.516599894
Rabinalto;26/01/2022 16:00;-2.511300087
Rabinalto;26/01/2022 17:00;-2.661299944
Rabinalto;26/01/2022 18:00;-2.955899954
Rabinalto;26/01/2022 19:00;-3.245100021
Rabinalto;26/01/2022 20:00;-3.475300074
Rabinalto;26/01/2022 21:00;-3.641400099
Rabinalto;26/01/2022 22:00;-3.748399973
Rabinalto;26/01/2022 23:00;-3.887700081
Rabinalto;27/01/2022 0:00;-3.983999968
Rabinalto;27/01/2022 1:00;-4.08039999
Rabinalto;27/01/2022 2:00;-4.166100025
Rabinalto;27/01/2022 3:00;-4.214300156
Rabinalto;27/01/2022 4:00;-4.23029995
Rabinalto;27/01/2022 5:00;-4.246399879
Rabinalto;27/01/2022 6:00;-4.267799854
Rabinalto;27/01/2022 7:00;-4.594399929
Rabinalto;27/01/2022 8:00;-4.58370018
Rabinalto;27/01/2022 9:00;-4.4927001
Rabinalto;27/01/2022 10:00;-4.214300156
Rabinalto;27/01/2022 11:00;-3.802000046
Rabinalto;27/01/2022 12:00;-3.309299946
Rabinalto;27/01/2022 13:00;-2.698800087
Rabinalto;27/01/2022 14:00;-2.173799992
Rabinalto;27/01/2022 15:00;-2.002399921
Rabinalto;27/01/2022 16:00;-2.072000027
Rabinalto;27/01/2022 17:00;-2.307699919
Rabinalto;27/01/2022 18:00;-2.634500027
Rabinalto;27/01/2022 19:00;-2.955899954
Rabinalto;27/01/2022 20:00;-3.212899923
Rabinalto;27/01/2022 21:00;-3.475300074
Rabinalto;27/01/2022 22:00;-3.662800074
Rabinalto;27/01/2022 23:00;-3.77519989
Rabinalto;28/01/2022 0:00;-3.860899925
Rabinalto;28/01/2022 1:00;-4.010799885
Rabinalto;28/01/2022 2:00;-4.155399799
Rabinalto;28/01/2022 3:00;-4.305300236
Rabinalto;28/01/2022 4:00;-4.524799824
Rabinalto;28/01/2022 5:00;-4.685400009
Rabinalto;28/01/2022 6:00;-4.781700134
Rabinalto;28/01/2022 7:00;-4.840600014
Rabinalto;28/01/2022 8:00;-4.840600014
Rabinalto;28/01/2022 9:00;-4.851299763
Rabinalto;28/01/2022 10:00;-4.594399929
Rabinalto;28/01/2022 11:00;-4.262499809
Rabinalto;28/01/2022 12:00;-3.689500093
Rabinalto;28/01/2022 13:00;-3.009399891
Rabinalto;28/01/2022 14:00;-2.404200077
Rabinalto;28/01/2022 15:00;-2.200599909
Rabinalto;28/01/2022 16:00;-2.259500027
Rabinalto;28/01/2022 17:00;-2.414900064
Rabinalto;28/01/2022 18:00;-2.805900097
Rabinalto;28/01/2022 19:00;-3.143300056
Rabinalto;28/01/2022 20:00;-3.389699936
Rabinalto;28/01/2022 21:00;-3.432499886
Rabinalto;28/01/2022 22:00;-3.373600006
Rabinalto;28/01/2022 23:00;-3.400399923
Rabinalto;29/01/2022 0:00;-3.448600054
Rabinalto;29/01/2022 1:00;-3.491400003
Rabinalto;29/01/2022 2:00;-3.502099991
Rabinalto;29/01/2022 3:00;-3.443200111
Rabinalto;29/01/2022 4:00;-3.528899908
Rabinalto;29/01/2022 5:00;-3.459300041
Rabinalto;29/01/2022 6:00;-3.480700016
Rabinalto;29/01/2022 7:00;-3.470000029
Rabinalto;29/01/2022 8:00;-3.523499966
Rabinalto;29/01/2022 9:00;-3.598500013
Rabinalto;29/01/2022 10:00;-3.427200079
Rabinalto;29/01/2022 11:00;-3.030800104
Rabinalto;29/01/2022 12:00;-2.430900097
Rabinalto;29/01/2022 13:00;-1.830899954
Rabinalto;29/01/2022 14:00;-1.364799976
Rabinalto;29/01/2022 15:00;-1.16110003
Rabinalto;29/01/2022 16:00;-1.16110003
Rabinalto;29/01/2022 17:00;-1.25759995
Rabinalto;29/01/2022 18:00;-1.50940001
Rabinalto;29/01/2022 19:00;-1.718400002
Rabinalto;29/01/2022 20:00;-1.948799968
Rabinalto;29/01/2022 21:00;-2.323800087
Rabinalto;29/01/2022 22:00;-2.5006001
Rabinalto;29/01/2022 23:00;-2.404200077
Rabinalto;30/01/2022 0:00;-2.522000074
Rabinalto;30/01/2022 1:00;-2.763000011
Rabinalto;30/01/2022 2:00;-2.971899986
Rabinalto;30/01/2022 3:00;-3.127199888
Rabinalto;30/01/2022 4:00;-3.234400034
Rabinalto;30/01/2022 5:00;-3.346800089
Rabinalto;30/01/2022 6:00;-3.534300089
Rabinalto;30/01/2022 7:00;-3.743099928
Rabinalto;30/01/2022 8:00;-3.97329998
Rabinalto;30/01/2022 9:00;-4.133999825
Rabinalto;30/01/2022 10:00;-3.941200018
Rabinalto;30/01/2022 11:00;-3.561000109
Rabinalto;30/01/2022 12:00;-2.966599941
Rabinalto;30/01/2022 13:00;-2.152400017
Rabinalto;30/01/2022 14:00;-1.595199943
Rabinalto;30/01/2022 15:00;-1.396900058
Rabinalto;30/01/2022 16:00;-1.44509995
Rabinalto;30/01/2022 17:00;-1.552299976
Rabinalto;30/01/2022 18:00;-1.798799992
Rabinalto;30/01/2022 19:00;-2.104199886
Rabinalto;30/01/2022 20:00;-2.350600004
Rabinalto;30/01/2022 21:00;-2.559499979
Rabinalto;30/01/2022 22:00;-2.6881001
Rabinalto;30/01/2022 23:00;-2.816600084
Rabinalto;31/01/2022 0:00;-2.913000107
Rabinalto;31/01/2022 1:00;-3.036200047
Rabinalto;31/01/2022 2:00;-3.239700079
Rabinalto;31/01/2022 3:00;-3.319999933
Rabinalto;31/01/2022 4:00;-3.207600117
Rabinalto;31/01/2022 5:00;-3.175400019
Rabinalto;31/01/2022 6:00;-3.116499901
Rabinalto;31/01/2022 7:00;-3.078999996
Rabinalto;31/01/2022 8:00;-3.004100084
Rabinalto;31/01/2022 9:00;-3.020100117
Rabinalto;31/01/2022 10:00;-2.987999916
Rabinalto;31/01/2022 11:00;-2.832700014
Rabinalto;31/01/2022 12:00;-2.495199919
Rabinalto;31/01/2022 13:00;-2.013099909
Rabinalto;31/01/2022 14:00;-1.605900049
Rabinalto;31/01/2022 15:00;-1.434399962
Rabinalto;31/01/2022 16:00;-1.461199999
Rabinalto;31/01/2022 17:00;-1.552299976
Rabinalto;31/01/2022 18:00;-1.788100004
Rabinalto;31/01/2022 19:00;-2.098799944
Rabinalto;31/01/2022 20:00;-2.350600004
Rabinalto;31/01/2022 21:00;-2.516599894
Rabinalto;31/01/2022 22:00;-2.629100084
Rabinalto;31/01/2022 23:00;-2.618400097
Rabinalto;01/02/2022 0:00;-2.6881001
Rabinalto;01/02/2022 1:00;-2.789799929
Rabinalto;01/02/2022 2:00;-2.843400002
Rabinalto;01/02/2022 3:00;-2.950500011
Rabinalto;01/02/2022 4:00;-3.057600021
Rabinalto;01/02/2022 5:00;-3.159399986
Rabinalto;01/02/2022 6:00;-3.100500107
Rabinalto;01/02/2022 7:00;-3.143300056
Rabinalto;01/02/2022 8:00;-3.207600117
Rabinalto;01/02/2022 9:00;-3.116499901
Rabinalto;01/02/2022 10:00;-2.768399954
Rabinalto;01/02/2022 11:00;-2.382699966
Rabinalto;01/02/2022 12:00;-1.911299944
Rabinalto;01/02/2022 13:00;-1.434399962
Rabinalto;01/02/2022 14:00;-1.064700007
Rabinalto;01/02/2022 15:00;-0.866400003
Rabinalto;01/02/2022 16:00;-0.775300026
Rabinalto;01/02/2022 17:00;-0.721700013
Rabinalto;01/02/2022 18:00;-0.759199977
Rabinalto;01/02/2022 19:00;-0.861000001
Rabinalto;01/02/2022 20:00;-0.978900015
Rabinalto;01/02/2022 21:00;-1.032500029
Rabinalto;01/02/2022 22:00;-1.059299946
Rabinalto;01/02/2022 23:00;-1.171900034
Rabinalto;02/02/2022 0:00;-1.198600054
Rabinalto;02/02/2022 1:00;-1.25759995
Rabinalto;02/02/2022 2:00;-1.353999972
Rabinalto;02/02/2022 3:00;-1.498700023
Rabinalto;02/02/2022 4:00;-1.600499988
Rabinalto;02/02/2022 5:00;-1.659500003
Rabinalto;02/02/2022 6:00;-1.830899954
Rabinalto;02/02/2022 7:00;-1.943400025
Rabinalto;02/02/2022 8:00;-2.013099909
Rabinalto;02/02/2022 9:00;-2.023799896
Rabinalto;02/02/2022 10:00;-1.895200014
Rabinalto;02/02/2022 11:00;-1.654099941
Rabinalto;02/02/2022 12:00;-1.32190001
Rabinalto;02/02/2022 13:00;-0.925300002
Rabinalto;02/02/2022 14:00;-0.657400012
Rabinalto;02/02/2022 15:00;-0.555499971
Rabinalto;02/02/2022 16:00;-0.501900017
Rabinalto;02/02/2022 17:00;-0.496600002
Rabinalto;02/02/2022 18:00;-0.560899973
Rabinalto;02/02/2022 19:00;-0.74849999
Rabinalto;02/02/2022 20:00;-0.946799994
Rabinalto;02/02/2022 21:00;-1.107499957
Rabinalto;02/02/2022 22:00;-1.230800033
Rabinalto;02/02/2022 23:00;-1.316499949
Rabinalto;03/02/2022 0:00;-1.230800033
Rabinalto;03/02/2022 1:00;-1.338000059
Rabinalto;03/02/2022 2:00;-1.327299953
Rabinalto;03/02/2022 3:00;-1.343299985
Rabinalto;03/02/2022 4:00;-1.418300033
Rabinalto;03/02/2022 5:00;-1.461199999
Rabinalto;03/02/2022 6:00;-1.546900034
Rabinalto;03/02/2022 7:00;-1.498700023
Rabinalto;03/02/2022 8:00;-1.707700014
Rabinalto;03/02/2022 9:00;-1.643399954
Rabinalto;03/02/2022 10:00;-1.466599941
Rabinalto;03/02/2022 11:00;-1.268300056
Rabinalto;03/02/2022 12:00;-0.759199977
Rabinalto;03/02/2022 13:00;-0.587700009
Rabinalto;03/02/2022 14:00;-0.475100011
Rabinalto;03/02/2022 15:00;-0.41080001
Rabinalto;03/02/2022 16:00;-0.378699988
Rabinalto;03/02/2022 17:00;-0.357199997
Rabinalto;03/02/2022 18:00;-0.351799995
Rabinalto;03/02/2022 19:00;-0.351799995
Rabinalto;03/02/2022 20:00;-0.373299986
Rabinalto;03/02/2022 21:00;-0.480500013
Rabinalto;03/02/2022 22:00;-0.780600011
Rabinalto;03/02/2022 23:00;-1.086099982
Rabinalto;04/02/2022 0:00;-1.17719996
Rabinalto;04/02/2022 1:00;-1.000399947
Rabinalto;04/02/2022 2:00;-0.941399992
Rabinalto;04/02/2022 3:00;-0.930700004
Rabinalto;04/02/2022 4:00;-0.871699989
Rabinalto;04/02/2022 5:00;-0.887799978
Rabinalto;04/02/2022 6:00;-0.968200028
Rabinalto;04/02/2022 7:00;-1.118299961
Rabinalto;04/02/2022 8:00;-1.155799985
Rabinalto;04/02/2022 9:00;-1.16110003
Rabinalto;04/02/2022 10:00;-1.064700007
Rabinalto;04/02/2022 11:00;-0.764599979
Rabinalto;04/02/2022 12:00;-0.614499986
Rabinalto;04/02/2022 13:00;-0.480500013
Rabinalto;04/02/2022 14:00;-0.308999985
Rabinalto;04/02/2022 15:00;-0.110600002
Rabinalto;04/02/2022 16:00;-0.0088
Rabinalto;04/02/2022 17:00;-0.083800003
Rabinalto;04/02/2022 18:00;-0.212500006
Rabinalto;04/02/2022 19:00;-0.287499994
Rabinalto;04/02/2022 20:00;-0.282200009
Rabinalto;04/02/2022 21:00;-0.287499994
Rabinalto;04/02/2022 22:00;-0.298200011
Rabinalto;04/02/2022 23:00;-0.303600013
Rabinalto;05/02/2022 0:00;-0.314300001
Rabinalto;05/02/2022 1:00;-0.341100007
Rabinalto;05/02/2022 2:00;-0.405499995
Rabinalto;05/02/2022 3:00;-0.539499998
Rabinalto;05/02/2022 4:00;-0.678799987
Rabinalto;05/02/2022 5:00;-0.780600011
Rabinalto;05/02/2022 6:00;-0.903900027
Rabinalto;05/02/2022 7:00;-0.968200028
Rabinalto;05/02/2022 8:00;-1.032500029
Rabinalto;05/02/2022 9:00;-1.107499957
Rabinalto;05/02/2022 10:00;-1.070000052
Rabinalto;05/02/2022 11:00;-0.978900015
Rabinalto;05/02/2022 12:00;-0.877099991
Rabinalto;05/02/2022 13:00;-0.882499993
Rabinalto;05/02/2022 14:00;-0.796700001
Rabinalto;05/02/2022 15:00;-0.668099999
Rabinalto;05/02/2022 16:00;-0.630599976
Rabinalto;05/02/2022 17:00;-0.705600023
Rabinalto;05/02/2022 18:00;-0.882499993
Rabinalto;05/02/2022 19:00;-1.145099998
Rabinalto;05/02/2022 20:00;-1.488000035
Rabinalto;05/02/2022 21:00;-1.718400002
Rabinalto;05/02/2022 22:00;-1.852399945
Rabinalto;05/02/2022 23:00;-2.013099909
Rabinalto;06/02/2022 0:00;-2.184499979
Rabinalto;06/02/2022 1:00;-2.264899969
Rabinalto;06/02/2022 2:00;-2.345200062
Rabinalto;06/02/2022 3:00;-2.463099957
Rabinalto;06/02/2022 4:00;-2.564899921
Rabinalto;06/02/2022 5:00;-2.629100084
Rabinalto;06/02/2022 6:00;-2.714799881
Rabinalto;06/02/2022 7:00;-2.725500107
Rabinalto;06/02/2022 8:00;-2.763000011
Rabinalto;06/02/2022 9:00;-2.736299992
Rabinalto;06/02/2022 10:00;-2.629100084
Rabinalto;06/02/2022 11:00;-2.286299944
Rabinalto;06/02/2022 12:00;-1.798799992
Rabinalto;06/02/2022 13:00;-1.246899962
Rabinalto;06/02/2022 14:00;-0.936100006
Rabinalto;06/02/2022 15:00;-0.74849999
Rabinalto;06/02/2022 16:00;-0.646600008
Rabinalto;06/02/2022 17:00;-0.641300023
Rabinalto;06/02/2022 18:00;-0.759199977
Rabinalto;06/02/2022 19:00;-0.97359997
Rabinalto;06/02/2022 20:00;-1.145099998
Rabinalto;06/02/2022 21:00;-1.214699984
Rabinalto;06/02/2022 22:00;-1.279000044
Rabinalto;06/02/2022 23:00;-1.407600045
Rabinalto;07/02/2022 0:00;-1.50940001
Rabinalto;07/02/2022 1:00;-1.557700038
Rabinalto;07/02/2022 2:00;-1.525500059
Rabinalto;07/02/2022 3:00;-1.648800015
Rabinalto;07/02/2022 4:00;-1.643399954
Rabinalto;07/02/2022 5:00;-1.498700023
Rabinalto;07/02/2022 6:00;-1.482599974
Rabinalto;07/02/2022 7:00;-1.520200014
Rabinalto;07/02/2022 8:00;-1.557700038
Rabinalto;07/02/2022 9:00;-1.611199975
Rabinalto;07/02/2022 10:00;-1.573699951
Rabinalto;07/02/2022 11:00;-1.332599998
Rabinalto;07/02/2022 12:00;-1.091500044
Rabinalto;07/02/2022 13:00;-0.82889998
Rabinalto;07/02/2022 14:00;-0.630599976
Rabinalto;07/02/2022 15:00;-0.475100011
Rabinalto;07/02/2022 16:00;-0.442999989
Rabinalto;07/02/2022 17:00;-0.459100008
Rabinalto;07/02/2022 18:00;-0.507300019
Rabinalto;07/02/2022 19:00;-0.694899976
Rabinalto;07/02/2022 20:00;-1.048599958
Rabinalto;07/02/2022 21:00;-1.332599998
Rabinalto;07/02/2022 22:00;-1.450500011
Rabinalto;07/02/2022 23:00;-1.466599941
Rabinalto;08/02/2022 0:00;-1.536200047
Rabinalto;08/02/2022 1:00;-1.525500059
Rabinalto;08/02/2022 2:00;-1.520200014
Rabinalto;08/02/2022 3:00;-1.648800015
Rabinalto;08/02/2022 4:00;-1.654099941
Rabinalto;08/02/2022 5:00;-1.686300039
Rabinalto;08/02/2022 6:00;-1.498700023
Rabinalto;08/02/2022 7:00;-1.396900058
Rabinalto;08/02/2022 8:00;-1.348700047
Rabinalto;08/02/2022 9:00;-1.396900058
Rabinalto;08/02/2022 10:00;-1.24150002
Rabinalto;08/02/2022 11:00;-1.021800041
Rabinalto;08/02/2022 12:00;-0.786000013
Rabinalto;08/02/2022 13:00;-0.592999995
Rabinalto;08/02/2022 14:00;-0.308999985
Rabinalto;08/02/2022 15:00;-0.0141
Rabinalto;08/02/2022 16:00;-0.105300002
Rabinalto;08/02/2022 17:00;-0.292899996
Rabinalto;08/02/2022 18:00;-0.303600013
Rabinalto;08/02/2022 19:00;-0.303600013
Rabinalto;08/02/2022 20:00;-0.314300001
Rabinalto;08/02/2022 21:00;-0.394699991
Rabinalto;08/02/2022 22:00;-0.673399985
Rabinalto;08/02/2022 23:00;-0.882499993
Rabinalto;09/02/2022 0:00;-0.903900027
Rabinalto;09/02/2022 1:00;-1.070000052
Rabinalto;09/02/2022 2:00;-1.171900034
Rabinalto;09/02/2022 3:00;-1.25759995
Rabinalto;09/02/2022 4:00;-1.359400034
Rabinalto;09/02/2022 5:00;-1.477300048
Rabinalto;09/02/2022 6:00;-1.616600037
Rabinalto;09/02/2022 7:00;-1.771999955
Rabinalto;09/02/2022 8:00;-1.884500027
Rabinalto;09/02/2022 9:00;-1.996999979
Rabinalto;09/02/2022 10:00;-1.830899954
Rabinalto;09/02/2022 11:00;-1.44509995
Rabinalto;09/02/2022 12:00;-1.043200016
Rabinalto;09/02/2022 13:00;-0.726999998
Rabinalto;09/02/2022 14:00;-0.534099996
Rabinalto;09/02/2022 15:00;-0.121399999
Rabinalto;09/02/2022 16:00;-0.105300002
Rabinalto;09/02/2022 17:00;-0.271400005
Rabinalto;09/02/2022 18:00;-0.308999985
Rabinalto;09/02/2022 19:00;-0.314300001
Rabinalto;09/02/2022 20:00;-0.335799992
Rabinalto;09/02/2022 21:00;-0.432300001
Rabinalto;09/02/2022 22:00;-0.603799999
Rabinalto;09/02/2022 23:00;-0.791400015
Rabinalto;10/02/2022 0:00;-0.898500025
Rabinalto;10/02/2022 1:00;-0.968200028
Rabinalto;10/02/2022 2:00;-0.995000005
Rabinalto;10/02/2022 3:00;-0.984300017
Rabinalto;10/02/2022 4:00;-1.032500029
Rabinalto;10/02/2022 5:00;-1.059299946
Rabinalto;10/02/2022 6:00;-1.128999949
Rabinalto;10/02/2022 7:00;-1.252200007
Rabinalto;10/02/2022 8:00;-1.396900058
Rabinalto;10/02/2022 9:00;-1.348700047
Rabinalto;10/02/2022 10:00;-1.123600006
Rabinalto;10/02/2022 11:00;-0.743099988
Rabinalto;10/02/2022 12:00;-0.582300007
Rabinalto;10/02/2022 13:00;-0.464399993
Rabinalto;10/02/2022 14:00;0.162799999
Rabinalto;10/02/2022 15:00;0.66140002
Rabinalto;10/02/2022 16:00;0.463
Rabinalto;10/02/2022 17:00;0.200299993
Rabinalto;10/02/2022 18:00;0.017999999
Rabinalto;10/02/2022 19:00;-0.271400005
Rabinalto;10/02/2022 20:00;-0.239299998
Rabinalto;10/02/2022 21:00;-0.244599998
Rabinalto;10/02/2022 22:00;-0.244599998
Rabinalto;10/02/2022 23:00;-0.244599998
Rabinalto;11/02/2022 0:00;-0.25
Rabinalto;11/02/2022 1:00;-0.25
Rabinalto;11/02/2022 2:00;-0.25
Rabinalto;11/02/2022 3:00;-0.25
Rabinalto;11/02/2022 4:00;-0.255400002
Rabinalto;11/02/2022 5:00;-0.255400002
Rabinalto;11/02/2022 6:00;-0.255400002
Rabinalto;11/02/2022 7:00;-0.255400002
Rabinalto;11/02/2022 8:00;-0.266099989
Rabinalto;11/02/2022 9:00;-0.266099989
Rabinalto;11/02/2022 10:00;-0.271400005
Rabinalto;11/02/2022 11:00;-0.276800007
Rabinalto;11/02/2022 12:00;-0.276800007
Rabinalto;11/02/2022 13:00;-0.276800007
Rabinalto;11/02/2022 14:00;-0.276800007
Rabinalto;11/02/2022 15:00;-0.276800007
Rabinalto;11/02/2022 16:00;-0.260699987
Rabinalto;11/02/2022 17:00;-0.228599995
Rabinalto;11/02/2022 18:00;-0.223199993
Rabinalto;11/02/2022 19:00;-0.217800006
Rabinalto;11/02/2022 20:00;-0.217800006
Rabinalto;11/02/2022 21:00;-0.217800006
Rabinalto;11/02/2022 22:00;-0.217800006
Rabinalto;11/02/2022 23:00;-0.217800006
Rabinalto;12/02/2022 0:00;-0.217800006
Rabinalto;12/02/2022 1:00;-0.217800006
Rabinalto;12/02/2022 2:00;-0.217800006
Rabinalto;12/02/2022 3:00;-0.217800006
Rabinalto;12/02/2022 4:00;-0.217800006
Rabinalto;12/02/2022 5:00;-0.217800006
Rabinalto;12/02/2022 6:00;-0.217800006
Rabinalto;12/02/2022 7:00;-0.217800006
Rabinalto;12/02/2022 8:00;-0.217800006
Rabinalto;12/02/2022 9:00;-0.217800006
Rabinalto;12/02/2022 10:00;-0.223199993
Rabinalto;12/02/2022 11:00;-0.223199993
Rabinalto;12/02/2022 12:00;-0.217800006
Rabinalto;12/02/2022 13:00;-0.217800006
Rabinalto;12/02/2022 14:00;-0.180299997
Rabinalto;12/02/2022 15:00;-0.174999997
Rabinalto;12/02/2022 16:00;-0.174999997
Rabinalto;12/02/2022 17:00;-0.132100001
Rabinalto;12/02/2022 18:00;-0.174999997
Rabinalto;12/02/2022 19:00;-0.180299997
Rabinalto;12/02/2022 20:00;-0.180299997
Rabinalto;12/02/2022 21:00;-0.180299997
Rabinalto;12/02/2022 22:00;-0.185699999
Rabinalto;12/02/2022 23:00;-0.180299997
Rabinalto;13/02/2022 0:00;-0.185699999
Rabinalto;13/02/2022 1:00;-0.185699999
Rabinalto;13/02/2022 2:00;-0.196400002
Rabinalto;13/02/2022 3:00;-0.207100004
Rabinalto;13/02/2022 4:00;-0.233899996
Rabinalto;13/02/2022 5:00;-0.308999985
Rabinalto;13/02/2022 6:00;-0.432300001
Rabinalto;13/02/2022 7:00;-0.550199986
Rabinalto;13/02/2022 8:00;-0.507300019
Rabinalto;13/02/2022 9:00;-0.603799999
Rabinalto;13/02/2022 10:00;-0.469799995
Rabinalto;13/02/2022 11:00;-0.357199997
Rabinalto;13/02/2022 12:00;-0.303600013
Rabinalto;13/02/2022 13:00;-0.282200009
Rabinalto;13/02/2022 14:00;-0.266099989
Rabinalto;13/02/2022 15:00;-0.255400002
Rabinalto;13/02/2022 16:00;-0.244599998
Rabinalto;13/02/2022 17:00;-0.239299998
Rabinalto;13/02/2022 18:00;-0.239299998
Rabinalto;13/02/2022 19:00;-0.233899996
Rabinalto;13/02/2022 20:00;-0.233899996
Rabinalto;13/02/2022 21:00;-0.228599995
Rabinalto;13/02/2022 22:00;-0.228599995
Rabinalto;13/02/2022 23:00;-0.228599995
Rabinalto;14/02/2022 0:00;-0.228599995
Rabinalto;14/02/2022 1:00;-0.233899996
Rabinalto;14/02/2022 2:00;-0.233899996
Rabinalto;14/02/2022 3:00;-0.25
Rabinalto;14/02/2022 4:00;-0.266099989
Rabinalto;14/02/2022 5:00;-0.303600013
Rabinalto;14/02/2022 6:00;-0.341100007
Rabinalto;14/02/2022 7:00;-0.373299986
Rabinalto;14/02/2022 8:00;-0.394699991
Rabinalto;14/02/2022 9:00;-0.41080001
Rabinalto;14/02/2022 10:00;-0.421499997
Rabinalto;14/02/2022 11:00;-0.421499997
Rabinalto;14/02/2022 12:00;-0.416200012
Rabinalto;14/02/2022 13:00;-0.405499995
Rabinalto;14/02/2022 14:00;-0.389400005
Rabinalto;14/02/2022 15:00;-0.378699988
Rabinalto;14/02/2022 16:00;-0.373299986
Rabinalto;14/02/2022 17:00;-0.378699988
Rabinalto;14/02/2022 18:00;-0.394699991
Rabinalto;14/02/2022 19:00;-0.432300001
Rabinalto;14/02/2022 20:00;-0.459100008
Rabinalto;14/02/2022 21:00;-0.485900015
Rabinalto;14/02/2022 22:00;-0.507300019
Rabinalto;14/02/2022 23:00;-0.534099996
Rabinalto;15/02/2022 0:00;-0.566200018
Rabinalto;15/02/2022 1:00;-0.614499986
Rabinalto;15/02/2022 2:00;-0.678799987
Rabinalto;15/02/2022 3:00;-0.726999998
Rabinalto;15/02/2022 4:00;-0.780600011
Rabinalto;15/02/2022 5:00;-0.823499978
Rabinalto;15/02/2022 6:00;-0.861000001
Rabinalto;15/02/2022 7:00;-0.909300029
Rabinalto;15/02/2022 8:00;-0.962899983
Rabinalto;15/02/2022 9:00;-1.021800041
Rabinalto;15/02/2022 10:00;-1.048599958
Rabinalto;15/02/2022 11:00;-1.032500029
Rabinalto;15/02/2022 12:00;-1.011100054
Rabinalto;15/02/2022 13:00;-1.011100054
Rabinalto;15/02/2022 14:00;-0.995000005
Rabinalto;15/02/2022 15:00;-0.941399992
Rabinalto;15/02/2022 16:00;-0.903900027
Rabinalto;15/02/2022 17:00;-0.898500025
Rabinalto;15/02/2022 18:00;-0.914600015
Rabinalto;15/02/2022 19:00;-0.936100006
Rabinalto;15/02/2022 20:00;-0.97359997
Rabinalto;15/02/2022 21:00;-0.97359997
Rabinalto;15/02/2022 22:00;-0.968200028
Rabinalto;15/02/2022 23:00;-0.989600003
Rabinalto;16/02/2022 0:00;-0.968200028
Rabinalto;16/02/2022 1:00;-0.962899983
Rabinalto;16/02/2022 2:00;-0.909300029
Rabinalto;16/02/2022 3:00;-0.866400003
Rabinalto;16/02/2022 4:00;-0.834200025
Rabinalto;16/02/2022 5:00;-0.807399988
Rabinalto;16/02/2022 6:00;-0.780600011
Rabinalto;16/02/2022 7:00;-0.753799975
Rabinalto;16/02/2022 8:00;-0.7324
Rabinalto;16/02/2022 9:00;-0.716300011
Rabinalto;16/02/2022 10:00;-0.678799987
Rabinalto;16/02/2022 11:00;-0.635900021
Rabinalto;16/02/2022 12:00;-0.518000007
Rabinalto;16/02/2022 13:00;-0.223199993
Rabinalto;16/02/2022 14:00;-0.185699999
Rabinalto;16/02/2022 15:00;-0.185699999
Rabinalto;16/02/2022 16:00;-0.185699999
Rabinalto;16/02/2022 17:00;-0.191
Rabinalto;16/02/2022 18:00;-0.191
Rabinalto;16/02/2022 19:00;-0.185699999
Rabinalto;16/02/2022 20:00;-0.191
Rabinalto;16/02/2022 21:00;-0.191
Rabinalto;16/02/2022 22:00;-0.191
Rabinalto;16/02/2022 23:00;-0.191
Rabinalto;17/02/2022 0:00;-0.191
Rabinalto;17/02/2022 1:00;-0.191
Rabinalto;17/02/2022 2:00;-0.196400002
Rabinalto;17/02/2022 3:00;-0.191
Rabinalto;17/02/2022 4:00;-0.196400002
Rabinalto;17/02/2022 5:00;-0.201800004
Rabinalto;17/02/2022 6:00;-0.217800006
Rabinalto;17/02/2022 7:00;-0.244599998
Rabinalto;17/02/2022 8:00;-0.271400005
Rabinalto;17/02/2022 9:00;-0.271400005
Rabinalto;17/02/2022 10:00;-0.239299998
Rabinalto;17/02/2022 11:00;-0.223199993
Rabinalto;17/02/2022 12:00;-0.217800006
Rabinalto;17/02/2022 13:00;-0.212500006
Rabinalto;17/02/2022 14:00;-0.207100004
Rabinalto;17/02/2022 15:00;-0.169599995
Rabinalto;17/02/2022 16:00;-0.078500003
Rabinalto;17/02/2022 17:00;-0.110600002
Rabinalto;17/02/2022 18:00;-0.164199993
Rabinalto;17/02/2022 19:00;-0.212500006
Rabinalto;17/02/2022 20:00;-0.196400002
Rabinalto;17/02/2022 21:00;-0.196400002
Rabinalto;17/02/2022 22:00;-0.196400002
Rabinalto;17/02/2022 23:00;-0.196400002
Rabinalto;18/02/2022 0:00;-0.196400002
Rabinalto;18/02/2022 1:00;-0.196400002
Rabinalto;18/02/2022 2:00;-0.196400002
Rabinalto;18/02/2022 3:00;-0.201800004
Rabinalto;18/02/2022 4:00;-0.201800004
Rabinalto;18/02/2022 5:00;-0.212500006
Rabinalto;18/02/2022 6:00;-0.228599995
Rabinalto;18/02/2022 7:00;-0.255400002
Rabinalto;18/02/2022 8:00;-0.260699987
Rabinalto;18/02/2022 9:00;-0.282200009
Rabinalto;18/02/2022 10:00;-0.244599998
Rabinalto;18/02/2022 11:00;-0.228599995
Rabinalto;18/02/2022 12:00;-0.223199993
Rabinalto;18/02/2022 13:00;-0.217800006
Rabinalto;18/02/2022 14:00;-0.185699999
Rabinalto;18/02/2022 15:00;-0.180299997
Rabinalto;18/02/2022 16:00;-0.153500006
Rabinalto;18/02/2022 17:00;-0.078500003
Rabinalto;18/02/2022 18:00;-0.180299997
Rabinalto;18/02/2022 19:00;-0.196400002
Rabinalto;18/02/2022 20:00;-0.196400002
Rabinalto;18/02/2022 21:00;-0.196400002
Rabinalto;18/02/2022 22:00;-0.196400002
Rabinalto;18/02/2022 23:00;-0.196400002
Rabinalto;19/02/2022 0:00;-0.191
Rabinalto;19/02/2022 1:00;-0.196400002
Rabinalto;19/02/2022 2:00;-0.196400002
Rabinalto;19/02/2022 3:00;-0.201800004
Rabinalto;19/02/2022 4:00;-0.212500006
Rabinalto;19/02/2022 5:00;-0.260699987
Rabinalto;19/02/2022 6:00;-0.416200012
Rabinalto;19/02/2022 7:00;-0.57160002
Rabinalto;19/02/2022 8:00;-0.657400012
Rabinalto;19/02/2022 9:00;-0.711000025
Rabinalto;19/02/2022 10:00;-0.743099988
Rabinalto;19/02/2022 11:00;-0.518000007
Rabinalto;19/02/2022 12:00;-0.485900015
Rabinalto;19/02/2022 13:00;-0.555499971
Rabinalto;19/02/2022 14:00;-0.507300019
Rabinalto;19/02/2022 15:00;-0.496600002
Rabinalto;19/02/2022 16:00;-0.528699994
Rabinalto;19/02/2022 17:00;-0.555499971
Rabinalto;19/02/2022 18:00;-0.619799972
Rabinalto;19/02/2022 19:00;-0.737800002
Rabinalto;19/02/2022 20:00;-0.82889998
Rabinalto;19/02/2022 21:00;-0.89319998
Rabinalto;19/02/2022 22:00;-0.946799994
Rabinalto;19/02/2022 23:00;-0.995000005
Rabinalto;20/02/2022 0:00;-1.000399947
Rabinalto;20/02/2022 1:00;-1.027199984
Rabinalto;20/02/2022 2:00;-1.000399947
Rabinalto;20/02/2022 3:00;-0.968200028
Rabinalto;20/02/2022 4:00;-1.059299946
Rabinalto;20/02/2022 5:00;-1.112900019
Rabinalto;20/02/2022 6:00;-1.118299961
Rabinalto;20/02/2022 7:00;-1.16110003
Rabinalto;20/02/2022 8:00;-1.209400058
Rabinalto;20/02/2022 9:00;-1.193300009
Rabinalto;20/02/2022 10:00;-1.064700007
Rabinalto;20/02/2022 11:00;-0.887799978
Rabinalto;20/02/2022 12:00;-0.711000025
Rabinalto;20/02/2022 13:00;-0.501900017
Rabinalto;20/02/2022 14:00;-0.405499995
Rabinalto;20/02/2022 15:00;-0.346500009
Rabinalto;20/02/2022 16:00;-0.298200011
Rabinalto;20/02/2022 17:00;-0.287499994
Rabinalto;20/02/2022 18:00;-0.276800007
Rabinalto;20/02/2022 19:00;-0.271400005
Rabinalto;20/02/2022 20:00;-0.260699987
Rabinalto;20/02/2022 21:00;-0.266099989
Rabinalto;20/02/2022 22:00;-0.357199997
Rabinalto;20/02/2022 23:00;-0.544799984
Rabinalto;21/02/2022 0:00;-0.769900024
Rabinalto;21/02/2022 1:00;-0.968200028
Rabinalto;21/02/2022 2:00;-1.128999949
Rabinalto;21/02/2022 3:00;-1.155799985
Rabinalto;21/02/2022 4:00;-0.989600003
Rabinalto;21/02/2022 5:00;-0.780600011
Rabinalto;21/02/2022 6:00;-0.711000025
Rabinalto;21/02/2022 7:00;-0.7324
Rabinalto;21/02/2022 8:00;-0.802100003
Rabinalto;21/02/2022 9:00;-0.839600027
Rabinalto;21/02/2022 10:00;-0.598399997
Rabinalto;21/02/2022 11:00;-0.544799984
Rabinalto;21/02/2022 12:00;-0.528699994
Rabinalto;21/02/2022 13:00;-0.459100008
Rabinalto;21/02/2022 14:00;-0.394699991
Rabinalto;21/02/2022 15:00;-0.346500009
Rabinalto;21/02/2022 16:00;-0.308999985
Rabinalto;21/02/2022 17:00;-0.308999985
Rabinalto;21/02/2022 18:00;-0.319700003
Rabinalto;21/02/2022 19:00;-0.394699991
Rabinalto;21/02/2022 20:00;-0.57160002
Rabinalto;21/02/2022 21:00;-0.7324
Rabinalto;21/02/2022 22:00;-0.89319998
Rabinalto;21/02/2022 23:00;-1.043200016
Rabinalto;22/02/2022 0:00;-1.220100045
Rabinalto;22/02/2022 1:00;-1.359400034
Rabinalto;22/02/2022 2:00;-1.493399978
Rabinalto;22/02/2022 3:00;-1.541599989
Rabinalto;22/02/2022 4:00;-1.412999988
Rabinalto;22/02/2022 5:00;-1.455899954
Rabinalto;22/02/2022 6:00;-1.504099965
Rabinalto;22/02/2022 7:00;-1.648800015
Rabinalto;22/02/2022 8:00;-1.702299953
Rabinalto;22/02/2022 9:00;-1.734500051
Rabinalto;22/02/2022 10:00;-1.552299976
Rabinalto;22/02/2022 11:00;-1.236199975
Rabinalto;22/02/2022 12:00;-0.82889998
Rabinalto;22/02/2022 13:00;-0.577000022
Rabinalto;22/02/2022 14:00;-0.426899999
Rabinalto;22/02/2022 15:00;-0.244599998
Rabinalto;22/02/2022 16:00;-0.078500003
Rabinalto;22/02/2022 17:00;-0.228599995
Rabinalto;22/02/2022 18:00;-0.282200009
Rabinalto;22/02/2022 19:00;-0.271400005
Rabinalto;22/02/2022 20:00;-0.271400005
Rabinalto;22/02/2022 21:00;-0.292899996
Rabinalto;22/02/2022 22:00;-0.367900014
Rabinalto;22/02/2022 23:00;-0.512700021
Rabinalto;23/02/2022 0:00;-0.780600011
Rabinalto;23/02/2022 1:00;-0.914600015
Rabinalto;23/02/2022 2:00;-1.075399995
Rabinalto;23/02/2022 3:00;-1.236199975
Rabinalto;23/02/2022 4:00;-1.32190001
Rabinalto;23/02/2022 5:00;-1.375499964
Rabinalto;23/02/2022 6:00;-1.450500011
Rabinalto;23/02/2022 7:00;-1.504099965
Rabinalto;23/02/2022 8:00;-1.525500059
Rabinalto;23/02/2022 9:00;-1.305799961
Rabinalto;23/02/2022 10:00;-0.946799994
Rabinalto;23/02/2022 11:00;-0.657400012
Rabinalto;23/02/2022 12:00;-0.507300019
Rabinalto;23/02/2022 13:00;-0.421499997
Rabinalto;23/02/2022 14:00;-0.298200011
Rabinalto;23/02/2022 15:00;0.216399997
Rabinalto;23/02/2022 16:00;0.344999999
Rabinalto;23/02/2022 17:00;0.323599994
Rabinalto;23/02/2022 18:00;0.087700002
Rabinalto;23/02/2022 19:00;-0.276800007
Rabinalto;23/02/2022 20:00;-0.228599995
Rabinalto;23/02/2022 21:00;-0.228599995
Rabinalto;23/02/2022 22:00;-0.228599995
Rabinalto;23/02/2022 23:00;-0.228599995
Rabinalto;24/02/2022 0:00;-0.223199993
Rabinalto;24/02/2022 1:00;-0.228599995
Rabinalto;24/02/2022 2:00;-0.223199993
Rabinalto;24/02/2022 3:00;-0.233899996
Rabinalto;24/02/2022 4:00;-0.244599998
Rabinalto;24/02/2022 5:00;-0.260699987
Rabinalto;24/02/2022 6:00;-0.303600013
Rabinalto;24/02/2022 7:00;-0.389400005
Rabinalto;24/02/2022 8:00;-0.485900015
Rabinalto;24/02/2022 9:00;-0.560899973
Rabinalto;24/02/2022 10:00;-0.442999989
Rabinalto;24/02/2022 11:00;-0.335799992
Rabinalto;24/02/2022 12:00;-0.298200011
Rabinalto;24/02/2022 13:00;-0.276800007
Rabinalto;24/02/2022 14:00;-0.244599998
Rabinalto;24/02/2022 15:00;0.307500005
Rabinalto;24/02/2022 16:00;0.361099988
Rabinalto;24/02/2022 17:00;0.0287
Rabinalto;24/02/2022 18:00;-0.212500006
Rabinalto;24/02/2022 19:00;-0.212500006
Rabinalto;24/02/2022 20:00;-0.212500006
Rabinalto;24/02/2022 21:00;-0.212500006
Rabinalto;24/02/2022 22:00;-0.233899996
Rabinalto;24/02/2022 23:00;-0.287499994
Rabinalto;25/02/2022 0:00;-0.518000007
Rabinalto;25/02/2022 1:00;-0.796700001
Rabinalto;25/02/2022 2:00;-0.962899983
Rabinalto;25/02/2022 3:00;-1.080800056
Rabinalto;25/02/2022 4:00;-1.155799985
Rabinalto;25/02/2022 5:00;-1.273699999
Rabinalto;25/02/2022 6:00;-1.434399962
Rabinalto;25/02/2022 7:00;-1.573699951
Rabinalto;25/02/2022 8:00;-1.697000027
Rabinalto;25/02/2022 9:00;-1.632699966
Rabinalto;25/02/2022 10:00;-1.236199975
Rabinalto;25/02/2022 11:00;-0.716300011
Rabinalto;25/02/2022 12:00;-0.528699994
Rabinalto;25/02/2022 13:00;-0.442999989
Rabinalto;25/02/2022 14:00;-0.341100007
Rabinalto;25/02/2022 15:00;0.210999995
Rabinalto;25/02/2022 16:00;0.511200011
Rabinalto;25/02/2022 17:00;0.023399999
Rabinalto;25/02/2022 18:00;-0.239299998
Rabinalto;25/02/2022 19:00;-0.239299998
Rabinalto;25/02/2022 20:00;-0.239299998
Rabinalto;25/02/2022 21:00;-0.239299998
Rabinalto;25/02/2022 22:00;-0.260699987
Rabinalto;25/02/2022 23:00;-0.357199997
Rabinalto;26/02/2022 0:00;-0.711000025
Rabinalto;26/02/2022 1:00;-0.995000005
Rabinalto;26/02/2022 2:00;-1.166499972
Rabinalto;26/02/2022 3:00;-1.386199951
Rabinalto;26/02/2022 4:00;-1.584499955
Rabinalto;26/02/2022 5:00;-1.659500003
Rabinalto;26/02/2022 6:00;-1.739799976
Rabinalto;26/02/2022 7:00;-1.911299944
Rabinalto;26/02/2022 8:00;-2.039900064
Rabinalto;26/02/2022 9:00;-1.782699943
Rabinalto;26/02/2022 10:00;-1.236199975
Rabinalto;26/02/2022 11:00;-0.764599979
Rabinalto;26/02/2022 12:00;-0.603799999
Rabinalto;26/02/2022 13:00;-0.496600002
Rabinalto;26/02/2022 14:00;-0.432300001
Rabinalto;26/02/2022 15:00;-0.367900014
Rabinalto;26/02/2022 16:00;-0.303600013
Rabinalto;26/02/2022 17:00;-0.25
Rabinalto;26/02/2022 18:00;-0.244599998
Rabinalto;26/02/2022 19:00;-0.282200009
Rabinalto;26/02/2022 20:00;-0.271400005
Rabinalto;26/02/2022 21:00;-0.266099989
Rabinalto;26/02/2022 22:00;-0.266099989
Rabinalto;26/02/2022 23:00;-0.266099989
Rabinalto;27/02/2022 0:00;-0.260699987
Rabinalto;27/02/2022 1:00;-0.260699987
Rabinalto;27/02/2022 2:00;-0.266099989
Rabinalto;27/02/2022 3:00;-0.260699987
Rabinalto;27/02/2022 4:00;-0.266099989
Rabinalto;27/02/2022 5:00;-0.266099989
Rabinalto;27/02/2022 6:00;-0.271400005
Rabinalto;27/02/2022 7:00;-0.276800007
Rabinalto;27/02/2022 8:00;-0.287499994
Rabinalto;27/02/2022 9:00;-0.357199997
Rabinalto;27/02/2022 10:00;-0.512700021
Rabinalto;27/02/2022 11:00;-0.496600002
Rabinalto;27/02/2022 12:00;-0.378699988
Rabinalto;27/02/2022 13:00;-0.078500003
Rabinalto;27/02/2022 14:00;0.811500013
Rabinalto;27/02/2022 15:00;1.508599997
Rabinalto;27/02/2022 16:00;1.492599964
Rabinalto;27/02/2022 17:00;0.907999992
Rabinalto;27/02/2022 18:00;0.473699987
Rabinalto;27/02/2022 19:00;-0.201800004
Rabinalto;27/02/2022 20:00;-0.201800004
Rabinalto;27/02/2022 21:00;-0.201800004
Rabinalto;27/02/2022 22:00;-0.201800004
Rabinalto;27/02/2022 23:00;-0.207100004
Rabinalto;28/02/2022 0:00;-0.212500006
Rabinalto;28/02/2022 1:00;-0.217800006
Rabinalto;28/02/2022 2:00;-0.233899996
Rabinalto;28/02/2022 3:00;-0.271400005
Rabinalto;28/02/2022 4:00;-0.373299986
Rabinalto;28/02/2022 5:00;-0.518000007
Rabinalto;28/02/2022 6:00;-0.630599976
Rabinalto;28/02/2022 7:00;-0.711000025
Rabinalto;28/02/2022 8:00;-0.786000013
Rabinalto;28/02/2022 9:00;-0.7324
Rabinalto;28/02/2022 10:00;-0.560899973
Rabinalto;28/02/2022 11:00;-0.394699991
Rabinalto;28/02/2022 12:00;-0.314300001
Rabinalto;28/02/2022 13:00;-0.271400005
Rabinalto;28/02/2022 14:00;-0.040899999
Rabinalto;28/02/2022 15:00;1.283400059
Rabinalto;28/02/2022 16:00;1.819700003
Rabinalto;28/02/2022 17:00;1.497900009
Rabinalto;28/02/2022 18:00;1.047399998
Rabinalto;28/02/2022 19:00;0.205699995
Rabinalto;28/02/2022 20:00;-0.185699999
Rabinalto;28/02/2022 21:00;-0.191
Rabinalto;28/02/2022 22:00;-0.191
Rabinalto;28/02/2022 23:00;-0.185699999
Rabinalto;01/03/2022 0:00;-0.191
Rabinalto;01/03/2022 1:00;-0.191
Rabinalto;01/03/2022 2:00;-0.191
Rabinalto;01/03/2022 3:00;-0.191
Rabinalto;01/03/2022 4:00;-0.191
Rabinalto;01/03/2022 5:00;-0.191
Rabinalto;01/03/2022 6:00;-0.191
Rabinalto;01/03/2022 7:00;-0.191
Rabinalto;01/03/2022 8:00;-0.191
Rabinalto;01/03/2022 9:00;-0.191
Rabinalto;01/03/2022 10:00;-0.191
Rabinalto;01/03/2022 11:00;-0.185699999
Rabinalto;01/03/2022 12:00;0.387899995
Rabinalto;01/03/2022 13:00;1.03670001
Rabinalto;01/03/2022 14:00;1.208299994
Rabinalto;01/03/2022 15:00;0.682799995
Rabinalto;01/03/2022 16:00;0.2271
Rabinalto;01/03/2022 17:00;0.639900029
Rabinalto;01/03/2022 18:00;0.473699987
Rabinalto;01/03/2022 19:00;0.141299993
Rabinalto;01/03/2022 20:00;-0.110600002
Rabinalto;01/03/2022 21:00;-0.169599995
Rabinalto;01/03/2022 22:00;-0.180299997
Rabinalto;01/03/2022 23:00;-0.180299997
Rabinalto;02/03/2022 0:00;-0.180299997
Rabinalto;02/03/2022 1:00;-0.185699999
Rabinalto;02/03/2022 2:00;-0.191
Rabinalto;02/03/2022 3:00;-0.185699999
Rabinalto;02/03/2022 4:00;-0.185699999
Rabinalto;02/03/2022 5:00;-0.185699999
Rabinalto;02/03/2022 6:00;-0.185699999
Rabinalto;02/03/2022 7:00;-0.185699999
Rabinalto;02/03/2022 8:00;-0.185699999
Rabinalto;02/03/2022 9:00;-0.185699999
Rabinalto;02/03/2022 10:00;-0.185699999
Rabinalto;02/03/2022 11:00;-0.185699999
Rabinalto;02/03/2022 12:00;-0.180299997
Rabinalto;02/03/2022 13:00;-0.185699999
Rabinalto;02/03/2022 14:00;-0.185699999
Rabinalto;02/03/2022 15:00;-0.185699999
Rabinalto;02/03/2022 16:00;-0.185699999
Rabinalto;02/03/2022 17:00;-0.180299997
Rabinalto;02/03/2022 18:00;-0.180299997
Rabinalto;02/03/2022 19:00;-0.180299997
Rabinalto;02/03/2022 20:00;-0.180299997
Rabinalto;02/03/2022 21:00;-0.180299997
Rabinalto;02/03/2022 22:00;-0.180299997
Rabinalto;02/03/2022 23:00;-0.180299997
Rabinalto;03/03/2022 0:00;-0.180299997
Rabinalto;03/03/2022 1:00;-0.180299997
Rabinalto;03/03/2022 2:00;-0.174999997
Rabinalto;03/03/2022 3:00;-0.174999997
Rabinalto;03/03/2022 4:00;-0.174999997
Rabinalto;03/03/2022 5:00;-0.174999997
Rabinalto;03/03/2022 6:00;-0.174999997
Rabinalto;03/03/2022 7:00;-0.174999997
Rabinalto;03/03/2022 8:00;-0.174999997
Rabinalto;03/03/2022 9:00;-0.174999997
Rabinalto;03/03/2022 10:00;-0.174999997
Rabinalto;03/03/2022 11:00;-0.174999997
Rabinalto;03/03/2022 12:00;-0.174999997
Rabinalto;03/03/2022 13:00;-0.174999997
Rabinalto;03/03/2022 14:00;-0.174999997
Rabinalto;03/03/2022 15:00;-0.174999997
Rabinalto;03/03/2022 16:00;-0.180299997
Rabinalto;03/03/2022 17:00;-0.174999997
Rabinalto;03/03/2022 18:00;-0.180299997
Rabinalto;03/03/2022 19:00;-0.180299997
Rabinalto;03/03/2022 20:00;-0.180299997
Rabinalto;03/03/2022 21:00;-0.180299997
Rabinalto;03/03/2022 22:00;-0.180299997
Rabinalto;03/03/2022 23:00;-0.180299997
Rabinalto;04/03/2022 0:00;-0.180299997
Rabinalto;04/03/2022 1:00;-0.180299997
Rabinalto;04/03/2022 2:00;-0.180299997
Rabinalto;04/03/2022 3:00;-0.180299997
Rabinalto;04/03/2022 4:00;-0.185699999
Rabinalto;04/03/2022 5:00;-0.185699999
Rabinalto;04/03/2022 6:00;-0.191
Rabinalto;04/03/2022 7:00;-0.191
Rabinalto;04/03/2022 8:00;-0.196400002
Rabinalto;04/03/2022 9:00;-0.196400002
Rabinalto;04/03/2022 10:00;-0.196400002
Rabinalto;04/03/2022 11:00;-0.196400002
Rabinalto;04/03/2022 12:00;-0.196400002
Rabinalto;04/03/2022 13:00;-0.196400002
Rabinalto;04/03/2022 14:00;-0.191
Rabinalto;04/03/2022 15:00;-0.191
Rabinalto;04/03/2022 16:00;-0.191
Rabinalto;04/03/2022 17:00;-0.191
Rabinalto;04/03/2022 18:00;-0.196400002
Rabinalto;04/03/2022 19:00;-0.196400002
Rabinalto;04/03/2022 20:00;-0.196400002
Rabinalto;04/03/2022 21:00;-0.207100004
Rabinalto;04/03/2022 22:00;-0.212500006
Rabinalto;04/03/2022 23:00;-0.228599995
Rabinalto;05/03/2022 0:00;-0.255400002
Rabinalto;05/03/2022 1:00;-0.287499994
Rabinalto;05/03/2022 2:00;-0.303600013
Rabinalto;05/03/2022 3:00;-0.308999985
Rabinalto;05/03/2022 4:00;-0.319700003
Rabinalto;05/03/2022 5:00;-0.319700003
Rabinalto;05/03/2022 6:00;-0.335799992
Rabinalto;05/03/2022 7:00;-0.341100007
Rabinalto;05/03/2022 8:00;-0.351799995
Rabinalto;05/03/2022 9:00;-0.362599999
Rabinalto;05/03/2022 10:00;-0.362599999
Rabinalto;05/03/2022 11:00;-0.341100007
Rabinalto;05/03/2022 12:00;-0.314300001
Rabinalto;05/03/2022 13:00;-0.282200009
Rabinalto;05/03/2022 14:00;-0.260699987
Rabinalto;05/03/2022 15:00;-0.25
Rabinalto;05/03/2022 16:00;-0.239299998
Rabinalto;05/03/2022 17:00;-0.233899996
Rabinalto;05/03/2022 18:00;-0.239299998
Rabinalto;05/03/2022 19:00;-0.266099989
Rabinalto;05/03/2022 20:00;-0.298200011
Rabinalto;05/03/2022 21:00;-0.319700003
Rabinalto;05/03/2022 22:00;-0.341100007
Rabinalto;05/03/2022 23:00;-0.367900014
Rabinalto;06/03/2022 0:00;-0.373299986
Rabinalto;06/03/2022 1:00;-0.41080001
Rabinalto;06/03/2022 2:00;-0.442999989
Rabinalto;06/03/2022 3:00;-0.459100008
Rabinalto;06/03/2022 4:00;-0.464399993
Rabinalto;06/03/2022 5:00;-0.464399993
Rabinalto;06/03/2022 6:00;-0.475100011
Rabinalto;06/03/2022 7:00;-0.480500013
Rabinalto;06/03/2022 8:00;-0.4912
Rabinalto;06/03/2022 9:00;-0.4912
Rabinalto;06/03/2022 10:00;-0.469799995
Rabinalto;06/03/2022 11:00;-0.448300004
Rabinalto;06/03/2022 12:00;-0.416200012
Rabinalto;06/03/2022 13:00;-0.373299986
Rabinalto;06/03/2022 14:00;-0.335799992
Rabinalto;06/03/2022 15:00;-0.314300001
Rabinalto;06/03/2022 16:00;-0.292899996
Rabinalto;06/03/2022 17:00;-0.282200009
Rabinalto;06/03/2022 18:00;-0.282200009
Rabinalto;06/03/2022 19:00;-0.308999985
Rabinalto;06/03/2022 20:00;-0.346500009
Rabinalto;06/03/2022 21:00;-0.41080001
Rabinalto;06/03/2022 22:00;-0.459100008
Rabinalto;06/03/2022 23:00;-0.480500013
Rabinalto;07/03/2022 0:00;-0.4912
Rabinalto;07/03/2022 1:00;-0.507300019
Rabinalto;07/03/2022 2:00;-0.560899973
Rabinalto;07/03/2022 3:00;-0.587700009
Rabinalto;07/03/2022 4:00;-0.592999995
Rabinalto;07/03/2022 5:00;-0.614499986
Rabinalto;07/03/2022 6:00;-0.625199974
Rabinalto;07/03/2022 7:00;-0.641300023
Rabinalto;07/03/2022 8:00;-0.641300023
Rabinalto;07/03/2022 9:00;-0.635900021
Rabinalto;07/03/2022 10:00;-0.614499986
Rabinalto;07/03/2022 11:00;-0.587700009
Rabinalto;07/03/2022 12:00;-0.544799984
Rabinalto;07/03/2022 13:00;-0.501900017
Rabinalto;07/03/2022 14:00;-0.453700006
Rabinalto;07/03/2022 15:00;-0.416200012
Rabinalto;07/03/2022 16:00;-0.400099993
Rabinalto;07/03/2022 17:00;-0.389400005
Rabinalto;07/03/2022 18:00;-0.389400005
Rabinalto;07/03/2022 19:00;-0.400099993
Rabinalto;07/03/2022 20:00;-0.421499997
Rabinalto;07/03/2022 21:00;-0.437599987
Rabinalto;07/03/2022 22:00;-0.459100008
Rabinalto;07/03/2022 23:00;-0.480500013
Rabinalto;08/03/2022 0:00;-0.507300019
Rabinalto;08/03/2022 1:00;-0.518000007
Rabinalto;08/03/2022 2:00;-0.534099996
Rabinalto;08/03/2022 3:00;-0.539499998
Rabinalto;08/03/2022 4:00;-0.539499998
Rabinalto;08/03/2022 5:00;-0.539499998
Rabinalto;08/03/2022 6:00;-0.539499998
Rabinalto;08/03/2022 7:00;-0.539499998
Rabinalto;08/03/2022 8:00;-0.539499998
Rabinalto;08/03/2022 9:00;-0.539499998
Rabinalto;08/03/2022 10:00;-0.518000007
Rabinalto;08/03/2022 11:00;-0.496600002
Rabinalto;08/03/2022 12:00;-0.464399993
Rabinalto;08/03/2022 13:00;-0.432300001
Rabinalto;08/03/2022 14:00;-0.400099993
Rabinalto;08/03/2022 15:00;-0.384000003
Rabinalto;08/03/2022 16:00;-0.362599999
Rabinalto;08/03/2022 17:00;-0.351799995
Rabinalto;08/03/2022 18:00;-0.346500009
Rabinalto;08/03/2022 19:00;-0.341100007
Rabinalto;08/03/2022 20:00;-0.341100007
Rabinalto;08/03/2022 21:00;-0.357199997
Rabinalto;08/03/2022 22:00;-0.378699988
Rabinalto;08/03/2022 23:00;-0.41080001
Rabinalto;09/03/2022 0:00;-0.448300004
Rabinalto;09/03/2022 1:00;-0.475100011
Rabinalto;09/03/2022 2:00;-0.480500013
Rabinalto;09/03/2022 3:00;-0.501900017
Rabinalto;09/03/2022 4:00;-0.528699994
Rabinalto;09/03/2022 5:00;-0.544799984
Rabinalto;09/03/2022 6:00;-0.550199986
Rabinalto;09/03/2022 7:00;-0.555499971
Rabinalto;09/03/2022 8:00;-0.560899973
Rabinalto;09/03/2022 9:00;-0.566200018
Rabinalto;09/03/2022 10:00;-0.544799984
Rabinalto;09/03/2022 11:00;-0.528699994
Rabinalto;09/03/2022 12:00;-0.507300019
Rabinalto;09/03/2022 13:00;-0.480500013
Rabinalto;09/03/2022 14:00;-0.453700006
Rabinalto;09/03/2022 15:00;-0.426899999
Rabinalto;09/03/2022 16:00;-0.41080001
Rabinalto;09/03/2022 17:00;-0.389400005
Rabinalto;09/03/2022 18:00;-0.378699988
Rabinalto;09/03/2022 19:00;-0.373299986
Rabinalto;09/03/2022 20:00;-0.367900014
Rabinalto;09/03/2022 21:00;-0.362599999
Rabinalto;09/03/2022 22:00;-0.357199997
Rabinalto;09/03/2022 23:00;-0.357199997
Rabinalto;10/03/2022 0:00;-0.357199997
Rabinalto;10/03/2022 1:00;-0.357199997
Rabinalto;10/03/2022 2:00;-0.357199997
Rabinalto;10/03/2022 3:00;-0.362599999
Rabinalto;10/03/2022 4:00;-0.362599999
Rabinalto;10/03/2022 5:00;-0.367900014
Rabinalto;10/03/2022 6:00;-0.384000003
Rabinalto;10/03/2022 7:00;-0.41080001
Rabinalto;10/03/2022 8:00;-0.426899999
Rabinalto;10/03/2022 9:00;-0.437599987
Rabinalto;10/03/2022 10:00;-0.437599987
Rabinalto;10/03/2022 11:00;-0.432300001
Rabinalto;10/03/2022 12:00;-0.416200012
Rabinalto;10/03/2022 13:00;-0.394699991
Rabinalto;10/03/2022 14:00;-0.378699988
Rabinalto;10/03/2022 15:00;-0.362599999
Rabinalto;10/03/2022 16:00;-0.351799995
Rabinalto;10/03/2022 17:00;-0.341100007
Rabinalto;10/03/2022 18:00;-0.335799992
Rabinalto;10/03/2022 19:00;-0.33039999
Rabinalto;10/03/2022 20:00;-0.324999988
Rabinalto;10/03/2022 21:00;-0.324999988
Rabinalto;10/03/2022 22:00;-0.319700003
Rabinalto;10/03/2022 23:00;-0.319700003
Rabinalto;11/03/2022 0:00;-0.314300001
Rabinalto;11/03/2022 1:00;-0.314300001
Rabinalto;11/03/2022 2:00;-0.308999985
Rabinalto;11/03/2022 3:00;-0.308999985
Rabinalto;11/03/2022 4:00;-0.308999985
Rabinalto;11/03/2022 5:00;-0.303600013
Rabinalto;11/03/2022 6:00;-0.303600013
Rabinalto;11/03/2022 7:00;-0.303600013
Rabinalto;11/03/2022 8:00;-0.298200011
Rabinalto;11/03/2022 9:00;-0.298200011
Rabinalto;11/03/2022 10:00;-0.298200011
Rabinalto;11/03/2022 11:00;-0.292899996
Rabinalto;11/03/2022 12:00;-0.292899996
Rabinalto;11/03/2022 13:00;-0.292899996
Rabinalto;11/03/2022 14:00;-0.287499994
Rabinalto;11/03/2022 15:00;-0.287499994
Rabinalto;11/03/2022 16:00;-0.282200009
Rabinalto;11/03/2022 17:00;-0.287499994
Rabinalto;11/03/2022 18:00;-0.282200009
Rabinalto;11/03/2022 19:00;-0.282200009
Rabinalto;11/03/2022 20:00;-0.276800007
Rabinalto;11/03/2022 21:00;-0.276800007
Rabinalto;11/03/2022 22:00;-0.276800007
Rabinalto;11/03/2022 23:00;-0.276800007
Rabinalto;12/03/2022 0:00;-0.276800007
Rabinalto;12/03/2022 1:00;-0.276800007
Rabinalto;12/03/2022 2:00;-0.271400005
Rabinalto;12/03/2022 3:00;-0.271400005
Rabinalto;12/03/2022 4:00;-0.271400005
Rabinalto;12/03/2022 5:00;-0.271400005
Rabinalto;12/03/2022 6:00;-0.271400005
Rabinalto;12/03/2022 7:00;-0.276800007
Rabinalto;12/03/2022 8:00;-0.282200009
Rabinalto;12/03/2022 9:00;-0.292899996
Rabinalto;12/03/2022 10:00;-0.298200011
Rabinalto;12/03/2022 11:00;-0.308999985
Rabinalto;12/03/2022 12:00;-0.314300001
Rabinalto;12/03/2022 13:00;-0.319700003
Rabinalto;12/03/2022 14:00;-0.324999988
Rabinalto;12/03/2022 15:00;-0.319700003
Rabinalto;12/03/2022 16:00;-0.319700003
Rabinalto;12/03/2022 17:00;-0.319700003
Rabinalto;12/03/2022 18:00;-0.314300001
Rabinalto;12/03/2022 19:00;-0.314300001
Rabinalto;12/03/2022 20:00;-0.314300001
Rabinalto;12/03/2022 21:00;-0.314300001
Rabinalto;12/03/2022 22:00;-0.308999985
Rabinalto;12/03/2022 23:00;-0.314300001
Rabinalto;13/03/2022 0:00;-0.314300001
Rabinalto;13/03/2022 1:00;-0.308999985
Rabinalto;13/03/2022 2:00;-0.314300001
Rabinalto;13/03/2022 3:00;-0.314300001
Rabinalto;13/03/2022 4:00;-0.314300001
Rabinalto;13/03/2022 5:00;-0.319700003
Rabinalto;13/03/2022 6:00;-0.324999988
Rabinalto;13/03/2022 7:00;-0.33039999
Rabinalto;13/03/2022 8:00;-0.335799992
Rabinalto;13/03/2022 9:00;-0.351799995
Rabinalto;13/03/2022 10:00;-0.367900014
Rabinalto;13/03/2022 11:00;-0.378699988
Rabinalto;13/03/2022 12:00;-0.394699991
Rabinalto;13/03/2022 13:00;-0.405499995
Rabinalto;13/03/2022 14:00;-0.41080001
Rabinalto;13/03/2022 15:00;-0.405499995
Rabinalto;13/03/2022 16:00;-0.405499995
Rabinalto;13/03/2022 17:00;-0.405499995
Rabinalto;13/03/2022 18:00;-0.400099993
Rabinalto;13/03/2022 19:00;-0.394699991
Rabinalto;13/03/2022 20:00;-0.394699991
Rabinalto;13/03/2022 21:00;-0.394699991
Rabinalto;13/03/2022 22:00;-0.394699991
Rabinalto;13/03/2022 23:00;-0.394699991
Rabinalto;14/03/2022 0:00;-0.394699991
Rabinalto;14/03/2022 1:00;-0.400099993
Rabinalto;14/03/2022 2:00;-0.394699991
Rabinalto;14/03/2022 3:00;-0.400099993
Rabinalto;14/03/2022 4:00;-0.394699991
Rabinalto;14/03/2022 5:00;-0.400099993
Rabinalto;14/03/2022 6:00;-0.400099993
Rabinalto;14/03/2022 7:00;-0.405499995
Rabinalto;14/03/2022 8:00;-0.41080001
Rabinalto;14/03/2022 9:00;-0.416200012
Rabinalto;14/03/2022 10:00;-0.421499997
Rabinalto;14/03/2022 11:00;-0.421499997
Rabinalto;14/03/2022 12:00;-0.421499997
Rabinalto;14/03/2022 13:00;-0.421499997
Rabinalto;14/03/2022 14:00;-0.421499997
Rabinalto;14/03/2022 15:00;-0.41080001
Rabinalto;14/03/2022 16:00;-0.400099993
Rabinalto;14/03/2022 17:00;-0.389400005
Rabinalto;14/03/2022 18:00;-0.378699988
Rabinalto;14/03/2022 19:00;-0.378699988
Rabinalto;14/03/2022 20:00;-0.373299986
Rabinalto;14/03/2022 21:00;-0.367900014
Rabinalto;14/03/2022 22:00;-0.362599999
Rabinalto;14/03/2022 23:00;-0.362599999
Rabinalto;15/03/2022 0:00;-0.357199997
Rabinalto;15/03/2022 1:00;-0.357199997
Rabinalto;15/03/2022 2:00;-0.357199997
Rabinalto;15/03/2022 3:00;-0.351799995
Rabinalto;15/03/2022 4:00;-0.346500009
Rabinalto;15/03/2022 5:00;-0.346500009
Rabinalto;15/03/2022 6:00;-0.341100007
Rabinalto;15/03/2022 7:00;-0.335799992
Rabinalto;15/03/2022 8:00;-0.335799992
Rabinalto;15/03/2022 9:00;-0.33039999
Rabinalto;15/03/2022 10:00;-0.324999988
Rabinalto;15/03/2022 11:00;-0.319700003
Rabinalto;15/03/2022 12:00;-0.319700003
Rabinalto;15/03/2022 13:00;-0.314300001
Rabinalto;15/03/2022 14:00;-0.308999985
Rabinalto;15/03/2022 15:00;-0.287499994
Rabinalto;15/03/2022 16:00;-0.244599998
Rabinalto;15/03/2022 17:00;-0.212500006
Rabinalto;15/03/2022 18:00;-0.201800004
Rabinalto;15/03/2022 19:00;-0.196400002
Rabinalto;15/03/2022 20:00;-0.196400002
Rabinalto;15/03/2022 21:00;-0.191
Rabinalto;15/03/2022 22:00;-0.191
Rabinalto;15/03/2022 23:00;-0.185699999
Rabinalto;16/03/2022 0:00;-0.185699999
Rabinalto;16/03/2022 1:00;-0.180299997
Rabinalto;16/03/2022 2:00;-0.180299997
Rabinalto;16/03/2022 3:00;-0.185699999
Rabinalto;16/03/2022 4:00;-0.180299997
Rabinalto;16/03/2022 5:00;-0.185699999
Rabinalto;16/03/2022 6:00;-0.185699999
Rabinalto;16/03/2022 7:00;-0.185699999
Rabinalto;16/03/2022 8:00;-0.185699999
Rabinalto;16/03/2022 9:00;-0.180299997
Rabinalto;16/03/2022 10:00;-0.185699999
Rabinalto;16/03/2022 11:00;-0.180299997
Rabinalto;16/03/2022 12:00;-0.185699999
Rabinalto;16/03/2022 13:00;-0.185699999
Rabinalto;16/03/2022 14:00;-0.180299997
Rabinalto;16/03/2022 15:00;-0.180299997
Rabinalto;16/03/2022 16:00;-0.185699999
Rabinalto;16/03/2022 17:00;-0.180299997
Rabinalto;16/03/2022 18:00;-0.185699999
Rabinalto;16/03/2022 19:00;-0.185699999
Rabinalto;16/03/2022 20:00;-0.180299997
Rabinalto;16/03/2022 21:00;-0.185699999
Rabinalto;16/03/2022 22:00;-0.185699999
Rabinalto;16/03/2022 23:00;-0.185699999
Rabinalto;17/03/2022 0:00;-0.185699999
Rabinalto;17/03/2022 1:00;-0.185699999
Rabinalto;17/03/2022 2:00;-0.180299997
Rabinalto;17/03/2022 3:00;-0.180299997
Rabinalto;17/03/2022 4:00;-0.185699999
Rabinalto;17/03/2022 5:00;-0.185699999
Rabinalto;17/03/2022 6:00;-0.185699999
Rabinalto;17/03/2022 7:00;-0.185699999
Rabinalto;17/03/2022 8:00;-0.180299997
Rabinalto;17/03/2022 9:00;-0.185699999
Rabinalto;17/03/2022 10:00;-0.185699999
Rabinalto;17/03/2022 11:00;-0.180299997
Rabinalto;17/03/2022 12:00;-0.185699999
Rabinalto;17/03/2022 13:00;-0.185699999
Rabinalto;17/03/2022 14:00;-0.185699999
Rabinalto;17/03/2022 15:00;-0.185699999
Rabinalto;17/03/2022 16:00;-0.185699999
Rabinalto;17/03/2022 17:00;-0.185699999
Rabinalto;17/03/2022 18:00;-0.180299997
Rabinalto;17/03/2022 19:00;-0.185699999
Rabinalto;17/03/2022 20:00;-0.185699999
Rabinalto;17/03/2022 21:00;-0.185699999
Rabinalto;17/03/2022 22:00;-0.185699999
Rabinalto;17/03/2022 23:00;-0.185699999
Rabinalto;18/03/2022 0:00;-0.185699999
Rabinalto;18/03/2022 1:00;-0.185699999
Rabinalto;18/03/2022 2:00;-0.185699999
Rabinalto;18/03/2022 3:00;-0.191
Rabinalto;18/03/2022 4:00;-0.191
Rabinalto;18/03/2022 5:00;-0.201800004
Rabinalto;18/03/2022 6:00;-0.207100004
Rabinalto;18/03/2022 7:00;-0.212500006
Rabinalto;18/03/2022 8:00;-0.223199993
Rabinalto;18/03/2022 9:00;-0.223199993
Rabinalto;18/03/2022 10:00;-0.223199993
Rabinalto;18/03/2022 11:00;-0.223199993
Rabinalto;18/03/2022 12:00;-0.223199993
Rabinalto;18/03/2022 13:00;-0.217800006
Rabinalto;18/03/2022 14:00;-0.217800006
Rabinalto;18/03/2022 15:00;-0.207100004
Rabinalto;18/03/2022 16:00;-0.201800004
Rabinalto;18/03/2022 17:00;-0.196400002
Rabinalto;18/03/2022 18:00;-0.196400002
Rabinalto;18/03/2022 19:00;-0.191
Rabinalto;18/03/2022 20:00;-0.191
Rabinalto;18/03/2022 21:00;-0.191
Rabinalto;18/03/2022 22:00;-0.191
Rabinalto;18/03/2022 23:00;-0.191
Rabinalto;19/03/2022 0:00;-0.191
Rabinalto;19/03/2022 1:00;-0.191
Rabinalto;19/03/2022 2:00;-0.185699999
Rabinalto;19/03/2022 3:00;-0.191
Rabinalto;19/03/2022 4:00;-0.185699999
Rabinalto;19/03/2022 5:00;-0.191
Rabinalto;19/03/2022 6:00;-0.185699999
Rabinalto;19/03/2022 7:00;-0.191
Rabinalto;19/03/2022 8:00;-0.191
Rabinalto;19/03/2022 9:00;-0.191
Rabinalto;19/03/2022 10:00;-0.185699999
Rabinalto;19/03/2022 11:00;-0.191
Rabinalto;19/03/2022 12:00;-0.191
Rabinalto;19/03/2022 13:00;-0.185699999
Rabinalto;19/03/2022 14:00;-0.185699999
Rabinalto;19/03/2022 15:00;-0.191
Rabinalto;19/03/2022 16:00;-0.185699999
Rabinalto;19/03/2022 17:00;-0.185699999
Rabinalto;19/03/2022 18:00;-0.185699999
Rabinalto;19/03/2022 19:00;-0.185699999
Rabinalto;19/03/2022 20:00;-0.185699999
Rabinalto;19/03/2022 21:00;-0.185699999
Rabinalto;19/03/2022 22:00;-0.185699999
Rabinalto;19/03/2022 23:00;-0.185699999
Rabinalto;20/03/2022 0:00;-0.185699999
Rabinalto;20/03/2022 1:00;-0.185699999
Rabinalto;20/03/2022 2:00;-0.185699999
Rabinalto;20/03/2022 3:00;-0.185699999
Rabinalto;20/03/2022 4:00;-0.185699999
Rabinalto;20/03/2022 5:00;-0.185699999
Rabinalto;20/03/2022 6:00;-0.185699999
Rabinalto;20/03/2022 7:00;-0.191
Rabinalto;20/03/2022 8:00;-0.191
Rabinalto;20/03/2022 9:00;-0.185699999
Rabinalto;20/03/2022 10:00;-0.185699999
Rabinalto;20/03/2022 11:00;-0.185699999
Rabinalto;20/03/2022 12:00;-0.185699999
Rabinalto;20/03/2022 13:00;-0.185699999
Rabinalto;20/03/2022 14:00;-0.185699999
Rabinalto;20/03/2022 15:00;-0.191
Rabinalto;20/03/2022 16:00;-0.185699999
Rabinalto;20/03/2022 17:00;-0.185699999
Rabinalto;20/03/2022 18:00;-0.185699999
Rabinalto;20/03/2022 19:00;-0.185699999
Rabinalto;20/03/2022 20:00;-0.185699999
Rabinalto;20/03/2022 21:00;-0.185699999
Rabinalto;20/03/2022 22:00;-0.185699999
Rabinalto;20/03/2022 23:00;-0.185699999
Rabinalto;21/03/2022 0:00;-0.185699999
Rabinalto;21/03/2022 1:00;-0.185699999
Rabinalto;21/03/2022 2:00;-0.185699999
Rabinalto;21/03/2022 3:00;-0.185699999
Rabinalto;21/03/2022 4:00;-0.185699999
Rabinalto;21/03/2022 5:00;-0.185699999
Rabinalto;21/03/2022 6:00;-0.191
Rabinalto;21/03/2022 7:00;-0.185699999
Rabinalto;21/03/2022 8:00;-0.185699999
Rabinalto;21/03/2022 9:00;-0.185699999
Rabinalto;21/03/2022 10:00;-0.185699999
Rabinalto;21/03/2022 11:00;-0.185699999
Rabinalto;21/03/2022 12:00;-0.185699999
Rabinalto;21/03/2022 13:00;-0.185699999
Rabinalto;21/03/2022 14:00;-0.185699999
Rabinalto;21/03/2022 15:00;-0.185699999
Rabinalto;21/03/2022 16:00;-0.191
Rabinalto;21/03/2022 17:00;-0.185699999
Rabinalto;21/03/2022 18:00;-0.185699999
Rabinalto;21/03/2022 19:00;-0.185699999
Rabinalto;21/03/2022 20:00;-0.191
Rabinalto;21/03/2022 21:00;-0.185699999
Rabinalto;21/03/2022 22:00;-0.185699999
Rabinalto;21/03/2022 23:00;-0.185699999
Rabinalto;22/03/2022 0:00;-0.185699999
Rabinalto;22/03/2022 1:00;-0.185699999
Rabinalto;22/03/2022 2:00;-0.185699999
Rabinalto;22/03/2022 3:00;-0.185699999
Rabinalto;22/03/2022 4:00;-0.191
Rabinalto;22/03/2022 5:00;-0.185699999
Rabinalto;22/03/2022 6:00;-0.185699999
Rabinalto;22/03/2022 7:00;-0.185699999
Rabinalto;22/03/2022 8:00;-0.185699999
Rabinalto;22/03/2022 9:00;-0.185699999
Rabinalto;22/03/2022 10:00;-0.185699999
Rabinalto;22/03/2022 11:00;-0.185699999
Rabinalto;22/03/2022 12:00;-0.185699999
Rabinalto;22/03/2022 13:00;-0.185699999
Rabinalto;22/03/2022 14:00;-0.185699999
Rabinalto;22/03/2022 15:00;-0.185699999
Rabinalto;22/03/2022 16:00;-0.185699999
Rabinalto;22/03/2022 17:00;-0.185699999
Rabinalto;22/03/2022 18:00;-0.185699999
Rabinalto;22/03/2022 19:00;-0.185699999
Rabinalto;22/03/2022 20:00;-0.185699999
Rabinalto;22/03/2022 21:00;-0.185699999
Rabinalto;22/03/2022 22:00;-0.185699999
Rabinalto;22/03/2022 23:00;-0.185699999
Rabinalto;23/03/2022 0:00;-0.185699999
Rabinalto;23/03/2022 1:00;-0.185699999
Rabinalto;23/03/2022 2:00;-0.185699999
Rabinalto;23/03/2022 3:00;-0.185699999
Rabinalto;23/03/2022 4:00;-0.185699999
Rabinalto;23/03/2022 5:00;-0.185699999
Rabinalto;23/03/2022 6:00;-0.185699999
Rabinalto;23/03/2022 7:00;-0.185699999
Rabinalto;23/03/2022 8:00;-0.191
Rabinalto;23/03/2022 9:00;-0.185699999
Rabinalto;23/03/2022 10:00;-0.185699999
Rabinalto;23/03/2022 11:00;-0.191
Rabinalto;23/03/2022 12:00;-0.185699999
Rabinalto;23/03/2022 13:00;-0.185699999
Rabinalto;23/03/2022 14:00;-0.185699999
Rabinalto;23/03/2022 15:00;-0.185699999
Rabinalto;23/03/2022 16:00;-0.185699999
Rabinalto;23/03/2022 17:00;-0.185699999
Rabinalto;23/03/2022 18:00;-0.185699999
Rabinalto;23/03/2022 19:00;-0.185699999
Rabinalto;23/03/2022 20:00;-0.185699999
Rabinalto;23/03/2022 21:00;-0.185699999
Rabinalto;23/03/2022 22:00;-0.185699999
Rabinalto;23/03/2022 23:00;-0.185699999
Rabinalto;24/03/2022 0:00;-0.185699999
Rabinalto;24/03/2022 1:00;-0.191
Rabinalto;24/03/2022 2:00;-0.185699999
Rabinalto;24/03/2022 3:00;-0.185699999
Rabinalto;24/03/2022 4:00;-0.185699999
Rabinalto;24/03/2022 5:00;-0.185699999
Rabinalto;24/03/2022 6:00;-0.185699999
Rabinalto;24/03/2022 7:00;-0.185699999
Rabinalto;24/03/2022 8:00;-0.185699999
Rabinalto;24/03/2022 9:00;-0.185699999
Rabinalto;24/03/2022 10:00;-0.185699999
Rabinalto;24/03/2022 11:00;-0.185699999
Rabinalto;24/03/2022 12:00;-0.185699999
Rabinalto;24/03/2022 13:00;-0.185699999
Rabinalto;24/03/2022 14:00;-0.185699999
Rabinalto;24/03/2022 15:00;-0.185699999
Rabinalto;24/03/2022 16:00;-0.185699999
Rabinalto;24/03/2022 17:00;-0.185699999
Rabinalto;24/03/2022 18:00;-0.185699999
Rabinalto;24/03/2022 19:00;-0.185699999
Rabinalto;24/03/2022 20:00;-0.185699999
Rabinalto;24/03/2022 21:00;-0.185699999
Rabinalto;24/03/2022 22:00;-0.185699999
Rabinalto;24/03/2022 23:00;-0.185699999
Rabinalto;25/03/2022 0:00;-0.185699999
Rabinalto;25/03/2022 1:00;-0.185699999
Rabinalto;25/03/2022 2:00;-0.185699999
Rabinalto;25/03/2022 3:00;-0.185699999
Rabinalto;25/03/2022 4:00;-0.185699999
Rabinalto;25/03/2022 5:00;-0.185699999
Rabinalto;25/03/2022 6:00;-0.191
Rabinalto;25/03/2022 7:00;-0.185699999
Rabinalto;25/03/2022 8:00;-0.185699999
Rabinalto;25/03/2022 9:00;-0.185699999
Rabinalto;25/03/2022 10:00;-0.185699999
Rabinalto;25/03/2022 11:00;-0.185699999
Rabinalto;25/03/2022 12:00;-0.185699999
Rabinalto;25/03/2022 13:00;-0.185699999
Rabinalto;25/03/2022 14:00;-0.185699999
Rabinalto;25/03/2022 15:00;-0.185699999
Rabinalto;25/03/2022 16:00;-0.185699999
Rabinalto;25/03/2022 17:00;-0.185699999
Rabinalto;25/03/2022 18:00;-0.185699999
Rabinalto;25/03/2022 19:00;-0.185699999
Rabinalto;25/03/2022 20:00;-0.185699999
Rabinalto;25/03/2022 21:00;-0.185699999
Rabinalto;25/03/2022 22:00;-0.185699999
Rabinalto;25/03/2022 23:00;-0.185699999
Rabinalto;26/03/2022 0:00;-0.185699999
Rabinalto;26/03/2022 1:00;-0.185699999
Rabinalto;26/03/2022 2:00;-0.185699999
Rabinalto;26/03/2022 3:00;-0.185699999
Rabinalto;26/03/2022 4:00;-0.185699999
Rabinalto;26/03/2022 5:00;-0.185699999
Rabinalto;26/03/2022 6:00;-0.185699999
Rabinalto;26/03/2022 7:00;-0.185699999
Rabinalto;26/03/2022 8:00;-0.185699999
Rabinalto;26/03/2022 9:00;-0.185699999
Rabinalto;26/03/2022 10:00;-0.185699999
Rabinalto;26/03/2022 11:00;-0.185699999
Rabinalto;26/03/2022 12:00;-0.185699999
Rabinalto;26/03/2022 13:00;-0.185699999
Rabinalto;26/03/2022 14:00;-0.185699999
Rabinalto;26/03/2022 15:00;-0.185699999
Rabinalto;26/03/2022 16:00;-0.185699999
Rabinalto;26/03/2022 17:00;-0.185699999
Rabinalto;26/03/2022 18:00;-0.185699999
Rabinalto;26/03/2022 19:00;-0.185699999
Rabinalto;26/03/2022 20:00;-0.185699999
Rabinalto;26/03/2022 21:00;-0.185699999
Rabinalto;26/03/2022 22:00;-0.185699999
Rabinalto;26/03/2022 23:00;-0.185699999
Rabinalto;27/03/2022 0:00;-0.185699999
Rabinalto;27/03/2022 1:00;-0.180299997
Rabinalto;27/03/2022 2:00;-0.185699999
Rabinalto;27/03/2022 3:00;-0.185699999
Rabinalto;27/03/2022 4:00;-0.185699999
Rabinalto;27/03/2022 5:00;-0.185699999
Rabinalto;27/03/2022 6:00;-0.185699999
Rabinalto;27/03/2022 7:00;-0.185699999
Rabinalto;27/03/2022 8:00;-0.185699999
Rabinalto;27/03/2022 9:00;-0.185699999
Rabinalto;27/03/2022 10:00;-0.185699999
Rabinalto;27/03/2022 11:00;-0.180299997
Rabinalto;27/03/2022 12:00;-0.185699999
Rabinalto;27/03/2022 13:00;-0.185699999
Rabinalto;27/03/2022 14:00;-0.180299997
Rabinalto;27/03/2022 15:00;-0.185699999
Rabinalto;27/03/2022 16:00;-0.185699999
Rabinalto;27/03/2022 17:00;-0.185699999
Rabinalto;27/03/2022 18:00;-0.180299997
Rabinalto;27/03/2022 19:00;-0.185699999
Rabinalto;27/03/2022 20:00;-0.185699999
Rabinalto;27/03/2022 21:00;-0.180299997
Rabinalto;27/03/2022 22:00;-0.185699999
Rabinalto;27/03/2022 23:00;-0.180299997
Rabinalto;28/03/2022 0:00;-0.185699999
Rabinalto;28/03/2022 1:00;-0.180299997
Rabinalto;28/03/2022 2:00;-0.185699999
Rabinalto;28/03/2022 3:00;-0.185699999
Rabinalto;28/03/2022 4:00;-0.185699999
Rabinalto;28/03/2022 5:00;-0.180299997
Rabinalto;28/03/2022 6:00;-0.185699999
Rabinalto;28/03/2022 7:00;-0.185699999
Rabinalto;28/03/2022 8:00;-0.180299997
Rabinalto;28/03/2022 9:00;-0.185699999
Rabinalto;28/03/2022 10:00;-0.180299997
Rabinalto;28/03/2022 11:00;-0.180299997
Rabinalto;28/03/2022 12:00;-0.185699999
Rabinalto;28/03/2022 13:00;-0.180299997
Rabinalto;28/03/2022 14:00;-0.180299997
Rabinalto;28/03/2022 15:00;-0.180299997
Rabinalto;28/03/2022 16:00;-0.185699999
Rabinalto;28/03/2022 17:00;-0.185699999
Rabinalto;28/03/2022 18:00;-0.185699999
Rabinalto;28/03/2022 19:00;-0.180299997
Rabinalto;28/03/2022 20:00;-0.185699999
Rabinalto;28/03/2022 21:00;-0.185699999
Rabinalto;28/03/2022 22:00;-0.185699999
Rabinalto;28/03/2022 23:00;-0.180299997
Rabinalto;29/03/2022 0:00;-0.180299997
Rabinalto;29/03/2022 1:00;-0.185699999
Rabinalto;29/03/2022 2:00;-0.185699999
Rabinalto;29/03/2022 3:00;-0.180299997
Rabinalto;29/03/2022 4:00;-0.185699999
Rabinalto;29/03/2022 5:00;-0.185699999
Rabinalto;29/03/2022 6:00;-0.185699999
Rabinalto;29/03/2022 7:00;-0.180299997
Rabinalto;29/03/2022 8:00;-0.185699999
Rabinalto;29/03/2022 9:00;-0.185699999
Rabinalto;29/03/2022 10:00;-0.180299997
Rabinalto;29/03/2022 11:00;-0.185699999
Rabinalto;29/03/2022 12:00;-0.180299997
Rabinalto;29/03/2022 13:00;-0.180299997
Rabinalto;29/03/2022 14:00;-0.185699999
Rabinalto;29/03/2022 15:00;-0.180299997
Rabinalto;29/03/2022 16:00;-0.185699999
Rabinalto;29/03/2022 17:00;-0.180299997
Rabinalto;29/03/2022 18:00;-0.180299997
Rabinalto;29/03/2022 19:00;-0.180299997
Rabinalto;29/03/2022 20:00;-0.185699999
Rabinalto;29/03/2022 21:00;-0.180299997
Rabinalto;29/03/2022 22:00;-0.185699999
Rabinalto;29/03/2022 23:00;-0.180299997
Rabinalto;30/03/2022 0:00;-0.185699999
Rabinalto;30/03/2022 1:00;-0.185699999
Rabinalto;30/03/2022 2:00;-0.180299997
Rabinalto;30/03/2022 3:00;-0.185699999
Rabinalto;30/03/2022 4:00;-0.180299997
Rabinalto;30/03/2022 5:00;-0.180299997
Rabinalto;30/03/2022 6:00;-0.180299997
Rabinalto;30/03/2022 7:00;-0.180299997
Rabinalto;30/03/2022 8:00;-0.180299997
Rabinalto;30/03/2022 9:00;-0.185699999
Rabinalto;30/03/2022 10:00;-0.180299997
Rabinalto;30/03/2022 11:00;-0.185699999
Rabinalto;30/03/2022 12:00;-0.180299997
Rabinalto;30/03/2022 13:00;-0.185699999
Rabinalto;30/03/2022 14:00;-0.180299997
Rabinalto;30/03/2022 15:00;-0.180299997
Rabinalto;30/03/2022 16:00;-0.180299997
Rabinalto;30/03/2022 17:00;-0.185699999
Rabinalto;30/03/2022 18:00;-0.185699999
Rabinalto;30/03/2022 19:00;-0.185699999
Rabinalto;30/03/2022 20:00;-0.180299997
Rabinalto;30/03/2022 21:00;-0.180299997
Rabinalto;30/03/2022 22:00;-0.180299997
Rabinalto;30/03/2022 23:00;-0.180299997
Rabinalto;31/03/2022 0:00;-0.185699999
Rabinalto;31/03/2022 1:00;-0.185699999
Rabinalto;31/03/2022 2:00;-0.185699999
Rabinalto;31/03/2022 3:00;-0.185699999
Rabinalto;31/03/2022 4:00;-0.185699999
Rabinalto;31/03/2022 5:00;-0.196400002
Rabinalto;31/03/2022 6:00;-0.217800006
Rabinalto;31/03/2022 7:00;-0.244599998
Rabinalto;31/03/2022 8:00;-0.260699987
Rabinalto;31/03/2022 9:00;-0.25
Rabinalto;31/03/2022 10:00;-0.228599995
Rabinalto;31/03/2022 11:00;-0.223199993
Rabinalto;31/03/2022 12:00;-0.217800006
Rabinalto;31/03/2022 13:00;-0.207100004
Rabinalto;31/03/2022 14:00;-0.212500006
Rabinalto;31/03/2022 15:00;-0.207100004
Rabinalto;31/03/2022 16:00;-0.207100004
Rabinalto;31/03/2022 17:00;-0.201800004
Rabinalto;31/03/2022 18:00;-0.201800004
Rabinalto;31/03/2022 19:00;-0.201800004
Rabinalto;31/03/2022 20:00;-0.196400002
Rabinalto;31/03/2022 21:00;-0.201800004
Rabinalto;31/03/2022 22:00;-0.196400002
Rabinalto;31/03/2022 23:00;-0.196400002
Rabinalto;01/04/2022 0:00;-0.196400002
Rabinalto;01/04/2022 1:00;-0.196400002
Rabinalto;01/04/2022 2:00;-0.201800004
Rabinalto;01/04/2022 3:00;-0.233899996
Rabinalto;01/04/2022 4:00;-0.303600013
Rabinalto;01/04/2022 5:00;-0.373299986
Rabinalto;01/04/2022 6:00;-0.416200012
Rabinalto;01/04/2022 7:00;-0.448300004
Rabinalto;01/04/2022 8:00;-0.501900017
Rabinalto;01/04/2022 9:00;-0.507300019
Rabinalto;01/04/2022 10:00;-0.469799995
Rabinalto;01/04/2022 11:00;-0.416200012
Rabinalto;01/04/2022 12:00;-0.357199997
Rabinalto;01/04/2022 13:00;-0.319700003
Rabinalto;01/04/2022 14:00;-0.292899996
Rabinalto;01/04/2022 15:00;-0.276800007
Rabinalto;01/04/2022 16:00;-0.260699987
Rabinalto;01/04/2022 17:00;-0.260699987
Rabinalto;01/04/2022 18:00;-0.282200009
Rabinalto;01/04/2022 19:00;-0.33039999
Rabinalto;01/04/2022 20:00;-0.405499995
Rabinalto;01/04/2022 21:00;-0.496600002
Rabinalto;01/04/2022 22:00;-0.592999995
Rabinalto;01/04/2022 23:00;-0.657400012
Rabinalto;02/04/2022 0:00;-0.700200021
Rabinalto;02/04/2022 1:00;-0.7324
Rabinalto;02/04/2022 2:00;-0.775300026
Rabinalto;02/04/2022 3:00;-0.796700001
Rabinalto;02/04/2022 4:00;-0.834200025
Rabinalto;02/04/2022 5:00;-0.871699989
Rabinalto;02/04/2022 6:00;-0.909300029
Rabinalto;02/04/2022 7:00;-0.962899983
Rabinalto;02/04/2022 8:00;-0.995000005
Rabinalto;02/04/2022 9:00;-1.037899971
Rabinalto;02/04/2022 10:00;-0.984300017
Rabinalto;02/04/2022 11:00;-0.871699989
Rabinalto;02/04/2022 12:00;-0.74849999
Rabinalto;02/04/2022 13:00;-0.630599976
Rabinalto;02/04/2022 14:00;-0.534099996
Rabinalto;02/04/2022 15:00;-0.464399993
Rabinalto;02/04/2022 16:00;-0.416200012
Rabinalto;02/04/2022 17:00;-0.384000003
Rabinalto;02/04/2022 18:00;-0.405499995
Rabinalto;02/04/2022 19:00;-0.421499997
Rabinalto;02/04/2022 20:00;-0.485900015
Rabinalto;02/04/2022 21:00;-0.614499986
Rabinalto;02/04/2022 22:00;-0.7324
Rabinalto;02/04/2022 23:00;-0.823499978
Rabinalto;03/04/2022 0:00;-0.952099979
Rabinalto;03/04/2022 1:00;-1.070000052
Rabinalto;03/04/2022 2:00;-1.145099998
Rabinalto;03/04/2022 3:00;-1.17719996
Rabinalto;03/04/2022 4:00;-1.198600054
Rabinalto;03/04/2022 5:00;-1.236199975
Rabinalto;03/04/2022 6:00;-1.268300056
Rabinalto;03/04/2022 7:00;-1.316499949
Rabinalto;03/04/2022 8:00;-1.348700047
Rabinalto;03/04/2022 9:00;-1.305799961
Rabinalto;03/04/2022 10:00;-1.236199975
Rabinalto;03/04/2022 11:00;-1.080800056
Rabinalto;03/04/2022 12:00;-0.898500025
Rabinalto;03/04/2022 13:00;-0.81279999
Rabinalto;03/04/2022 14:00;-0.700200021
Rabinalto;03/04/2022 15:00;-0.603799999
Rabinalto;03/04/2022 16:00;-0.555499971
Rabinalto;03/04/2022 17:00;-0.534099996
Rabinalto;03/04/2022 18:00;-0.550199986
Rabinalto;03/04/2022 19:00;-0.641300023
Rabinalto;03/04/2022 20:00;-0.753799975
Rabinalto;03/04/2022 21:00;-0.855700016
Rabinalto;03/04/2022 22:00;-0.946799994
Rabinalto;03/04/2022 23:00;-1.075399995
Rabinalto;04/04/2022 0:00;-1.155799985
Rabinalto;04/04/2022 1:00;-1.236199975
Rabinalto;04/04/2022 2:00;-1.295099974
Rabinalto;04/04/2022 3:00;-1.391600013
Rabinalto;04/04/2022 4:00;-1.450500011
Rabinalto;04/04/2022 5:00;-1.482599974
Rabinalto;04/04/2022 6:00;-1.504099965
Rabinalto;04/04/2022 7:00;-1.525500059
Rabinalto;04/04/2022 8:00;-1.536200047
Rabinalto;04/04/2022 9:00;-1.477300048
Rabinalto;04/04/2022 10:00;-1.332599998
Rabinalto;04/04/2022 11:00;-1.139700055
Rabinalto;04/04/2022 12:00;-0.946799994
Rabinalto;04/04/2022 13:00;-0.780600011
Rabinalto;04/04/2022 14:00;-0.662699997
Rabinalto;04/04/2022 15:00;-0.577000022
Rabinalto;04/04/2022 16:00;-0.512700021
Rabinalto;04/04/2022 17:00;-0.459100008
Rabinalto;04/04/2022 18:00;-0.416200012
Rabinalto;04/04/2022 19:00;-0.389400005
Rabinalto;04/04/2022 20:00;-0.378699988
Rabinalto;04/04/2022 21:00;-0.389400005
Rabinalto;04/04/2022 22:00;-0.592999995
Rabinalto;04/04/2022 23:00;-0.855700016
Rabinalto;05/04/2022 0:00;-1.043200016
Rabinalto;05/04/2022 1:00;-1.220100045
Rabinalto;05/04/2022 2:00;-1.364799976
Rabinalto;05/04/2022 3:00;-1.514799953
Rabinalto;05/04/2022 4:00;-1.632699966
Rabinalto;05/04/2022 5:00;-1.75059998
Rabinalto;05/04/2022 6:00;-1.879099965
Rabinalto;05/04/2022 7:00;-1.980900049
Rabinalto;05/04/2022 8:00;-2.007699966
Rabinalto;05/04/2022 9:00;-1.836300015
Rabinalto;05/04/2022 10:00;-1.530900002
Rabinalto;05/04/2022 11:00;-1.17719996
Rabinalto;05/04/2022 12:00;-0.887799978
Rabinalto;05/04/2022 13:00;-0.678799987
Rabinalto;05/04/2022 14:00;-0.539499998
Rabinalto;05/04/2022 15:00;-0.464399993
Rabinalto;05/04/2022 16:00;-0.421499997
Rabinalto;05/04/2022 17:00;-0.384000003
Rabinalto;05/04/2022 18:00;-0.357199997
Rabinalto;05/04/2022 19:00;-0.341100007
Rabinalto;05/04/2022 20:00;-0.324999988
Rabinalto;05/04/2022 21:00;-0.319700003
Rabinalto;05/04/2022 22:00;-0.335799992
Rabinalto;05/04/2022 23:00;-0.475100011
Rabinalto;06/04/2022 0:00;-0.657400012
Rabinalto;06/04/2022 1:00;-0.796700001
Rabinalto;06/04/2022 2:00;-0.871699989
Rabinalto;06/04/2022 3:00;-0.925300002
Rabinalto;06/04/2022 4:00;-0.989600003
Rabinalto;06/04/2022 5:00;-1.037899971
Rabinalto;06/04/2022 6:00;-1.112900019
Rabinalto;06/04/2022 7:00;-1.155799985
Rabinalto;06/04/2022 8:00;-1.037899971
Rabinalto;06/04/2022 9:00;-0.764599979
Rabinalto;06/04/2022 10:00;-0.57160002
Rabinalto;06/04/2022 11:00;-0.464399993
Rabinalto;06/04/2022 12:00;-0.400099993
Rabinalto;06/04/2022 13:00;-0.351799995
Rabinalto;06/04/2022 14:00;-0.260699987
Rabinalto;06/04/2022 15:00;0.114500001
Rabinalto;06/04/2022 16:00;0.489800006
Rabinalto;06/04/2022 17:00;0.484400004
Rabinalto;06/04/2022 18:00;0.146699995
Rabinalto;06/04/2022 19:00;-0.233899996
Rabinalto;06/04/2022 20:00;-0.223199993
Rabinalto;06/04/2022 21:00;-0.217800006
Rabinalto;06/04/2022 22:00;-0.217800006
Rabinalto;06/04/2022 23:00;-0.217800006
Rabinalto;07/04/2022 0:00;-0.212500006
Rabinalto;07/04/2022 1:00;-0.212500006
Rabinalto;07/04/2022 2:00;-0.217800006
Rabinalto;07/04/2022 3:00;-0.223199993
Rabinalto;07/04/2022 4:00;-0.233899996
Rabinalto;07/04/2022 5:00;-0.260699987
Rabinalto;07/04/2022 6:00;-0.298200011
Rabinalto;07/04/2022 7:00;-0.351799995
Rabinalto;07/04/2022 8:00;-0.416200012
Rabinalto;07/04/2022 9:00;-0.416200012
Rabinalto;07/04/2022 10:00;-0.308999985
Rabinalto;07/04/2022 11:00;-0.271400005
Rabinalto;07/04/2022 12:00;-0.255400002
Rabinalto;07/04/2022 13:00;-0.233899996
Rabinalto;07/04/2022 14:00;-0.191
Rabinalto;07/04/2022 15:00;-0.126699999
Rabinalto;07/04/2022 16:00;-0.067699999
Rabinalto;07/04/2022 17:00;-0.089199997
Rabinalto;07/04/2022 18:00;-0.094599999
Rabinalto;07/04/2022 19:00;-0.132100001
Rabinalto;07/04/2022 20:00;-0.158899993
Rabinalto;07/04/2022 21:00;-0.174999997
Rabinalto;07/04/2022 22:00;-0.169599995
Rabinalto;07/04/2022 23:00;-0.185699999
Rabinalto;08/04/2022 0:00;-0.201800004
Rabinalto;08/04/2022 1:00;-0.201800004
Rabinalto;08/04/2022 2:00;-0.201800004
Rabinalto;08/04/2022 3:00;-0.201800004
Rabinalto;08/04/2022 4:00;-0.196400002
Rabinalto;08/04/2022 5:00;-0.201800004
Rabinalto;08/04/2022 6:00;-0.201800004
Rabinalto;08/04/2022 7:00;-0.196400002
Rabinalto;08/04/2022 8:00;-0.201800004
Rabinalto;08/04/2022 9:00;-0.201800004
Rabinalto;08/04/2022 10:00;-0.201800004
Rabinalto;08/04/2022 11:00;-0.196400002
Rabinalto;08/04/2022 12:00;-0.196400002
Rabinalto;08/04/2022 13:00;-0.196400002
Rabinalto;08/04/2022 14:00;-0.0034
Rabinalto;08/04/2022 15:00;0.0341
Rabinalto;08/04/2022 16:00;0.060899999
Rabinalto;08/04/2022 17:00;0.103799999
Rabinalto;08/04/2022 18:00;0.146699995
Rabinalto;08/04/2022 19:00;-0.078500003
Rabinalto;08/04/2022 20:00;-0.185699999
Rabinalto;08/04/2022 21:00;-0.191
Rabinalto;08/04/2022 22:00;-0.191
Rabinalto;08/04/2022 23:00;-0.196400002
Rabinalto;09/04/2022 0:00;-0.191
Rabinalto;09/04/2022 1:00;-0.191
Rabinalto;09/04/2022 2:00;-0.191
Rabinalto;09/04/2022 3:00;-0.191
Rabinalto;09/04/2022 4:00;-0.191
Rabinalto;09/04/2022 5:00;-0.191
Rabinalto;09/04/2022 6:00;-0.191
Rabinalto;09/04/2022 7:00;-0.191
Rabinalto;09/04/2022 8:00;-0.191
Rabinalto;09/04/2022 9:00;-0.191
Rabinalto;09/04/2022 10:00;-0.185699999
Rabinalto;09/04/2022 11:00;-0.185699999
Rabinalto;09/04/2022 12:00;0.216399997
Rabinalto;09/04/2022 13:00;2.366899967
Rabinalto;09/04/2022 14:00;3.821000099
Rabinalto;09/04/2022 15:00;5.238100052
Rabinalto;09/04/2022 16:00;5.0072999
Rabinalto;09/04/2022 17:00;3.799499989
Rabinalto;09/04/2022 18:00;2.066499949
Rabinalto;09/04/2022 19:00;0.881200016
Rabinalto;09/04/2022 20:00;-0.046300001
Rabinalto;09/04/2022 21:00;-0.158899993
Rabinalto;09/04/2022 22:00;-0.174999997
Rabinalto;09/04/2022 23:00;-0.180299997
Rabinalto;10/04/2022 0:00;-0.180299997
Rabinalto;10/04/2022 1:00;-0.185699999
Rabinalto;10/04/2022 2:00;-0.185699999
Rabinalto;10/04/2022 3:00;-0.185699999
Rabinalto;10/04/2022 4:00;-0.191
Rabinalto;10/04/2022 5:00;-0.196400002
Rabinalto;10/04/2022 6:00;-0.185699999
Rabinalto;10/04/2022 7:00;-0.185699999
Rabinalto;10/04/2022 8:00;-0.185699999
Rabinalto;10/04/2022 9:00;-0.185699999
Rabinalto;10/04/2022 10:00;-0.180299997
Rabinalto;10/04/2022 11:00;-0.169599995
Rabinalto;10/04/2022 12:00;-0.0088
Rabinalto;10/04/2022 13:00;2.318599939
Rabinalto;10/04/2022 14:00;3.767299891
Rabinalto;10/04/2022 15:00;2.640500069
Rabinalto;10/04/2022 16:00;2.398999929
Rabinalto;10/04/2022 17:00;3.279000044
Rabinalto;10/04/2022 18:00;2.618999958
Rabinalto;10/04/2022 19:00;1.88409996
Rabinalto;10/04/2022 20:00;1.160099983
Rabinalto;10/04/2022 21:00;0.436199993
Rabinalto;10/04/2022 22:00;0.398699999
Rabinalto;10/04/2022 23:00;0.441500008
Rabinalto;11/04/2022 0:00;0.200299993
Rabinalto;11/04/2022 1:00;-0.094599999
Rabinalto;11/04/2022 2:00;-0.335799992
Rabinalto;11/04/2022 3:00;-0.174999997
Rabinalto;11/04/2022 4:00;-0.174999997
Rabinalto;11/04/2022 5:00;-0.180299997
Rabinalto;11/04/2022 6:00;-0.180299997
Rabinalto;11/04/2022 7:00;-0.174999997
Rabinalto;11/04/2022 8:00;-0.174999997
Rabinalto;11/04/2022 9:00;-0.174999997
Rabinalto;11/04/2022 10:00;-0.174999997
Rabinalto;11/04/2022 11:00;-0.174999997
Rabinalto;11/04/2022 12:00;-0.174999997
Rabinalto;11/04/2022 13:00;-0.174999997
Rabinalto;11/04/2022 14:00;-0.174999997
Rabinalto;11/04/2022 15:00;-0.174999997
Rabinalto;11/04/2022 16:00;-0.174999997
Rabinalto;11/04/2022 17:00;-0.174999997
Rabinalto;11/04/2022 18:00;-0.169599995
Rabinalto;11/04/2022 19:00;-0.174999997
Rabinalto;11/04/2022 20:00;-0.169599995
Rabinalto;11/04/2022 21:00;-0.174999997
Rabinalto;11/04/2022 22:00;-0.174999997
Rabinalto;11/04/2022 23:00;-0.174999997
Rabinalto;12/04/2022 0:00;-0.174999997
Rabinalto;12/04/2022 1:00;-0.174999997
Rabinalto;12/04/2022 2:00;-0.174999997
Rabinalto;12/04/2022 3:00;-0.174999997
Rabinalto;12/04/2022 4:00;-0.174999997
Rabinalto;12/04/2022 5:00;-0.174999997
Rabinalto;12/04/2022 6:00;-0.174999997
Rabinalto;12/04/2022 7:00;-0.174999997
Rabinalto;12/04/2022 8:00;-0.174999997
Rabinalto;12/04/2022 9:00;-0.174999997
Rabinalto;12/04/2022 10:00;-0.180299997
Rabinalto;12/04/2022 11:00;-0.174999997
Rabinalto;12/04/2022 12:00;-0.174999997
Rabinalto;12/04/2022 13:00;-0.174999997
Rabinalto;12/04/2022 14:00;-0.174999997
Rabinalto;12/04/2022 15:00;-0.174999997
Rabinalto;12/04/2022 16:00;-0.174999997
Rabinalto;12/04/2022 17:00;-0.174999997
Rabinalto;12/04/2022 18:00;-0.174999997
Rabinalto;12/04/2022 19:00;-0.174999997
Rabinalto;12/04/2022 20:00;-0.174999997
Rabinalto;12/04/2022 21:00;-0.174999997
Rabinalto;12/04/2022 22:00;-0.174999997
Rabinalto;12/04/2022 23:00;-0.174999997
Rabinalto;13/04/2022 0:00;-0.169599995
Rabinalto;13/04/2022 1:00;-0.174999997
Rabinalto;13/04/2022 2:00;-0.174999997
Rabinalto;13/04/2022 3:00;-0.174999997
Rabinalto;13/04/2022 4:00;-0.174999997
Rabinalto;13/04/2022 5:00;-0.174999997
Rabinalto;13/04/2022 6:00;-0.180299997
Rabinalto;13/04/2022 7:00;-0.174999997
Rabinalto;13/04/2022 8:00;-0.180299997
Rabinalto;13/04/2022 9:00;-0.174999997
Rabinalto;13/04/2022 10:00;-0.174999997
Rabinalto;13/04/2022 11:00;-0.174999997
Rabinalto;13/04/2022 12:00;-0.180299997
Rabinalto;13/04/2022 13:00;-0.174999997
Rabinalto;13/04/2022 14:00;-0.174999997
Rabinalto;13/04/2022 15:00;-0.174999997
Rabinalto;13/04/2022 16:00;-0.169599995
Rabinalto;13/04/2022 17:00;-0.174999997
Rabinalto;13/04/2022 18:00;-0.169599995
Rabinalto;13/04/2022 19:00;-0.169599995
Rabinalto;13/04/2022 20:00;-0.169599995
Rabinalto;13/04/2022 21:00;-0.164199993
Rabinalto;13/04/2022 22:00;-0.169599995
Rabinalto;13/04/2022 23:00;-0.169599995
Rabinalto;14/04/2022 0:00;-0.174999997
Rabinalto;14/04/2022 1:00;-0.174999997
Rabinalto;14/04/2022 2:00;-0.174999997
Rabinalto;14/04/2022 3:00;-0.174999997
Rabinalto;14/04/2022 4:00;-0.174999997
Rabinalto;14/04/2022 5:00;-0.180299997
Rabinalto;14/04/2022 6:00;-0.174999997
Rabinalto;14/04/2022 7:00;-0.180299997
Rabinalto;14/04/2022 8:00;-0.180299997
Rabinalto;14/04/2022 9:00;-0.180299997
Rabinalto;14/04/2022 10:00;-0.180299997
Rabinalto;14/04/2022 11:00;-0.174999997
Rabinalto;14/04/2022 12:00;-0.148200005
Rabinalto;14/04/2022 13:00;0.516600013
Rabinalto;14/04/2022 14:00;3.880000114
Rabinalto;14/04/2022 15:00;6.602200031
Rabinalto;14/04/2022 16:00;5.66230011
Rabinalto;14/04/2022 17:00;4.781799793
Rabinalto;14/04/2022 18:00;3.284300089
Rabinalto;14/04/2022 19:00;2.806799889
Rabinalto;14/04/2022 20:00;1.449699998
Rabinalto;14/04/2022 21:00;0.420100003
Rabinalto;14/04/2022 22:00;0.205699995
Rabinalto;14/04/2022 23:00;0.093099996
Rabinalto;15/04/2022 0:00;-0.0034
Rabinalto;15/04/2022 1:00;-0.067699999
Rabinalto;15/04/2022 2:00;-0.105300002
Rabinalto;15/04/2022 3:00;-0.126699999
Rabinalto;15/04/2022 4:00;-0.137400001
Rabinalto;15/04/2022 5:00;-0.148200005
Rabinalto;15/04/2022 6:00;-0.153500006
Rabinalto;15/04/2022 7:00;-0.158899993
Rabinalto;15/04/2022 8:00;-0.153500006
Rabinalto;15/04/2022 9:00;-0.110600002
Rabinalto;15/04/2022 10:00;0.5273
Rabinalto;15/04/2022 11:00;4.497300148
Rabinalto;15/04/2022 12:00;7.982900143
Rabinalto;15/04/2022 13:00;8.068900108
Rabinalto;15/04/2022 14:00;10.71380043
Rabinalto;15/04/2022 15:00;8.316100121
Rabinalto;15/04/2022 16:00;8.740699768
Rabinalto;15/04/2022 17:00;9.90719986
Rabinalto;15/04/2022 18:00;8.278499603
Rabinalto;15/04/2022 19:00;6.623700142
Rabinalto;15/04/2022 20:00;4.889200211
Rabinalto;15/04/2022 21:00;3.665299892
Rabinalto;15/04/2022 22:00;2.865799904
Rabinalto;15/04/2022 23:00;2.297100067
Rabinalto;16/04/2022 0:00;1.819700003
Rabinalto;16/04/2022 1:00;1.46570003
Rabinalto;16/04/2022 2:00;1.138599992
Rabinalto;16/04/2022 3:00;1.058200002
Rabinalto;16/04/2022 4:00;0.961600006
Rabinalto;16/04/2022 5:00;0.929499984
Rabinalto;16/04/2022 6:00;0.870500028
Rabinalto;16/04/2022 7:00;0.784699976
Rabinalto;16/04/2022 8:00;0.891900003
Rabinalto;16/04/2022 9:00;1.819700003
Rabinalto;16/04/2022 10:00;4.10010004
Rabinalto;16/04/2022 11:00;6.811699867
Rabinalto;16/04/2022 12:00;9.48789978
Rabinalto;16/04/2022 13:00;11.57979965
Rabinalto;16/04/2022 14:00;13.10789967
Rabinalto;16/04/2022 15:00;13.54380035
Rabinalto;16/04/2022 16:00;13.70530033
Rabinalto;16/04/2022 17:00;12.73659992
Rabinalto;16/04/2022 18:00;10.58469963
Rabinalto;16/04/2022 19:00;8.584799767
Rabinalto;16/04/2022 20:00;7.010399818
Rabinalto;16/04/2022 21:00;5.834199905
Rabinalto;16/04/2022 22:00;4.770999908
Rabinalto;16/04/2022 23:00;3.971199989
Rabinalto;17/04/2022 0:00;3.375499964
Rabinalto;17/04/2022 1:00;2.89260006
Rabinalto;17/04/2022 2:00;2.484899998
Rabinalto;17/04/2022 3:00;2.189800024
Rabinalto;17/04/2022 4:00;1.959200025
Rabinalto;17/04/2022 5:00;1.792899966
Rabinalto;17/04/2022 6:00;1.664199948
Rabinalto;17/04/2022 7:00;1.589100003
Rabinalto;17/04/2022 8:00;1.631999969
Rabinalto;17/04/2022 9:00;2.066499949
Rabinalto;17/04/2022 10:00;4.03030014
Rabinalto;17/04/2022 11:00;6.220799923
Rabinalto;17/04/2022 12:00;8.423600197
Rabinalto;17/04/2022 13:00;10.90200043
Rabinalto;17/04/2022 14:00;13.03789997
Rabinalto;17/04/2022 15:00;13.63529968
Rabinalto;17/04/2022 16:00;13.04329967
Rabinalto;17/04/2022 17:00;11.78419971
Rabinalto;17/04/2022 18:00;10.21370029
Rabinalto;17/04/2022 19:00;8.568699837
Rabinalto;17/04/2022 20:00;6.98360014
Rabinalto;17/04/2022 21:00;5.753600121
Rabinalto;17/04/2022 22:00;4.722700119
Rabinalto;17/04/2022 23:00;3.949800014
Rabinalto;18/04/2022 0:00;3.418499947
Rabinalto;18/04/2022 1:00;3.091200113
Rabinalto;18/04/2022 2:00;2.790699959
Rabinalto;18/04/2022 3:00;2.45810008
Rabinalto;18/04/2022 4:00;2.28640008
Rabinalto;18/04/2022 5:00;2.152299881
Rabinalto;18/04/2022 6:00;1.985999942
Rabinalto;18/04/2022 7:00;1.841199994
Rabinalto;18/04/2022 8:00;1.868000031
Rabinalto;18/04/2022 9:00;2.608299971
Rabinalto;18/04/2022 10:00;5.318699837
Rabinalto;18/04/2022 11:00;8.063500404
Rabinalto;18/04/2022 12:00;10.86979961
Rabinalto;18/04/2022 13:00;12.2737999
Rabinalto;18/04/2022 14:00;11.61740017
Rabinalto;18/04/2022 15:00;13.6892004
Rabinalto;18/04/2022 16:00;12.72039986
Rabinalto;18/04/2022 17:00;12.13389969
Rabinalto;18/04/2022 18:00;9.482500076
Rabinalto;18/04/2022 19:00;7.488599777
Rabinalto;18/04/2022 20:00;6.317500114
Rabinalto;18/04/2022 21:00;5.506599903
Rabinalto;18/04/2022 22:00;4.781799793
Rabinalto;18/04/2022 23:00;4.1322999
Rabinalto;19/04/2022 0:00;3.901499987
Rabinalto;19/04/2022 1:00;3.745800018
Rabinalto;19/04/2022 2:00;3.600899935
Rabinalto;19/04/2022 3:00;3.472100019
Rabinalto;19/04/2022 4:00;3.332600117
Rabinalto;19/04/2022 5:00;3.230700016
Rabinalto;19/04/2022 6:00;3.107300043
Rabinalto;19/04/2022 7:00;2.994600058
Rabinalto;19/04/2022 8:00;2.89260006
Rabinalto;19/04/2022 9:00;2.806799889
Rabinalto;19/04/2022 10:00;2.774600029
Rabinalto;19/04/2022 11:00;2.747800112
Rabinalto;19/04/2022 12:00;2.753099918
Rabinalto;19/04/2022 13:00;2.694099903
Rabinalto;19/04/2022 14:00;2.667299986
Rabinalto;19/04/2022 15:00;2.656599998
Rabinalto;19/04/2022 16:00;2.592200041
Rabinalto;19/04/2022 17:00;2.640500069
Rabinalto;19/04/2022 18:00;2.608299971
Rabinalto;19/04/2022 19:00;2.47420001
Rabinalto;19/04/2022 20:00;2.238100052
Rabinalto;19/04/2022 21:00;2.002099991
Rabinalto;19/04/2022 22:00;1.798300028
Rabinalto;19/04/2022 23:00;1.626600027
Rabinalto;20/04/2022 0:00;1.476500034
Rabinalto;20/04/2022 1:00;1.347800016
Rabinalto;20/04/2022 2:00;1.245900035
Rabinalto;20/04/2022 3:00;1.149299979
Rabinalto;20/04/2022 4:00;1.079599977
Rabinalto;20/04/2022 5:00;1.004500031
Rabinalto;20/04/2022 6:00;0.929499984
Rabinalto;20/04/2022 7:00;0.865100026
Rabinalto;20/04/2022 8:00;0.795400023
Rabinalto;20/04/2022 9:00;0.74180001
Rabinalto;20/04/2022 10:00;0.709599972
Rabinalto;20/04/2022 11:00;0.693499982
Rabinalto;20/04/2022 12:00;0.698899984
Rabinalto;20/04/2022 13:00;0.731100023
Rabinalto;20/04/2022 14:00;0.7579
Rabinalto;20/04/2022 15:00;0.784699976
Rabinalto;20/04/2022 16:00;0.806100011
Rabinalto;20/04/2022 17:00;0.795400023
Rabinalto;20/04/2022 18:00;0.747200012
Rabinalto;20/04/2022 19:00;0.67750001
Rabinalto;20/04/2022 20:00;0.602400005
Rabinalto;20/04/2022 21:00;0.538100004
Rabinalto;20/04/2022 22:00;0.473699987
Rabinalto;20/04/2022 23:00;0.409399986
Rabinalto;21/04/2022 0:00;0.355800003
Rabinalto;21/04/2022 1:00;0.318199992
Rabinalto;21/04/2022 2:00;0.275299996
Rabinalto;21/04/2022 3:00;0.243200004
Rabinalto;21/04/2022 4:00;0.205699995
Rabinalto;21/04/2022 5:00;0.178800002
Rabinalto;21/04/2022 6:00;0.151999995
Rabinalto;21/04/2022 7:00;0.125200003
Rabinalto;21/04/2022 8:00;0.109200001
Rabinalto;21/04/2022 9:00;0.103799999
Rabinalto;21/04/2022 10:00;0.114500001
Rabinalto;21/04/2022 11:00;0.130600005
Rabinalto;21/04/2022 12:00;0.184200004
Rabinalto;21/04/2022 13:00;0.479099989
Rabinalto;21/04/2022 14:00;1.610499978
Rabinalto;21/04/2022 15:00;7.510099888
Rabinalto;21/04/2022 16:00;9.364199638
Rabinalto;21/04/2022 17:00;8.015199661
Rabinalto;21/04/2022 18:00;6.226200104
Rabinalto;21/04/2022 19:00;4.89989996
Rabinalto;21/04/2022 20:00;3.59559989
Rabinalto;21/04/2022 21:00;2.871200085
Rabinalto;21/04/2022 22:00;2.377599955
Rabinalto;21/04/2022 23:00;2.136199951
Rabinalto;22/04/2022 0:00;1.760699987
Rabinalto;22/04/2022 1:00;1.572999954
Rabinalto;22/04/2022 2:00;1.455000043
Rabinalto;22/04/2022 3:00;1.433599949
Rabinalto;22/04/2022 4:00;1.406700015
Rabinalto;22/04/2022 5:00;1.369199991
Rabinalto;22/04/2022 6:00;1.326300025
Rabinalto;22/04/2022 7:00;1.288800001
Rabinalto;22/04/2022 8:00;1.256600022
Rabinalto;22/04/2022 9:00;1.229799986
Rabinalto;22/04/2022 10:00;1.202999949
Rabinalto;22/04/2022 11:00;1.170799971
Rabinalto;22/04/2022 12:00;1.127900004
Rabinalto;22/04/2022 13:00;1.095700026
Rabinalto;22/04/2022 14:00;1.063500047
Rabinalto;22/04/2022 15:00;1.03670001
Rabinalto;22/04/2022 16:00;1.015300035
Rabinalto;22/04/2022 17:00;0.993799984
Rabinalto;22/04/2022 18:00;0.97240001
Rabinalto;22/04/2022 19:00;0.950900018
Rabinalto;22/04/2022 20:00;0.929499984
Rabinalto;22/04/2022 21:00;0.907999992
Rabinalto;22/04/2022 22:00;0.891900003
Rabinalto;22/04/2022 23:00;0.875899971
Rabinalto;23/04/2022 0:00;0.859799981
Rabinalto;23/04/2022 1:00;0.848999977
Rabinalto;23/04/2022 2:00;0.83829999
Rabinalto;23/04/2022 3:00;0.8222
Rabinalto;23/04/2022 4:00;0.8222
Rabinalto;23/04/2022 5:00;0.816900015
Rabinalto;23/04/2022 6:00;0.811500013
Rabinalto;23/04/2022 7:00;0.800800025
Rabinalto;23/04/2022 8:00;0.795400023
Rabinalto;23/04/2022 9:00;0.795400023
Rabinalto;23/04/2022 10:00;0.806100011
Rabinalto;23/04/2022 11:00;0.811500013
Rabinalto;23/04/2022 12:00;0.816900015
Rabinalto;23/04/2022 13:00;0.8222
Rabinalto;23/04/2022 14:00;0.816900015
Rabinalto;23/04/2022 15:00;0.827600002
Rabinalto;23/04/2022 16:00;0.8222
Rabinalto;23/04/2022 17:00;0.806100011
Rabinalto;23/04/2022 18:00;0.795400023
Rabinalto;23/04/2022 19:00;0.790099978
Rabinalto;23/04/2022 20:00;0.784699976
Rabinalto;23/04/2022 21:00;0.773999989
Rabinalto;23/04/2022 22:00;0.763199985
Rabinalto;23/04/2022 23:00;0.7579
Rabinalto;24/04/2022 0:00;0.7579
Rabinalto;24/04/2022 1:00;0.747200012
Rabinalto;24/04/2022 2:00;0.747200012
Rabinalto;24/04/2022 3:00;0.74180001
Rabinalto;24/04/2022 4:00;0.74180001
Rabinalto;24/04/2022 5:00;0.736400008
Rabinalto;24/04/2022 6:00;0.731100023
Rabinalto;24/04/2022 7:00;0.731100023
Rabinalto;24/04/2022 8:00;0.736400008
Rabinalto;24/04/2022 9:00;0.74180001
Rabinalto;24/04/2022 10:00;0.7579
Rabinalto;24/04/2022 11:00;0.763199985
Rabinalto;24/04/2022 12:00;0.768599987
Rabinalto;24/04/2022 13:00;0.7579
Rabinalto;24/04/2022 14:00;0.736400008
Rabinalto;24/04/2022 15:00;0.704299986
Rabinalto;24/04/2022 16:00;0.688199997
Rabinalto;24/04/2022 17:00;0.666700006
Rabinalto;24/04/2022 18:00;0.639900029
Rabinalto;24/04/2022 19:00;0.62379998
Rabinalto;24/04/2022 20:00;0.607800007
Rabinalto;24/04/2022 21:00;0.591700017
Rabinalto;24/04/2022 22:00;0.580900013
Rabinalto;24/04/2022 23:00;0.575600028
Rabinalto;25/04/2022 0:00;0.564899981
Rabinalto;25/04/2022 1:00;0.564899981
Rabinalto;25/04/2022 2:00;0.564899981
Rabinalto;25/04/2022 3:00;0.564899981
Rabinalto;25/04/2022 4:00;0.564899981
Rabinalto;25/04/2022 5:00;0.559499979
Rabinalto;25/04/2022 6:00;0.554099977
Rabinalto;25/04/2022 7:00;0.538100004
Rabinalto;25/04/2022 8:00;0.522000015
Rabinalto;25/04/2022 9:00;0.532700002
Rabinalto;25/04/2022 10:00;0.564899981
Rabinalto;25/04/2022 11:00;0.597000003
Rabinalto;25/04/2022 12:00;0.629199982
Rabinalto;25/04/2022 13:00;0.629199982
Rabinalto;25/04/2022 14:00;0.607800007
Rabinalto;25/04/2022 15:00;0.580900013
Rabinalto;25/04/2022 16:00;0.570200026
Rabinalto;25/04/2022 17:00;0.575600028
Rabinalto;25/04/2022 18:00;0.564899981
Rabinalto;25/04/2022 19:00;0.564899981
Rabinalto;25/04/2022 20:00;0.554099977
Rabinalto;25/04/2022 21:00;0.54339999
Rabinalto;25/04/2022 22:00;0.532700002
Rabinalto;25/04/2022 23:00;0.522000015
Rabinalto;26/04/2022 0:00;0.511200011
Rabinalto;26/04/2022 1:00;0.505900025
Rabinalto;26/04/2022 2:00;0.495200008
Rabinalto;26/04/2022 3:00;0.489800006
Rabinalto;26/04/2022 4:00;0.479099989
Rabinalto;26/04/2022 5:00;0.468400002
Rabinalto;26/04/2022 6:00;0.425500005
Rabinalto;26/04/2022 7:00;0.355800003
Rabinalto;26/04/2022 8:00;0.355800003
Rabinalto;26/04/2022 9:00;0.436199993
Rabinalto;26/04/2022 10:00;0.505900025
Rabinalto;26/04/2022 11:00;0.575600028
Rabinalto;26/04/2022 12:00;0.639900029
Rabinalto;26/04/2022 13:00;0.666700006
Rabinalto;26/04/2022 14:00;0.74180001
Rabinalto;26/04/2022 15:00;0.704299986
Rabinalto;26/04/2022 16:00;0.833000004
Rabinalto;26/04/2022 17:00;0.907999992
Rabinalto;26/04/2022 18:00;0.913399994
Rabinalto;26/04/2022 19:00;0.91869998
Rabinalto;26/04/2022 20:00;0.929499984
Rabinalto;26/04/2022 21:00;0.886600018
Rabinalto;26/04/2022 22:00;0.833000004
Rabinalto;26/04/2022 23:00;0.784699976
Rabinalto;27/04/2022 0:00;0.7579
Rabinalto;27/04/2022 1:00;0.714999974
Rabinalto;27/04/2022 2:00;0.67750001
Rabinalto;27/04/2022 3:00;0.629199982
Rabinalto;27/04/2022 4:00;0.500500023
Rabinalto;27/04/2022 5:00;0.371800005
Rabinalto;27/04/2022 6:00;0.280699998
Rabinalto;27/04/2022 7:00;0.210999995
Rabinalto;27/04/2022 8:00;0.173500001
Rabinalto;27/04/2022 9:00;0.200299993
Rabinalto;27/04/2022 10:00;0.511200011
Rabinalto;27/04/2022 11:00;1.562299967
Rabinalto;27/04/2022 12:00;3.037499905
Rabinalto;27/04/2022 13:00;5.914700031
Rabinalto;27/04/2022 14:00;3.45600009
Rabinalto;27/04/2022 15:00;4.754899979
Rabinalto;27/04/2022 16:00;4.014200211
Rabinalto;27/04/2022 17:00;3.622400045
Rabinalto;27/04/2022 18:00;5.334799767
Rabinalto;27/04/2022 19:00;4.422100067
Rabinalto;27/04/2022 20:00;3.219899893
Rabinalto;27/04/2022 21:00;2.270299911
Rabinalto;27/04/2022 22:00;1.910899997
Rabinalto;27/04/2022 23:00;1.546200037
Rabinalto;28/04/2022 0:00;1.288800001
Rabinalto;28/04/2022 1:00;1.122499943
Rabinalto;28/04/2022 2:00;1.03670001
Rabinalto;28/04/2022 3:00;0.983099997
Rabinalto;28/04/2022 4:00;0.870500028
Rabinalto;28/04/2022 5:00;0.795400023
Rabinalto;28/04/2022 6:00;0.698899984
Rabinalto;28/04/2022 7:00;0.656000018
Rabinalto;28/04/2022 8:00;0.650699973
Rabinalto;28/04/2022 9:00;0.800800025
Rabinalto;28/04/2022 10:00;2.651200056
Rabinalto;28/04/2022 11:00;5.050199986
Rabinalto;28/04/2022 12:00;7.316599846
Rabinalto;28/04/2022 13:00;9.197600365
Rabinalto;28/04/2022 14:00;10.72459984
Rabinalto;28/04/2022 15:00;11.87030029
Rabinalto;28/04/2022 16:00;12.35449982
Rabinalto;28/04/2022 17:00;11.49370003
Rabinalto;28/04/2022 18:00;9.885700226
Rabinalto;28/04/2022 19:00;7.724999905
Rabinalto;28/04/2022 20:00;6.634399891
Rabinalto;28/04/2022 21:00;5.136099815
Rabinalto;28/04/2022 22:00;4.352300167
Rabinalto;28/04/2022 23:00;3.71359992
Rabinalto;29/04/2022 0:00;3.219899893
Rabinalto;29/04/2022 1:00;2.833600044
Rabinalto;29/04/2022 2:00;2.538500071
Rabinalto;29/04/2022 3:00;2.377599955
Rabinalto;29/04/2022 4:00;2.093300104
Rabinalto;29/04/2022 5:00;1.873399973
Rabinalto;29/04/2022 6:00;1.723199964
Rabinalto;29/04/2022 7:00;1.610499978
Rabinalto;29/04/2022 8:00;1.733899951
Rabinalto;29/04/2022 9:00;3.413100004
Rabinalto;29/04/2022 10:00;5.962999821
Rabinalto;29/04/2022 11:00;8.600899696
Rabinalto;29/04/2022 12:00;11.33230019
Rabinalto;29/04/2022 13:00;13.71070004
Rabinalto;29/04/2022 14:00;12.91409969
Rabinalto;29/04/2022 15:00;12.91950035
Rabinalto;29/04/2022 16:00;11.23550034
Rabinalto;29/04/2022 17:00;10.81060028
Rabinalto;29/04/2022 18:00;10.55790043
Rabinalto;29/04/2022 19:00;9.493200302
Rabinalto;29/04/2022 20:00;8.622400284
Rabinalto;29/04/2022 21:00;7.671299934
Rabinalto;29/04/2022 22:00;6.833199978
Rabinalto;29/04/2022 23:00;6.242300034
Rabinalto;30/04/2022 0:00;5.673099995
Rabinalto;30/04/2022 1:00;5.141499996
Rabinalto;30/04/2022 2:00;4.738800049
Rabinalto;30/04/2022 3:00;4.448999882
Rabinalto;30/04/2022 4:00;4.271800041
Rabinalto;30/04/2022 5:00;4.084000111
Rabinalto;30/04/2022 6:00;3.938999891
Rabinalto;30/04/2022 7:00;3.815599918
Rabinalto;30/04/2022 8:00;4.084000111
Rabinalto;30/04/2022 9:00;5.087800026
Rabinalto;30/04/2022 10:00;6.629000187
Rabinalto;30/04/2022 11:00;8.439700127
Rabinalto;30/04/2022 12:00;10.39649963
Rabinalto;30/04/2022 13:00;12.81190014
Rabinalto;30/04/2022 14:00;13.82369995
Rabinalto;30/04/2022 15:00;14.79279995
Rabinalto;30/04/2022 16:00;15.37979984
Rabinalto;30/04/2022 17:00;14.11439991
Rabinalto;30/04/2022 18:00;11.52600002
Rabinalto;30/04/2022 19:00;10.50409985
Rabinalto;30/04/2022 20:00;9.197600365
Rabinalto;30/04/2022 21:00;7.891600132
Rabinalto;30/04/2022 22:00;6.994299889
Rabinalto;30/04/2022 23:00;6.414199829
Rabinalto;01/05/2022 0:00;5.946899891
Rabinalto;01/05/2022 1:00;5.571000099
Rabinalto;01/05/2022 2:00;5.136099815
Rabinalto;01/05/2022 3:00;4.711999893
Rabinalto;01/05/2022 4:00;4.448999882
Rabinalto;01/05/2022 5:00;4.287899971
Rabinalto;01/05/2022 6:00;4.014200211
Rabinalto;01/05/2022 7:00;3.885400057
Rabinalto;01/05/2022 8:00;4.717400074
Rabinalto;01/05/2022 9:00;5.930799961
Rabinalto;01/05/2022 10:00;8.72990036
Rabinalto;01/05/2022 11:00;11.19250011
Rabinalto;01/05/2022 12:00;13.82909966
Rabinalto;01/05/2022 13:00;14.20600033
Rabinalto;01/05/2022 14:00;12.83339977
Rabinalto;01/05/2022 15:00;12.82269955
Rabinalto;01/05/2022 16:00;12.67739964
Rabinalto;01/05/2022 17:00;12.33839989
Rabinalto;01/05/2022 18:00;11.50990009
Rabinalto;01/05/2022 19:00;10.5632
Rabinalto;01/05/2022 20:00;9.057800293
Rabinalto;01/05/2022 21:00;7.429500103
Rabinalto;01/05/2022 22:00;6.956699848
Rabinalto;01/05/2022 23:00;6.065100193
Rabinalto;02/05/2022 0:00;5.318699837
Rabinalto;02/05/2022 1:00;5.093200207
Rabinalto;02/05/2022 2:00;4.7979002
Rabinalto;02/05/2022 3:00;4.341599941
Rabinalto;02/05/2022 4:00;4.051799774
Rabinalto;02/05/2022 5:00;3.745800018
Rabinalto;02/05/2022 6:00;3.348700047
Rabinalto;02/05/2022 7:00;3.118000031
Rabinalto;02/05/2022 8:00;3.558000088
Rabinalto;02/05/2022 9:00;5.216700077
Rabinalto;02/05/2022 10:00;8.0958004
Rabinalto;02/05/2022 11:00;8.509599686
Rabinalto;02/05/2022 12:00;8.402099609
Rabinalto;02/05/2022 13:00;8.18710041
Rabinalto;02/05/2022 14:00;8.106499672
Rabinalto;02/05/2022 15:00;10.65470028
Rabinalto;02/05/2022 16:00;11.17099953
Rabinalto;02/05/2022 17:00;9.498600006
Rabinalto;02/05/2022 18:00;8.047400475
Rabinalto;02/05/2022 19:00;6.870800018
Rabinalto;02/05/2022 20:00;5.952300072
Rabinalto;02/05/2022 21:00;5.200500011
Rabinalto;02/05/2022 22:00;4.626100063
Rabinalto;02/05/2022 23:00;4.121500015
Rabinalto;03/05/2022 0:00;3.584800005
Rabinalto;03/05/2022 1:00;3.268199921
Rabinalto;03/05/2022 2:00;2.994600058
Rabinalto;03/05/2022 3:00;3.005300045
Rabinalto;03/05/2022 4:00;2.994600058
Rabinalto;03/05/2022 5:00;2.973099947
Rabinalto;03/05/2022 6:00;2.914099932
Rabinalto;03/05/2022 7:00;2.89260006
Rabinalto;03/05/2022 8:00;3.048199892
Rabinalto;03/05/2022 9:00;3.772700071
Rabinalto;03/05/2022 10:00;5.012599945
Rabinalto;03/05/2022 11:00;6.757999897
Rabinalto;03/05/2022 12:00;9.321200371
Rabinalto;03/05/2022 13:00;10.77299976
Rabinalto;03/05/2022 14:00;13.13479996
Rabinalto;03/05/2022 15:00;12.03709984
Rabinalto;03/05/2022 16:00;11.26239967
Rabinalto;03/05/2022 17:00;10.35350037
Rabinalto;03/05/2022 18:00;9.213700294
Rabinalto;03/05/2022 19:00;8.063500404
Rabinalto;03/05/2022 20:00;6.886899948
Rabinalto;03/05/2022 21:00;6.027500153
Rabinalto;03/05/2022 22:00;5.442200184
Rabinalto;03/05/2022 23:00;5.06099987
Rabinalto;04/05/2022 0:00;4.438199997
Rabinalto;04/05/2022 1:00;3.869299889
Rabinalto;04/05/2022 2:00;3.434600115
Rabinalto;04/05/2022 3:00;3.085799932
Rabinalto;04/05/2022 4:00;2.785300016
Rabinalto;04/05/2022 5:00;2.543900013
Rabinalto;04/05/2022 6:00;2.334700108
Rabinalto;04/05/2022 7:00;2.179100037
Rabinalto;04/05/2022 8:00;2.248800039
Rabinalto;04/05/2022 9:00;3.493599892
Rabinalto;04/05/2022 10:00;6.892199993
Rabinalto;04/05/2022 11:00;9.912599564
Rabinalto;04/05/2022 12:00;9.998600006
Rabinalto;04/05/2022 13:00;11.81110001
Rabinalto;04/05/2022 14:00;11.11180019
Rabinalto;04/05/2022 15:00;13.11859989
Rabinalto;04/05/2022 16:00;11.52060032
Rabinalto;04/05/2022 17:00;12.36530018
Rabinalto;04/05/2022 18:00;10.57400036
Rabinalto;04/05/2022 19:00;9.568499565
Rabinalto;04/05/2022 20:00;8.138699532
Rabinalto;04/05/2022 21:00;6.956699848
Rabinalto;04/05/2022 22:00;6.081200123
Rabinalto;04/05/2022 23:00;5.549600124
Rabinalto;05/05/2022 0:00;5.415299892
Rabinalto;05/05/2022 1:00;4.83010006
Rabinalto;05/05/2022 2:00;4.09469986
Rabinalto;05/05/2022 3:00;3.745800018
Rabinalto;05/05/2022 4:00;3.386300087
Rabinalto;05/05/2022 5:00;3.123300076
Rabinalto;05/05/2022 6:00;2.860399961
Rabinalto;05/05/2022 7:00;2.661900043
Rabinalto;05/05/2022 8:00;2.747800112
Rabinalto;05/05/2022 9:00;4.067900181
Rabinalto;05/05/2022 10:00;7.268300056
Rabinalto;05/05/2022 11:00;10.32120037
Rabinalto;05/05/2022 12:00;12.94639969
Rabinalto;05/05/2022 13:00;15.22900009
Rabinalto;05/05/2022 14:00;16.62949944
Rabinalto;05/05/2022 15:00;17.04969978
Rabinalto;05/05/2022 16:00;16.87730026
Rabinalto;05/05/2022 17:00;14.44279957
Rabinalto;05/05/2022 18:00;13.52770042
Rabinalto;05/05/2022 19:00;12.02089977
Rabinalto;05/05/2022 20:00;10.00399971
Rabinalto;05/05/2022 21:00;8.423600197
Rabinalto;05/05/2022 22:00;7.284399986
Rabinalto;05/05/2022 23:00;6.575300217
Rabinalto;06/05/2022 0:00;6.172500134
Rabinalto;06/05/2022 1:00;5.69990015
Rabinalto;06/05/2022 2:00;5.222000122
Rabinalto;06/05/2022 3:00;4.765699863
Rabinalto;06/05/2022 4:00;4.303999901
Rabinalto;06/05/2022 5:00;3.938999891
Rabinalto;06/05/2022 6:00;3.590199947
Rabinalto;06/05/2022 7:00;3.338000059
Rabinalto;06/05/2022 8:00;3.52579999
Rabinalto;06/05/2022 9:00;5.399199963
Rabinalto;06/05/2022 10:00;8.192500114
Rabinalto;06/05/2022 11:00;10.91279984
Rabinalto;06/05/2022 12:00;13.59770012
Rabinalto;06/05/2022 13:00;15.4605999
Rabinalto;06/05/2022 14:00;16.57019997
Rabinalto;06/05/2022 15:00;17.02820015
Rabinalto;06/05/2022 16:00;16.30620003
Rabinalto;06/05/2022 17:00;14.86279964
Rabinalto;06/05/2022 18:00;12.98950005
Rabinalto;06/05/2022 19:00;11.32699966
Rabinalto;06/05/2022 20:00;9.654500008
Rabinalto;06/05/2022 21:00;8.262299538
Rabinalto;06/05/2022 22:00;7.332799911
Rabinalto;06/05/2022 23:00;6.634399891
Rabinalto;07/05/2022 0:00;6.006000042
Rabinalto;07/05/2022 1:00;5.404600143
Rabinalto;07/05/2022 2:00;4.99119997
Rabinalto;07/05/2022 3:00;4.706600189
Rabinalto;07/05/2022 4:00;4.411399841
Rabinalto;07/05/2022 5:00;4.105400085
Rabinalto;07/05/2022 6:00;3.853199959
Rabinalto;07/05/2022 7:00;3.702899933
Rabinalto;07/05/2022 8:00;4.250299931
Rabinalto;07/05/2022 9:00;6.355100155
Rabinalto;07/05/2022 10:00;9.143799782
Rabinalto;07/05/2022 11:00;11.60669994
Rabinalto;07/05/2022 12:00;14.2489996
Rabinalto;07/05/2022 13:00;16.45170021
Rabinalto;07/05/2022 14:00;17.63170052
Rabinalto;07/05/2022 15:00;17.49699974
Rabinalto;07/05/2022 16:00;16.94190025
Rabinalto;07/05/2022 17:00;15.71370029
Rabinalto;07/05/2022 18:00;14.06060028
Rabinalto;07/05/2022 19:00;12.35990047
Rabinalto;07/05/2022 20:00;10.62779999
Rabinalto;07/05/2022 21:00;9.283599854
Rabinalto;07/05/2022 22:00;8.305299759
Rabinalto;07/05/2022 23:00;7.499300003
Rabinalto;08/05/2022 0:00;6.962100029
Rabinalto;08/05/2022 1:00;6.693500042
Rabinalto;08/05/2022 2:00;6.446400166
Rabinalto;08/05/2022 3:00;6.322899818
Rabinalto;08/05/2022 4:00;6.097300053
Rabinalto;08/05/2022 5:00;5.812699795
Rabinalto;08/05/2022 6:00;5.613999844
Rabinalto;08/05/2022 7:00;5.59250021
Rabinalto;08/05/2022 8:00;6.006000042
Rabinalto;08/05/2022 9:00;7.864699841
Rabinalto;08/05/2022 10:00;9.461000443
Rabinalto;08/05/2022 11:00;11.92409992
Rabinalto;08/05/2022 12:00;15.14820004
Rabinalto;08/05/2022 13:00;17.21139908
Rabinalto;08/05/2022 14:00;18.87680054
Rabinalto;08/05/2022 15:00;19.59390068
Rabinalto;08/05/2022 16:00;18.7689991
Rabinalto;08/05/2022 17:00;18.05750084
Rabinalto;08/05/2022 18:00;16.13920021
Rabinalto;08/05/2022 19:00;14.01220036
Rabinalto;08/05/2022 20:00;12.15540028
Rabinalto;08/05/2022 21:00;10.64929962
Rabinalto;08/05/2022 22:00;9.498600006
Rabinalto;08/05/2022 23:00;8.880399704
Rabinalto;09/05/2022 0:00;8.396699905
Rabinalto;09/05/2022 1:00;8.025899887
Rabinalto;09/05/2022 2:00;7.741099834
Rabinalto;09/05/2022 3:00;7.338099957
Rabinalto;09/05/2022 4:00;7.069499969
Rabinalto;09/05/2022 5:00;6.929900169
Rabinalto;09/05/2022 6:00;6.639800072
Rabinalto;09/05/2022 7:00;6.570000172
Rabinalto;09/05/2022 8:00;6.924499989
Rabinalto;09/05/2022 9:00;8.380599976
Rabinalto;09/05/2022 10:00;10.84290028
Rabinalto;09/05/2022 11:00;13.74839973
Rabinalto;09/05/2022 12:00;16.63479996
Rabinalto;09/05/2022 13:00;18.87140083
Rabinalto;09/05/2022 14:00;20.0522995
Rabinalto;09/05/2022 15:00;20.9314003
Rabinalto;09/05/2022 16:00;20.82360077
Rabinalto;09/05/2022 17:00;19.9552002
Rabinalto;09/05/2022 18:00;17.73950005
Rabinalto;09/05/2022 19:00;15.27210045
Rabinalto;09/05/2022 20:00;13.44159985
Rabinalto;09/05/2022 21:00;12.02630043
Rabinalto;09/05/2022 22:00;11.06879997
Rabinalto;09/05/2022 23:00;10.15450001
Rabinalto;10/05/2022 0:00;9.573900223
Rabinalto;10/05/2022 1:00;9.068599701
Rabinalto;10/05/2022 2:00;8.665399551
Rabinalto;10/05/2022 3:00;8.256999969
Rabinalto;10/05/2022 4:00;7.816299915
Rabinalto;10/05/2022 5:00;7.488599777
Rabinalto;10/05/2022 6:00;7.209199905
Rabinalto;10/05/2022 7:00;7.182300091
Rabinalto;10/05/2022 8:00;7.730400085
Rabinalto;10/05/2022 9:00;9.493200302
Rabinalto;10/05/2022 10:00;12.13930035
Rabinalto;10/05/2022 11:00;14.99740028
Rabinalto;10/05/2022 12:00;17.8579998
Rabinalto;10/05/2022 13:00;20.30039978
Rabinalto;10/05/2022 14:00;21.76230049
Rabinalto;10/05/2022 15:00;22.52319908
Rabinalto;10/05/2022 16:00;22.23719978
Rabinalto;10/05/2022 17:00;20.8397007
Rabinalto;10/05/2022 18:00;18.61260033
Rabinalto;10/05/2022 19:00;16.17160034
Rabinalto;10/05/2022 20:00;14.09290028
Rabinalto;10/05/2022 21:00;12.62349987
Rabinalto;10/05/2022 22:00;11.58520031
Rabinalto;10/05/2022 23:00;10.71920013
Rabinalto;11/05/2022 0:00;10.09000015
Rabinalto;11/05/2022 1:00;9.638400078
Rabinalto;11/05/2022 2:00;9.133099556
Rabinalto;11/05/2022 3:00;8.676199913
Rabinalto;11/05/2022 4:00;8.181699753
Rabinalto;11/05/2022 5:00;7.66050005
Rabinalto;11/05/2022 6:00;7.246799946
Rabinalto;11/05/2022 7:00;7.150100231
Rabinalto;11/05/2022 8:00;7.886199951
Rabinalto;11/05/2022 9:00;9.611499786
Rabinalto;11/05/2022 10:00;12.48900032
Rabinalto;11/05/2022 11:00;15.07820034
Rabinalto;11/05/2022 12:00;17.63710022
Rabinalto;11/05/2022 13:00;19.92819977
Rabinalto;11/05/2022 14:00;21.64900017
Rabinalto;11/05/2022 15:00;22.3397007
Rabinalto;11/05/2022 16:00;22.31270027
Rabinalto;11/05/2022 17:00;21.04470062
Rabinalto;11/05/2022 18:00;18.90920067
Rabinalto;11/05/2022 19:00;16.54859924
Rabinalto;11/05/2022 20:00;14.28670025
Rabinalto;11/05/2022 21:00;12.52670002
Rabinalto;11/05/2022 22:00;11.35919952
Rabinalto;11/05/2022 23:00;10.5632
Rabinalto;12/05/2022 0:00;9.864199638
Rabinalto;12/05/2022 1:00;9.434100151
Rabinalto;12/05/2022 2:00;9.288900375
Rabinalto;12/05/2022 3:00;8.864299774
Rabinalto;12/05/2022 4:00;8.482700348
Rabinalto;12/05/2022 5:00;8.170999527
Rabinalto;12/05/2022 6:00;8.025899887
Rabinalto;12/05/2022 7:00;8.170999527
Rabinalto;12/05/2022 8:00;9.283599854
Rabinalto;12/05/2022 9:00;10.63309956
Rabinalto;12/05/2022 10:00;11.8380003
Rabinalto;12/05/2022 11:00;13.92599964
Rabinalto;12/05/2022 12:00;14.57209969
Rabinalto;12/05/2022 13:00;14.81439972
Rabinalto;12/05/2022 14:00;16.39240074
Rabinalto;12/05/2022 15:00;16.13920021
Rabinalto;12/05/2022 16:00;17.07670021
Rabinalto;12/05/2022 17:00;15.30440044
Rabinalto;12/05/2022 18:00;14.77670002
Rabinalto;12/05/2022 19:00;14.02830029
Rabinalto;12/05/2022 20:00;12.73120022
Rabinalto;12/05/2022 21:00;11.24629974
Rabinalto;12/05/2022 22:00;10.49330044
Rabinalto;12/05/2022 23:00;9.831899643
Rabinalto;13/05/2022 0:00;9.428700447
Rabinalto;13/05/2022 1:00;9.025600433
Rabinalto;13/05/2022 2:00;8.74600029
Rabinalto;13/05/2022 3:00;8.391300201
Rabinalto;13/05/2022 4:00;7.999000072
Rabinalto;13/05/2022 5:00;7.719600201
Rabinalto;13/05/2022 6:00;7.558400154
Rabinalto;13/05/2022 7:00;7.655099869
Rabinalto;13/05/2022 8:00;8.273099899
Rabinalto;13/05/2022 9:00;9.944800377
Rabinalto;13/05/2022 10:00;12.46210003
Rabinalto;13/05/2022 11:00;15.30980015
Rabinalto;13/05/2022 12:00;16.70490074
Rabinalto;13/05/2022 13:00;18.37549973
Rabinalto;13/05/2022 14:00;22.19939995
Rabinalto;13/05/2022 15:00;23.41379929
Rabinalto;13/05/2022 16:00;23.06830025
Rabinalto;13/05/2022 17:00;18.83909988
Rabinalto;13/05/2022 18:00;17.49160004
Rabinalto;13/05/2022 19:00;15.97220039
Rabinalto;13/05/2022 20:00;14.09290028
Rabinalto;13/05/2022 21:00;12.56439972
Rabinalto;13/05/2022 22:00;11.60130024
Rabinalto;13/05/2022 23:00;11.13869953
Rabinalto;14/05/2022 0:00;10.72990036
Rabinalto;14/05/2022 1:00;10.26749992
Rabinalto;14/05/2022 2:00;9.901800156
Rabinalto;14/05/2022 3:00;9.541600227
Rabinalto;14/05/2022 4:00;9.337300301
Rabinalto;14/05/2022 5:00;9.165300369
Rabinalto;14/05/2022 6:00;8.982500076
Rabinalto;14/05/2022 7:00;8.896499634
Rabinalto;14/05/2022 8:00;9.53619957
Rabinalto;14/05/2022 9:00;10.65999985
Rabinalto;14/05/2022 10:00;13.1239996
Rabinalto;14/05/2022 11:00;15.09980011
Rabinalto;14/05/2022 12:00;14.22210026
Rabinalto;14/05/2022 13:00;15.19130039
Rabinalto;14/05/2022 14:00;13.18859959
Rabinalto;14/05/2022 15:00;14.77670002
Rabinalto;14/05/2022 16:00;16.63479996
Rabinalto;14/05/2022 17:00;16.81800079
Rabinalto;14/05/2022 18:00;15.95069981
Rabinalto;14/05/2022 19:00;14.03909969
Rabinalto;14/05/2022 20:00;12.52130032
Rabinalto;14/05/2022 21:00;11.36999989
Rabinalto;14/05/2022 22:00;10.95049953
Rabinalto;14/05/2022 23:00;9.950200081
Rabinalto;15/05/2022 0:00;9.122300148
Rabinalto;15/05/2022 1:00;8.923399925
Rabinalto;15/05/2022 2:00;8.579400063
Rabinalto;15/05/2022 3:00;8.117300034
Rabinalto;15/05/2022 4:00;7.816299915
Rabinalto;15/05/2022 5:00;8.267700195
Rabinalto;15/05/2022 6:00;8.445099831
Rabinalto;15/05/2022 7:00;8.552599907
Rabinalto;15/05/2022 8:00;8.84280014
Rabinalto;15/05/2022 9:00;9.165300369
Rabinalto;15/05/2022 10:00;9.26210022
Rabinalto;15/05/2022 11:00;9.692199707
Rabinalto;15/05/2022 12:00;11.60130024
Rabinalto;15/05/2022 13:00;12.17160034
Rabinalto;15/05/2022 14:00;13.42539978
Rabinalto;15/05/2022 15:00;12.81190014
Rabinalto;15/05/2022 16:00;12.57509995
Rabinalto;15/05/2022 17:00;12.74190044
Rabinalto;15/05/2022 18:00;11.28390026
Rabinalto;15/05/2022 19:00;10.7031002
Rabinalto;15/05/2022 20:00;9.649100304
Rabinalto;15/05/2022 21:00;9.025600433
Rabinalto;15/05/2022 22:00;8.600899696
Rabinalto;15/05/2022 23:00;8.197899818
Rabinalto;16/05/2022 0:00;7.71420002
Rabinalto;16/05/2022 1:00;7.359600067
Rabinalto;16/05/2022 2:00;7.128600121
Rabinalto;16/05/2022 3:00;6.854599953
Rabinalto;16/05/2022 4:00;6.500100136
Rabinalto;16/05/2022 5:00;6.704199791
Rabinalto;16/05/2022 6:00;6.677400112
Rabinalto;16/05/2022 7:00;6.731100082
Rabinalto;16/05/2022 8:00;7.112500191
Rabinalto;16/05/2022 9:00;7.864699841
Rabinalto;16/05/2022 10:00;8.97179985
Rabinalto;16/05/2022 11:00;10.4126997
Rabinalto;16/05/2022 12:00;11.94019985
Rabinalto;16/05/2022 13:00;11.6711998
Rabinalto;16/05/2022 14:00;12.68270016
Rabinalto;16/05/2022 15:00;14.9435997
Rabinalto;16/05/2022 16:00;13.53310013
Rabinalto;16/05/2022 17:00;13.27470016
Rabinalto;16/05/2022 18:00;13.81840038
Rabinalto;16/05/2022 19:00;11.71969986
Rabinalto;16/05/2022 20:00;10.51480007
Rabinalto;16/05/2022 21:00;9.98789978
Rabinalto;16/05/2022 22:00;9.530900002
Rabinalto;16/05/2022 23:00;9.176099777
Rabinalto;17/05/2022 0:00;8.595600128
Rabinalto;17/05/2022 1:00;8.052800179
Rabinalto;17/05/2022 2:00;7.66050005
Rabinalto;17/05/2022 3:00;7.364999771
Rabinalto;17/05/2022 4:00;7.268300056
Rabinalto;17/05/2022 5:00;6.816999912
Rabinalto;17/05/2022 6:00;6.553800106
Rabinalto;17/05/2022 7:00;6.763299942
Rabinalto;17/05/2022 8:00;7.64440012
Rabinalto;17/05/2022 9:00;8.326800346
Rabinalto;17/05/2022 10:00;8.864299774
Rabinalto;17/05/2022 11:00;10.1868
Rabinalto;17/05/2022 12:00;12.16079998
Rabinalto;17/05/2022 13:00;13.25319958
Rabinalto;17/05/2022 14:00;12.84959984
Rabinalto;17/05/2022 15:00;14.32979965
Rabinalto;17/05/2022 16:00;13.28549957
Rabinalto;17/05/2022 17:00;15.36900043
Rabinalto;17/05/2022 18:00;14.28670025
Rabinalto;17/05/2022 19:00;13.21010017
Rabinalto;17/05/2022 20:00;11.41300011
Rabinalto;17/05/2022 21:00;9.961000443
Rabinalto;17/05/2022 22:00;8.950300217
Rabinalto;17/05/2022 23:00;8.412799835
Rabinalto;18/05/2022 0:00;8.149499893
Rabinalto;18/05/2022 1:00;7.907700062
Rabinalto;18/05/2022 2:00;7.821700096
Rabinalto;18/05/2022 3:00;7.923799992
Rabinalto;18/05/2022 4:00;8.278499603
Rabinalto;18/05/2022 5:00;8.407500267
Rabinalto;18/05/2022 6:00;8.407500267
Rabinalto;18/05/2022 7:00;8.402099609
Rabinalto;18/05/2022 8:00;8.961000443
Rabinalto;18/05/2022 9:00;9.875
Rabinalto;18/05/2022 10:00;11.87030029
Rabinalto;18/05/2022 11:00;14.03369999
Rabinalto;18/05/2022 12:00;14.53439999
Rabinalto;18/05/2022 13:00;14.51280022
Rabinalto;18/05/2022 14:00;13.92059994
Rabinalto;18/05/2022 15:00;14.22210026
Rabinalto;18/05/2022 16:00;14.20059967
Rabinalto;18/05/2022 17:00;13.81299973
Rabinalto;18/05/2022 18:00;13.88829994
Rabinalto;18/05/2022 19:00;13.02180004
Rabinalto;18/05/2022 20:00;11.71969986
Rabinalto;18/05/2022 21:00;10.44489956
Rabinalto;18/05/2022 22:00;9.697500229
Rabinalto;18/05/2022 23:00;9.224399567
Rabinalto;19/05/2022 0:00;8.772899628
Rabinalto;19/05/2022 1:00;8.423600197
Rabinalto;19/05/2022 2:00;8.170999527
Rabinalto;19/05/2022 3:00;7.859300137
Rabinalto;19/05/2022 4:00;7.596000195
Rabinalto;19/05/2022 5:00;7.343500137
Rabinalto;19/05/2022 6:00;7.117899895
Rabinalto;19/05/2022 7:00;7.252200127
Rabinalto;19/05/2022 8:00;8.025899887
Rabinalto;19/05/2022 9:00;9.751299858
Rabinalto;19/05/2022 10:00;11.70890045
Rabinalto;19/05/2022 11:00;14.34589958
Rabinalto;19/05/2022 12:00;17.25989914
Rabinalto;19/05/2022 13:00;18.10059929
Rabinalto;19/05/2022 14:00;20.45680046
Rabinalto;19/05/2022 15:00;20.38129997
Rabinalto;19/05/2022 16:00;20.72649956
Rabinalto;19/05/2022 17:00;20.4890995
Rabinalto;19/05/2022 18:00;18.49939919
Rabinalto;19/05/2022 19:00;15.69219971
Rabinalto;19/05/2022 20:00;14.01220036
Rabinalto;19/05/2022 21:00;12.52130032
Rabinalto;19/05/2022 22:00;11.75189972
Rabinalto;19/05/2022 23:00;11.45069981
Rabinalto;20/05/2022 0:00;11.04730034
Rabinalto;20/05/2022 1:00;10.75150013
Rabinalto;20/05/2022 2:00;10.51480007
Rabinalto;20/05/2022 3:00;10.25129986
Rabinalto;20/05/2022 4:00;10.0309
Rabinalto;20/05/2022 5:00;9.74050045
Rabinalto;20/05/2022 6:00;9.348099709
Rabinalto;20/05/2022 7:00;9.358799934
Rabinalto;20/05/2022 8:00;9.864199638
Rabinalto;20/05/2022 9:00;11.49909973
Rabinalto;20/05/2022 10:00;13.9691
Rabinalto;20/05/2022 11:00;16.71570015
Rabinalto;20/05/2022 12:00;19.25959969
Rabinalto;20/05/2022 13:00;21.59499931
Rabinalto;20/05/2022 14:00;23.24110031
Rabinalto;20/05/2022 15:00;24.27230072
Rabinalto;20/05/2022 16:00;24.42880058
Rabinalto;20/05/2022 17:00;23.34900093
Rabinalto;20/05/2022 18:00;21.23349953
Rabinalto;20/05/2022 19:00;18.87680054
Rabinalto;20/05/2022 20:00;16.79649925
Rabinalto;20/05/2022 21:00;15.00279999
Rabinalto;20/05/2022 22:00;13.83450031
Rabinalto;20/05/2022 23:00;13.26930046
Rabinalto;21/05/2022 0:00;12.76879978
Rabinalto;21/05/2022 1:00;12.41909981
Rabinalto;21/05/2022 2:00;12.29529953
Rabinalto;21/05/2022 3:00;11.8434
Rabinalto;21/05/2022 4:00;11.49909973
Rabinalto;21/05/2022 5:00;11.15480042
Rabinalto;21/05/2022 6:00;10.88589954
Rabinalto;21/05/2022 7:00;11.23009968
Rabinalto;21/05/2022 8:00;12.16619968
Rabinalto;21/05/2022 9:00;13.61919975
Rabinalto;21/05/2022 10:00;15.84840012
Rabinalto;21/05/2022 11:00;17.75020027
Rabinalto;21/05/2022 12:00;18.69890022
Rabinalto;21/05/2022 13:00;18.65040016
Rabinalto;21/05/2022 14:00;18.58029938
Rabinalto;21/05/2022 15:00;19.15180016
Rabinalto;21/05/2022 16:00;20.45680046
Rabinalto;21/05/2022 17:00;19.23800087
Rabinalto;21/05/2022 18:00;17.43770027
Rabinalto;21/05/2022 19:00;16.24699974
Rabinalto;21/05/2022 20:00;15.12129974
Rabinalto;21/05/2022 21:00;14.17370033
Rabinalto;21/05/2022 22:00;13.57610035
Rabinalto;21/05/2022 23:00;12.88720036
Rabinalto;22/05/2022 0:00;12.20919991
Rabinalto;22/05/2022 1:00;11.71969986
Rabinalto;22/05/2022 2:00;11.1225996
Rabinalto;22/05/2022 3:00;10.8913002
Rabinalto;22/05/2022 4:00;10.65999985
Rabinalto;22/05/2022 5:00;10.29969978
Rabinalto;22/05/2022 6:00;10.05780029
Rabinalto;22/05/2022 7:00;10.4126997
Rabinalto;22/05/2022 8:00;10.95580006
Rabinalto;22/05/2022 9:00;11.24629974
Rabinalto;22/05/2022 10:00;13.48460007
Rabinalto;22/05/2022 11:00;13.39309978
Rabinalto;22/05/2022 12:00;15.6814003
Rabinalto;22/05/2022 13:00;16.4409008
Rabinalto;22/05/2022 14:00;17.5454998
Rabinalto;22/05/2022 15:00;15.03509998
Rabinalto;22/05/2022 16:00;11.68739986
Rabinalto;22/05/2022 17:00;12.2737999
Rabinalto;22/05/2022 18:00;12.66119957
Rabinalto;22/05/2022 19:00;12.0692997
Rabinalto;22/05/2022 20:00;10.98810005
Rabinalto;22/05/2022 21:00;10.22980022
Rabinalto;22/05/2022 22:00;9.982500076
Rabinalto;22/05/2022 23:00;9.794300079
Rabinalto;23/05/2022 0:00;9.616900444
Rabinalto;23/05/2022 1:00;9.482500076
Rabinalto;23/05/2022 2:00;9.385700226
Rabinalto;23/05/2022 3:00;9.219099998
Rabinalto;23/05/2022 4:00;8.966400146
Rabinalto;23/05/2022 5:00;8.606300354
Rabinalto;23/05/2022 6:00;8.090399742
Rabinalto;23/05/2022 7:00;8.133399963
Rabinalto;23/05/2022 8:00;8.751399994
Rabinalto;23/05/2022 9:00;9.111599922
Rabinalto;23/05/2022 10:00;10.48789978
Rabinalto;23/05/2022 11:00;11.4829998
Rabinalto;23/05/2022 12:00;11.78419971
Rabinalto;23/05/2022 13:00;13.9314003
Rabinalto;23/05/2022 14:00;13.23700047
Rabinalto;23/05/2022 15:00;12.46749973
Rabinalto;23/05/2022 16:00;12.0692997
Rabinalto;23/05/2022 17:00;11.13869953
Rabinalto;23/05/2022 18:00;10.39649963
Rabinalto;23/05/2022 19:00;9.616900444
Rabinalto;23/05/2022 20:00;9.197600365
Rabinalto;23/05/2022 21:00;8.090399742
Rabinalto;23/05/2022 22:00;7.531599998
Rabinalto;23/05/2022 23:00;7.16079998
Rabinalto;24/05/2022 0:00;6.736499786
Rabinalto;24/05/2022 1:00;6.161799908
Rabinalto;24/05/2022 2:00;5.597899914
Rabinalto;24/05/2022 3:00;5.286499977
Rabinalto;24/05/2022 4:00;5.050199986
Rabinalto;24/05/2022 5:00;4.593900204
Rabinalto;24/05/2022 6:00;4.486499786
Rabinalto;24/05/2022 7:00;4.577799797
Rabinalto;24/05/2022 8:00;4.690499783
Rabinalto;24/05/2022 9:00;4.910600185
Rabinalto;24/05/2022 10:00;4.97510004
Rabinalto;24/05/2022 11:00;5.307899952
Rabinalto;24/05/2022 12:00;6.913700104
Rabinalto;24/05/2022 13:00;8.47729969
Rabinalto;24/05/2022 14:00;9.143799782
Rabinalto;24/05/2022 15:00;8.149499893
Rabinalto;24/05/2022 16:00;7.574500084
Rabinalto;24/05/2022 17:00;7.88079977
Rabinalto;24/05/2022 18:00;7.343500137
Rabinalto;24/05/2022 19:00;6.45179987
Rabinalto;24/05/2022 20:00;5.780499935
Rabinalto;24/05/2022 21:00;5.248899937
Rabinalto;24/05/2022 22:00;5.018000126
Rabinalto;24/05/2022 23:00;4.690499783
Rabinalto;25/05/2022 0:00;4.438199997
Rabinalto;25/05/2022 1:00;4.244999886
Rabinalto;25/05/2022 2:00;4.110799789
Rabinalto;25/05/2022 3:00;3.987299919
Rabinalto;25/05/2022 4:00;3.885400057
Rabinalto;25/05/2022 5:00;3.815599918
Rabinalto;25/05/2022 6:00;3.729700089
Rabinalto;25/05/2022 7:00;3.719000101
Rabinalto;25/05/2022 8:00;3.933700085
Rabinalto;25/05/2022 9:00;4.770999908
Rabinalto;25/05/2022 10:00;5.560299873
Rabinalto;25/05/2022 11:00;7.88079977
Rabinalto;25/05/2022 12:00;10.43420029
Rabinalto;25/05/2022 13:00;14.06060028
Rabinalto;25/05/2022 14:00;15.60060024
Rabinalto;25/05/2022 15:00;16.38159943
Rabinalto;25/05/2022 16:00;16.87730026
Rabinalto;25/05/2022 17:00;15.88070011
Rabinalto;25/05/2022 18:00;14.05519962
Rabinalto;25/05/2022 19:00;11.96170044
Rabinalto;25/05/2022 20:00;10.12769985
Rabinalto;25/05/2022 21:00;8.85890007
Rabinalto;25/05/2022 22:00;8.047400475
Rabinalto;25/05/2022 23:00;7.558400154
Rabinalto;26/05/2022 0:00;7.209199905
Rabinalto;26/05/2022 1:00;6.919099808
Rabinalto;26/05/2022 2:00;6.602200031
Rabinalto;26/05/2022 3:00;6.41960001
Rabinalto;26/05/2022 4:00;6.279900074
Rabinalto;26/05/2022 5:00;6.091899872
Rabinalto;26/05/2022 6:00;5.989900112
Rabinalto;26/05/2022 7:00;6.172500134
Rabinalto;26/05/2022 8:00;6.843900204
Rabinalto;26/05/2022 9:00;8.568699837
Rabinalto;26/05/2022 10:00;10.99349976
Rabinalto;26/05/2022 11:00;13.40390015
Rabinalto;26/05/2022 12:00;15.74059963
Rabinalto;26/05/2022 13:00;17.98200035
Rabinalto;26/05/2022 14:00;19.72330093
Rabinalto;26/05/2022 15:00;20.30579948
Rabinalto;26/05/2022 16:00;19.69639969
Rabinalto;26/05/2022 17:00;18.71509933
Rabinalto;26/05/2022 18:00;16.62949944
Rabinalto;26/05/2022 19:00;14.4375
Rabinalto;26/05/2022 20:00;12.53209972
Rabinalto;26/05/2022 21:00;11.00959969
Rabinalto;26/05/2022 22:00;9.971699715
Rabinalto;26/05/2022 23:00;9.305100441
Rabinalto;27/05/2022 0:00;8.788999557
Rabinalto;27/05/2022 1:00;8.34829998
Rabinalto;27/05/2022 2:00;7.999000072
Rabinalto;27/05/2022 3:00;7.488599777
Rabinalto;27/05/2022 4:00;7.139400005
Rabinalto;27/05/2022 5:00;6.902999878
Rabinalto;27/05/2022 6:00;6.677400112
Rabinalto;27/05/2022 7:00;6.838500023
Rabinalto;27/05/2022 8:00;7.71420002
Rabinalto;27/05/2022 9:00;9.875
Rabinalto;27/05/2022 10:00;12.92490005
Rabinalto;27/05/2022 11:00;16.13920021
Rabinalto;27/05/2022 12:00;19.2758007
Rabinalto;27/05/2022 13:00;21.8647995
Rabinalto;27/05/2022 14:00;23.6189003
Rabinalto;27/05/2022 15:00;24.46660042
Rabinalto;27/05/2022 16:00;24.42880058
Rabinalto;27/05/2022 17:00;23.08449936
Rabinalto;27/05/2022 18:00;20.46220016
Rabinalto;27/05/2022 19:00;17.6154995
Rabinalto;27/05/2022 20:00;15.24520016
Rabinalto;27/05/2022 21:00;13.40929985
Rabinalto;27/05/2022 22:00;12.07470036
Rabinalto;27/05/2022 23:00;11.19789982
Rabinalto;28/05/2022 0:00;10.49330044
Rabinalto;28/05/2022 1:00;9.928700447
Rabinalto;28/05/2022 2:00;9.418000221
Rabinalto;28/05/2022 3:00;8.891200066
Rabinalto;28/05/2022 4:00;8.756799698
Rabinalto;28/05/2022 5:00;8.305299759
Rabinalto;28/05/2022 6:00;7.966800213
Rabinalto;28/05/2022 7:00;8.058099747
Rabinalto;28/05/2022 8:00;8.794400215
Rabinalto;28/05/2022 9:00;10.79450035
Rabinalto;28/05/2022 10:00;13.95289993
Rabinalto;28/05/2022 11:00;17.3784008
Rabinalto;28/05/2022 12:00;20.71030045
Rabinalto;28/05/2022 13:00;23.62969971
Rabinalto;28/05/2022 14:00;25.73590088
Rabinalto;28/05/2022 15:00;26.8057003
Rabinalto;28/05/2022 16:00;26.65979958
Rabinalto;28/05/2022 17:00;23.38139915
Rabinalto;28/05/2022 18:00;22.17779922
Rabinalto;28/05/2022 19:00;19.44829941
Rabinalto;28/05/2022 20:00;16.77490044
Rabinalto;28/05/2022 21:00;14.79279995
Rabinalto;28/05/2022 22:00;13.39850044
Rabinalto;28/05/2022 23:00;12.56970024
Rabinalto;29/05/2022 0:00;11.74650002
Rabinalto;29/05/2022 1:00;11.10639954
Rabinalto;29/05/2022 2:00;10.55790043
Rabinalto;29/05/2022 3:00;10.33740044
Rabinalto;29/05/2022 4:00;9.971699715
Rabinalto;29/05/2022 5:00;9.546999931
Rabinalto;29/05/2022 6:00;9.138400078
Rabinalto;29/05/2022 7:00;9.342700005
Rabinalto;29/05/2022 8:00;10.20289993
Rabinalto;29/05/2022 9:00;12.18770027
Rabinalto;29/05/2022 10:00;15.05669975
Rabinalto;29/05/2022 11:00;18.54260063
Rabinalto;29/05/2022 12:00;22.01049995
Rabinalto;29/05/2022 13:00;25.08769989
Rabinalto;29/05/2022 14:00;26.2112999
Rabinalto;29/05/2022 15:00;22.06990051
Rabinalto;29/05/2022 16:00;15.7567997
Rabinalto;29/05/2022 17:00;12.73120022
Rabinalto;29/05/2022 18:00;12.99489975
Rabinalto;29/05/2022 19:00;13.24779987
Rabinalto;29/05/2022 20:00;12.38679981
Rabinalto;29/05/2022 21:00;11.55830002
Rabinalto;29/05/2022 22:00;10.93430042
Rabinalto;29/05/2022 23:00;10.60630035
Rabinalto;30/05/2022 0:00;10.28899956
Rabinalto;30/05/2022 1:00;9.702899933
Rabinalto;30/05/2022 2:00;9.202899933
Rabinalto;30/05/2022 3:00;8.697699547
Rabinalto;30/05/2022 4:00;8.262299538
Rabinalto;30/05/2022 5:00;7.88079977
Rabinalto;30/05/2022 6:00;7.531599998
Rabinalto;30/05/2022 7:00;7.757199764
Rabinalto;30/05/2022 8:00;8.794400215
Rabinalto;30/05/2022 9:00;10.90740013
Rabinalto;30/05/2022 10:00;12.67199993
Rabinalto;30/05/2022 11:00;13.53849983
Rabinalto;30/05/2022 12:00;15.74059963
Rabinalto;30/05/2022 13:00;17.44849968
Rabinalto;30/05/2022 14:00;16.61330032
Rabinalto;30/05/2022 15:00;16.80730057
Rabinalto;30/05/2022 16:00;17.44309998
Rabinalto;30/05/2022 17:00;16.08539963
Rabinalto;30/05/2022 18:00;14.25979996
Rabinalto;30/05/2022 19:00;12.93029976
Rabinalto;30/05/2022 20:00;11.97249985
Rabinalto;30/05/2022 21:00;11.28929996
Rabinalto;30/05/2022 22:00;10.49330044
Rabinalto;30/05/2022 23:00;10.11690044
Rabinalto;31/05/2022 0:00;9.224399567
Rabinalto;31/05/2022 1:00;8.762200356
Rabinalto;31/05/2022 2:00;8.939499855
Rabinalto;31/05/2022 3:00;9.095399857
Rabinalto;31/05/2022 4:00;9.036299706
Rabinalto;31/05/2022 5:00;8.998700142
Rabinalto;31/05/2022 6:00;8.955699921
Rabinalto;31/05/2022 7:00;9.020199776
Rabinalto;31/05/2022 8:00;9.401800156
Rabinalto;31/05/2022 9:00;10.15450001
Rabinalto;31/05/2022 10:00;11.33230019
Rabinalto;31/05/2022 11:00;11.62279987
Rabinalto;31/05/2022 12:00;11.87030029
Rabinalto;31/05/2022 13:00;12.55900002
Rabinalto;31/05/2022 14:00;12.34910011
Rabinalto;31/05/2022 15:00;13.48460007
Rabinalto;31/05/2022 16:00;13.04870033
Rabinalto;31/05/2022 17:00;13.05410004
Rabinalto;31/05/2022 18:00;12.54819965
Rabinalto;31/05/2022 19:00;12.18229961
Rabinalto;31/05/2022 20:00;11.57439995
Rabinalto;31/05/2022 21:00;10.85900021
Rabinalto;31/05/2022 22:00;10.0309
Rabinalto;31/05/2022 23:00;9.77820015
Rabinalto;01/06/2022 0:00;9.756699562
Rabinalto;01/06/2022 1:00;9.552399635
Rabinalto;01/06/2022 2:00;9.396499634
Rabinalto;01/06/2022 3:00;9.326600075
Rabinalto;01/06/2022 4:00;8.880399704
Rabinalto;01/06/2022 5:00;8.445099831
Rabinalto;01/06/2022 6:00;8.181699753
Rabinalto;01/06/2022 7:00;8.891200066
Rabinalto;01/06/2022 8:00;9.493200302
Rabinalto;01/06/2022 9:00;10.38580036
Rabinalto;01/06/2022 10:00;11.85410023
Rabinalto;01/06/2022 11:00;11.42920017
Rabinalto;01/06/2022 12:00;11.4399004
Rabinalto;01/06/2022 13:00;12.10159969
Rabinalto;01/06/2022 14:00;10.98270035
Rabinalto;01/06/2022 15:00;12.16619968
Rabinalto;01/06/2022 16:00;13.92059994
Rabinalto;01/06/2022 17:00;14.64210033
Rabinalto;01/06/2022 18:00;13.00020027
Rabinalto;01/06/2022 19:00;12.62349987
Rabinalto;01/06/2022 20:00;11.6711998
Rabinalto;01/06/2022 21:00;10.64389992
Rabinalto;01/06/2022 22:00;10.26749992
Rabinalto;01/06/2022 23:00;9.675999641
Rabinalto;02/06/2022 0:00;8.703000069
Rabinalto;02/06/2022 1:00;8.181699753
Rabinalto;02/06/2022 2:00;7.88079977
Rabinalto;02/06/2022 3:00;7.504700184
Rabinalto;02/06/2022 4:00;7.09100008
Rabinalto;02/06/2022 5:00;6.897600174
Rabinalto;02/06/2022 6:00;7.278999805
Rabinalto;02/06/2022 7:00;7.359600067
Rabinalto;02/06/2022 8:00;8.031299591
Rabinalto;02/06/2022 9:00;8.611700058
Rabinalto;02/06/2022 10:00;9.229800224
Rabinalto;02/06/2022 11:00;10.02009964
Rabinalto;02/06/2022 12:00;9.90719986
Rabinalto;02/06/2022 13:00;10.77299976
Rabinalto;02/06/2022 14:00;11.56359959
Rabinalto;02/06/2022 15:00;13.23169994
Rabinalto;02/06/2022 16:00;12.69349957
Rabinalto;02/06/2022 17:00;14.59360027
Rabinalto;02/06/2022 18:00;13.08100033
Rabinalto;02/06/2022 19:00;12.2791996
Rabinalto;02/06/2022 20:00;11.3107996
Rabinalto;02/06/2022 21:00;10.45569992
Rabinalto;02/06/2022 22:00;9.767399788
Rabinalto;02/06/2022 23:00;9.401800156
Rabinalto;03/06/2022 0:00;9.165300369
Rabinalto;03/06/2022 1:00;8.703000069
Rabinalto;03/06/2022 2:00;8.579400063
Rabinalto;03/06/2022 3:00;8.181699753
Rabinalto;03/06/2022 4:00;7.789500237
Rabinalto;03/06/2022 5:00;7.730400085
Rabinalto;03/06/2022 6:00;7.71420002
Rabinalto;03/06/2022 7:00;7.483200073
Rabinalto;03/06/2022 8:00;8.294599533
Rabinalto;03/06/2022 9:00;10.1814003
Rabinalto;03/06/2022 10:00;11.58520031
Rabinalto;03/06/2022 11:00;11.0848999
Rabinalto;03/06/2022 12:00;15.89680004
Rabinalto;03/06/2022 13:00;16.21459961
Rabinalto;03/06/2022 14:00;16.38699913
Rabinalto;03/06/2022 15:00;14.66359997
Rabinalto;03/06/2022 16:00;15.58979988
Rabinalto;03/06/2022 17:00;14.34589958
Rabinalto;03/06/2022 18:00;13.61919975
Rabinalto;03/06/2022 19:00;13.94219971
Rabinalto;03/06/2022 20:00;12.2737999
Rabinalto;03/06/2022 21:00;11.32699966
Rabinalto;03/06/2022 22:00;10.42339993
Rabinalto;03/06/2022 23:00;9.563099861
Rabinalto;04/06/2022 0:00;8.848199844
Rabinalto;04/06/2022 1:00;8.359100342
Rabinalto;04/06/2022 2:00;7.939899921
Rabinalto;04/06/2022 3:00;7.569200039
Rabinalto;04/06/2022 4:00;7.649799824
Rabinalto;04/06/2022 5:00;7.558400154
Rabinalto;04/06/2022 6:00;7.278999805
Rabinalto;04/06/2022 7:00;7.789500237
Rabinalto;04/06/2022 8:00;8.590200424
Rabinalto;04/06/2022 9:00;10.45030022
Rabinalto;04/06/2022 10:00;8.310700417
Rabinalto;04/06/2022 11:00;7.950699806
Rabinalto;04/06/2022 12:00;13.88300037
Rabinalto;04/06/2022 13:00;15.47669983
Rabinalto;04/06/2022 14:00;14.2489996
Rabinalto;04/06/2022 15:00;16.65640068
Rabinalto;04/06/2022 16:00;13.90989971
Rabinalto;04/06/2022 17:00;13.15629959
Rabinalto;04/06/2022 18:00;12.23079967
Rabinalto;04/06/2022 19:00;11.69279957
Rabinalto;04/06/2022 20:00;10.90740013
Rabinalto;04/06/2022 21:00;9.961000443
Rabinalto;04/06/2022 22:00;8.98789978
Rabinalto;04/06/2022 23:00;8.34829998
Rabinalto;05/06/2022 0:00;7.907700062
Rabinalto;05/06/2022 1:00;7.536900043
Rabinalto;05/06/2022 2:00;7.209199905
Rabinalto;05/06/2022 3:00;6.838500023
Rabinalto;05/06/2022 4:00;6.580699921
Rabinalto;05/06/2022 5:00;6.317500114
Rabinalto;05/06/2022 6:00;6.274499893
Rabinalto;05/06/2022 7:00;7.219900131
Rabinalto;05/06/2022 8:00;8.085000038
Rabinalto;05/06/2022 9:00;9.412599564
Rabinalto;05/06/2022 10:00;11.30010033
Rabinalto;05/06/2022 11:00;14.11439991
Rabinalto;05/06/2022 12:00;16.79109955
Rabinalto;05/06/2022 13:00;18.82830048
Rabinalto;05/06/2022 14:00;20.15469933
Rabinalto;05/06/2022 15:00;20.9368
Rabinalto;05/06/2022 16:00;20.16010094
Rabinalto;05/06/2022 17:00;18.58569908
Rabinalto;05/06/2022 18:00;16.4409008
Rabinalto;05/06/2022 19:00;14.76049995
Rabinalto;05/06/2022 20:00;13.18319988
Rabinalto;05/06/2022 21:00;11.90260029
Rabinalto;05/06/2022 22:00;10.79990005
Rabinalto;05/06/2022 23:00;10.11690044
Rabinalto;06/06/2022 0:00;9.493200302
Rabinalto;06/06/2022 1:00;9.401800156
Rabinalto;06/06/2022 2:00;9.541600227
Rabinalto;06/06/2022 3:00;9.444800377
Rabinalto;06/06/2022 4:00;9.26210022
Rabinalto;06/06/2022 5:00;9.063199997
Rabinalto;06/06/2022 6:00;8.880399704
Rabinalto;06/06/2022 7:00;9.00399971
Rabinalto;06/06/2022 8:00;9.353500366
Rabinalto;06/06/2022 9:00;9.885700226
Rabinalto;06/06/2022 10:00;10.99890041
Rabinalto;06/06/2022 11:00;13.01640034
Rabinalto;06/06/2022 12:00;13.87220001
Rabinalto;06/06/2022 13:00;14.85739994
Rabinalto;06/06/2022 14:00;13.50619984
Rabinalto;06/06/2022 15:00;14.48050022
Rabinalto;06/06/2022 16:00;14.06599998
Rabinalto;06/06/2022 17:00;14.88440037
Rabinalto;06/06/2022 18:00;14.53979969
Rabinalto;06/06/2022 19:00;13.79679966
Rabinalto;06/06/2022 20:00;12.19309998
Rabinalto;06/06/2022 21:00;10.91819954
Rabinalto;06/06/2022 22:00;10.06309986
Rabinalto;06/06/2022 23:00;9.461000443
Rabinalto;07/06/2022 0:00;8.923399925
Rabinalto;07/06/2022 1:00;8.326800346
Rabinalto;07/06/2022 2:00;7.816299915
Rabinalto;07/06/2022 3:00;7.397200108
Rabinalto;07/06/2022 4:00;7.05340004
Rabinalto;07/06/2022 5:00;6.806300163
Rabinalto;07/06/2022 6:00;6.709599972
Rabinalto;07/06/2022 7:00;6.897600174
Rabinalto;07/06/2022 8:00;7.456299782
Rabinalto;07/06/2022 9:00;9.267399788
Rabinalto;07/06/2022 10:00;12.13930035
Rabinalto;07/06/2022 11:00;15.22900009
Rabinalto;07/06/2022 12:00;17.96579933
Rabinalto;07/06/2022 13:00;20.03610039
Rabinalto;07/06/2022 14:00;21.23889923
Rabinalto;07/06/2022 15:00;21.55190086
Rabinalto;07/06/2022 16:00;22.03750038
Rabinalto;07/06/2022 17:00;20.30039978
Rabinalto;07/06/2022 18:00;18.14369965
Rabinalto;07/06/2022 19:00;16.39780045
Rabinalto;07/06/2022 20:00;14.9382
Rabinalto;07/06/2022 21:00;13.67300034
Rabinalto;07/06/2022 22:00;12.68809986
Rabinalto;07/06/2022 23:00;12.18770027
Rabinalto;08/06/2022 0:00;12.00479984
Rabinalto;08/06/2022 1:00;11.65509987
Rabinalto;08/06/2022 2:00;11.31620026
Rabinalto;08/06/2022 3:00;11.00419998
Rabinalto;08/06/2022 4:00;10.81599998
Rabinalto;08/06/2022 5:00;10.68150043
Rabinalto;08/06/2022 6:00;10.62779999
Rabinalto;08/06/2022 7:00;10.62240028
Rabinalto;08/06/2022 8:00;10.62779999
Rabinalto;08/06/2022 9:00;10.62779999
Rabinalto;08/06/2022 10:00;11.03649998
Rabinalto;08/06/2022 11:00;12.08549976
Rabinalto;08/06/2022 12:00;12.8817997
Rabinalto;08/06/2022 13:00;14.03909969
Rabinalto;08/06/2022 14:00;14.53979969
Rabinalto;08/06/2022 15:00;14.63129997
Rabinalto;08/06/2022 16:00;14.32979965
Rabinalto;08/06/2022 17:00;13.90450001
Rabinalto;08/06/2022 18:00;13.50619984
Rabinalto;08/06/2022 19:00;12.85490036
Rabinalto;08/06/2022 20:00;11.96170044
Rabinalto;08/06/2022 21:00;10.99349976
Rabinalto;08/06/2022 22:00;10.27820015
Rabinalto;08/06/2022 23:00;9.98789978
Rabinalto;09/06/2022 0:00;9.643799782
Rabinalto;09/06/2022 1:00;8.875
Rabinalto;09/06/2022 2:00;8.138699532
Rabinalto;09/06/2022 3:00;7.886199951
Rabinalto;09/06/2022 4:00;7.81099987
Rabinalto;09/06/2022 5:00;7.483200073
Rabinalto;09/06/2022 6:00;7.434800148
Rabinalto;09/06/2022 7:00;7.955999851
Rabinalto;09/06/2022 8:00;8.837400436
Rabinalto;09/06/2022 9:00;10.80519962
Rabinalto;09/06/2022 10:00;13.61380005
Rabinalto;09/06/2022 11:00;16.73719978
Rabinalto;09/06/2022 12:00;19.46990013
Rabinalto;09/06/2022 13:00;21.31990051
Rabinalto;09/06/2022 14:00;22.46920013
Rabinalto;09/06/2022 15:00;23.07909966
Rabinalto;09/06/2022 16:00;22.31809998
Rabinalto;09/06/2022 17:00;20.64019966
Rabinalto;09/06/2022 18:00;19.69639969
Rabinalto;09/06/2022 19:00;18.45630074
Rabinalto;09/06/2022 20:00;16.65640068
Rabinalto;09/06/2022 21:00;15.14280033
Rabinalto;09/06/2022 22:00;13.92059994
Rabinalto;09/06/2022 23:00;13.27470016
Rabinalto;10/06/2022 0:00;12.79039955
Rabinalto;10/06/2022 1:00;12.34910011
Rabinalto;10/06/2022 2:00;12.02630043
Rabinalto;10/06/2022 3:00;11.73040009
Rabinalto;10/06/2022 4:00;11.4829998
Rabinalto;10/06/2022 5:00;11.4776001
Rabinalto;10/06/2022 6:00;11.30010033
Rabinalto;10/06/2022 7:00;11.38080025
Rabinalto;10/06/2022 8:00;12.05319977
Rabinalto;10/06/2022 9:00;14.29209995
Rabinalto;10/06/2022 10:00;17.03890038
Rabinalto;10/06/2022 11:00;19.42670059
Rabinalto;10/06/2022 12:00;21.53030014
Rabinalto;10/06/2022 13:00;23.30039978
Rabinalto;10/06/2022 14:00;24.37479973
Rabinalto;10/06/2022 15:00;25.25519943
Rabinalto;10/06/2022 16:00;24.76910019
Rabinalto;10/06/2022 17:00;23.6243
Rabinalto;10/06/2022 18:00;21.90259933
Rabinalto;10/06/2022 19:00;20.16010094
Rabinalto;10/06/2022 20:00;18.25149918
Rabinalto;10/06/2022 21:00;16.95809937
Rabinalto;10/06/2022 22:00;15.6491003
Rabinalto;10/06/2022 23:00;14.94900036
Rabinalto;11/06/2022 0:00;14.13599968
Rabinalto;11/06/2022 1:00;13.76990032
Rabinalto;11/06/2022 2:00;13.37699986
Rabinalto;11/06/2022 3:00;12.96800041
Rabinalto;11/06/2022 4:00;12.75809956
Rabinalto;11/06/2022 5:00;12.51589966
Rabinalto;11/06/2022 6:00;11.97249985
Rabinalto;11/06/2022 7:00;12.28989983
Rabinalto;11/06/2022 8:00;12.56439972
Rabinalto;11/06/2022 9:00;12.29529953
Rabinalto;11/06/2022 10:00;12.34910011
Rabinalto;11/06/2022 11:00;13.22630024
Rabinalto;11/06/2022 12:00;14.11979961
Rabinalto;11/06/2022 13:00;15.76220036
Rabinalto;11/06/2022 14:00;20.06850052
Rabinalto;11/06/2022 15:00;22.31270027
Rabinalto;11/06/2022 16:00;22.14539909
Rabinalto;11/06/2022 17:00;22.10759926
Rabinalto;11/06/2022 18:00;20.74259949
Rabinalto;11/06/2022 19:00;19.28120041
Rabinalto;11/06/2022 20:00;17.89579964
Rabinalto;11/06/2022 21:00;16.09079933
Rabinalto;11/06/2022 22:00;15.1967001
Rabinalto;11/06/2022 23:00;14.67440033
Rabinalto;12/06/2022 0:00;13.88300037
Rabinalto;12/06/2022 1:00;13.20479965
Rabinalto;12/06/2022 2:00;13.15089989
Rabinalto;12/06/2022 3:00;12.93029976
Rabinalto;12/06/2022 4:00;12.02089977
Rabinalto;12/06/2022 5:00;11.94019985
Rabinalto;12/06/2022 6:00;11.67660046
Rabinalto;12/06/2022 7:00;12.01019955
Rabinalto;12/06/2022 8:00;12.43519974
Rabinalto;12/06/2022 9:00;13.50080013
Rabinalto;12/06/2022 10:00;15.51980019
Rabinalto;12/06/2022 11:00;18.48870087
Rabinalto;12/06/2022 12:00;20.82360077
Rabinalto;12/06/2022 13:00;22.90099907
Rabinalto;12/06/2022 14:00;24.27770042
Rabinalto;12/06/2022 15:00;25.06609917
Rabinalto;12/06/2022 16:00;23.59189987
Rabinalto;12/06/2022 17:00;23.30039978
Rabinalto;12/06/2022 18:00;20.67790031
Rabinalto;12/06/2022 19:00;19.48609924
Rabinalto;12/06/2022 20:00;18.1868
Rabinalto;12/06/2022 21:00;16.57019997
Rabinalto;12/06/2022 22:00;15.54669952
Rabinalto;12/06/2022 23:00;15.00819969
Rabinalto;13/06/2022 0:00;14.62049961
Rabinalto;13/06/2022 1:00;14.32979965
Rabinalto;13/06/2022 2:00;13.92599964
Rabinalto;13/06/2022 3:00;13.41469955
Rabinalto;13/06/2022 4:00;13.0916996
Rabinalto;13/06/2022 5:00;12.75269985
Rabinalto;13/06/2022 6:00;12.58049965
Rabinalto;13/06/2022 7:00;12.76879978
Rabinalto;13/06/2022 8:00;13.74839973
Rabinalto;13/06/2022 9:00;15.62749958
Rabinalto;13/06/2022 10:00;18.04669952
Rabinalto;13/06/2022 11:00;20.69949913
Rabinalto;13/06/2022 12:00;23.04129982
Rabinalto;13/06/2022 13:00;24.92029953
Rabinalto;13/06/2022 14:00;26.25460052
Rabinalto;13/06/2022 15:00;26.81649971
Rabinalto;13/06/2022 16:00;26.91379929
Rabinalto;13/06/2022 17:00;25.68190002
Rabinalto;13/06/2022 18:00;24.27230072
Rabinalto;13/06/2022 19:00;22.38290024
Rabinalto;13/06/2022 20:00;20.40279961
Rabinalto;13/06/2022 21:00;18.70969963
Rabinalto;13/06/2022 22:00;17.41609955
Rabinalto;13/06/2022 23:00;16.60790062
Rabinalto;14/06/2022 0:00;15.96689987
Rabinalto;14/06/2022 1:00;15.4229002
Rabinalto;14/06/2022 2:00;14.96510029
Rabinalto;14/06/2022 3:00;14.52900028
Rabinalto;14/06/2022 4:00;14.11979961
Rabinalto;14/06/2022 5:00;13.79679966
Rabinalto;14/06/2022 6:00;13.53849983
Rabinalto;14/06/2022 7:00;13.62460041
Rabinalto;14/06/2022 8:00;14.35130024
Rabinalto;14/06/2022 9:00;15.84300041
Rabinalto;14/06/2022 10:00;17.84729958
Rabinalto;14/06/2022 11:00;20.09539986
Rabinalto;14/06/2022 12:00;22.42060089
Rabinalto;14/06/2022 13:00;24.83390045
Rabinalto;14/06/2022 14:00;26.42200089
Rabinalto;14/06/2022 15:00;27.11370087
Rabinalto;14/06/2022 16:00;26.58410072
Rabinalto;14/06/2022 17:00;24.60169983
Rabinalto;14/06/2022 18:00;22.6364994
Rabinalto;14/06/2022 19:00;20.90990067
Rabinalto;14/06/2022 20:00;19.18950081
Rabinalto;14/06/2022 21:00;18.00889969
Rabinalto;14/06/2022 22:00;16.7534008
Rabinalto;14/06/2022 23:00;15.91300011
Rabinalto;15/06/2022 0:00;15.1967001
Rabinalto;15/06/2022 1:00;14.51819992
Rabinalto;15/06/2022 2:00;14.03909969
Rabinalto;15/06/2022 3:00;13.56000042
Rabinalto;15/06/2022 4:00;13.17249966
Rabinalto;15/06/2022 5:00;12.80650043
Rabinalto;15/06/2022 6:00;12.54279995
Rabinalto;15/06/2022 7:00;12.79570007
Rabinalto;15/06/2022 8:00;13.59770012
Rabinalto;15/06/2022 9:00;15.28820038
Rabinalto;15/06/2022 10:00;17.75020027
Rabinalto;15/06/2022 11:00;19.00079918
Rabinalto;15/06/2022 12:00;21.69750023
Rabinalto;15/06/2022 13:00;23.43540001
Rabinalto;15/06/2022 14:00;25.12549973
Rabinalto;15/06/2022 15:00;26.09790039
Rabinalto;15/06/2022 16:00;26.07629967
Rabinalto;15/06/2022 17:00;24.60709953
Rabinalto;15/06/2022 18:00;23.8348999
Rabinalto;15/06/2022 19:00;21.81089973
Rabinalto;15/06/2022 20:00;20.23019981
Rabinalto;15/06/2022 21:00;18.81209946
Rabinalto;15/06/2022 22:00;16.91500092
Rabinalto;15/06/2022 23:00;16.18770027
Rabinalto;16/06/2022 0:00;15.48750019
Rabinalto;16/06/2022 1:00;14.96510029
Rabinalto;16/06/2022 2:00;14.37819958
Rabinalto;16/06/2022 3:00;13.91530037
Rabinalto;16/06/2022 4:00;13.54380035
Rabinalto;16/06/2022 5:00;13.25860023
Rabinalto;16/06/2022 6:00;13.11330032
Rabinalto;16/06/2022 7:00;13.04870033
Rabinalto;16/06/2022 8:00;13.55459976
Rabinalto;16/06/2022 9:00;15.28289986
Rabinalto;16/06/2022 10:00;17.25449944
Rabinalto;16/06/2022 11:00;19.30809975
Rabinalto;16/06/2022 12:00;21.92420006
Rabinalto;16/06/2022 13:00;24.06710052
Rabinalto;16/06/2022 14:00;23.87809944
Rabinalto;16/06/2022 15:00;22.80920029
Rabinalto;16/06/2022 16:00;24.82309914
Rabinalto;16/06/2022 17:00;22.38829994
Rabinalto;16/06/2022 18:00;22.45840073
Rabinalto;16/06/2022 19:00;21.29829979
Rabinalto;16/06/2022 20:00;19.51300049
Rabinalto;16/06/2022 21:00;18.21920013
Rabinalto;16/06/2022 22:00;17.38920021
Rabinalto;16/06/2022 23:00;16.23620033
Rabinalto;17/06/2022 0:00;15.29899979
Rabinalto;17/06/2022 1:00;14.79279995
Rabinalto;17/06/2022 2:00;14.32439995
Rabinalto;17/06/2022 3:00;13.99059963
Rabinalto;17/06/2022 4:00;13.71609974
Rabinalto;17/06/2022 5:00;13.52770042
Rabinalto;17/06/2022 6:00;13.42000008
Rabinalto;17/06/2022 7:00;13.65690041
Rabinalto;17/06/2022 8:00;14.41590023
Rabinalto;17/06/2022 9:00;15.88609982
Rabinalto;17/06/2022 10:00;18.06819916
Rabinalto;17/06/2022 11:00;20.07379913
Rabinalto;17/06/2022 12:00;21.49790001
Rabinalto;17/06/2022 13:00;22.18860054
Rabinalto;17/06/2022 14:00;25.36860085
Rabinalto;17/06/2022 15:00;25.04990005
Rabinalto;17/06/2022 16:00;24.42340088
Rabinalto;17/06/2022 17:00;24.3477993
Rabinalto;17/06/2022 18:00;22.5340004
Rabinalto;17/06/2022 19:00;20.20330048
Rabinalto;17/06/2022 20:00;15.58979988
Rabinalto;17/06/2022 21:00;15.7244997
Rabinalto;17/06/2022 22:00;15.33670044
Rabinalto;17/06/2022 23:00;15.07279968
Rabinalto;18/06/2022 0:00;14.52900028
Rabinalto;18/06/2022 1:00;14.06599998
Rabinalto;18/06/2022 2:00;13.74300003
Rabinalto;18/06/2022 3:00;13.48460007
Rabinalto;18/06/2022 4:00;13.26399994
Rabinalto;18/06/2022 5:00;13.07559967
Rabinalto;18/06/2022 6:00;12.90340042
Rabinalto;18/06/2022 7:00;12.99489975
Rabinalto;18/06/2022 8:00;13.65149975
Rabinalto;18/06/2022 9:00;14.77670002
Rabinalto;18/06/2022 10:00;16.68330002
Rabinalto;18/06/2022 11:00;17.80949974
Rabinalto;18/06/2022 12:00;17.84729958
Rabinalto;18/06/2022 13:00;16.15539932
Rabinalto;18/06/2022 14:00;17.31909943
Rabinalto;18/06/2022 15:00;17.76099968
Rabinalto;18/06/2022 16:00;19.20030022
Rabinalto;18/06/2022 17:00;18.48329926
Rabinalto;18/06/2022 18:00;16.7534008
Rabinalto;18/06/2022 19:00;16.65099907
Rabinalto;18/06/2022 20:00;15.84300041
Rabinalto;18/06/2022 21:00;14.80900002
Rabinalto;18/06/2022 22:00;14.54510021
Rabinalto;18/06/2022 23:00;14.30290031
Rabinalto;19/06/2022 0:00;13.73219967
Rabinalto;19/06/2022 1:00;12.98950005
Rabinalto;19/06/2022 2:00;12.49440002
Rabinalto;19/06/2022 3:00;12.39220047
Rabinalto;19/06/2022 4:00;11.76809978
Rabinalto;19/06/2022 5:00;11.25699997
Rabinalto;19/06/2022 6:00;11.14949989
Rabinalto;19/06/2022 7:00;11.20320034
Rabinalto;19/06/2022 8:00;11.30539989
Rabinalto;19/06/2022 9:00;12.38679981
Rabinalto;19/06/2022 10:00;12.81190014
Rabinalto;19/06/2022 11:00;13.11330032
Rabinalto;19/06/2022 12:00;13.61919975
Rabinalto;19/06/2022 13:00;12.77420044
Rabinalto;19/06/2022 14:00;13.52770042
Rabinalto;19/06/2022 15:00;14.88969994
Rabinalto;19/06/2022 16:00;15.1590004
Rabinalto;19/06/2022 17:00;14.66359997
Rabinalto;19/06/2022 18:00;14.25979996
Rabinalto;19/06/2022 19:00;13.57079983
Rabinalto;19/06/2022 20:00;12.90880013
Rabinalto;19/06/2022 21:00;12.25769997
Rabinalto;19/06/2022 22:00;11.63360023
Rabinalto;19/06/2022 23:00;11.19789982
Rabinalto;20/06/2022 0:00;10.68150043
Rabinalto;20/06/2022 1:00;9.977100372
Rabinalto;20/06/2022 2:00;9.675999641
Rabinalto;20/06/2022 3:00;9.423299789
Rabinalto;20/06/2022 4:00;9.084699631
Rabinalto;20/06/2022 5:00;8.708399773
Rabinalto;20/06/2022 6:00;8.912699699
Rabinalto;20/06/2022 7:00;9.299699783
Rabinalto;20/06/2022 8:00;10.47179985
Rabinalto;20/06/2022 9:00;10.31050014
Rabinalto;20/06/2022 10:00;11.14949989
Rabinalto;20/06/2022 11:00;11.70349979
Rabinalto;20/06/2022 12:00;11.77340031
Rabinalto;20/06/2022 13:00;13.16709995
Rabinalto;20/06/2022 14:00;12.57509995
Rabinalto;20/06/2022 15:00;13.0916996
Rabinalto;20/06/2022 16:00;14.50749969
Rabinalto;20/06/2022 17:00;14.18980026
Rabinalto;20/06/2022 18:00;13.42000008
Rabinalto;20/06/2022 19:00;13.16709995
Rabinalto;20/06/2022 20:00;12.25769997
Rabinalto;20/06/2022 21:00;11.39150047
Rabinalto;20/06/2022 22:00;10.88049984
Rabinalto;20/06/2022 23:00;10.08460045
Rabinalto;21/06/2022 0:00;9.85340023
Rabinalto;21/06/2022 1:00;9.633000374
Rabinalto;21/06/2022 2:00;8.896499634
Rabinalto;21/06/2022 3:00;8.805199623
Rabinalto;21/06/2022 4:00;8.869700432
Rabinalto;21/06/2022 5:00;8.681599617
Rabinalto;21/06/2022 6:00;8.751399994
Rabinalto;21/06/2022 7:00;8.891200066
Rabinalto;21/06/2022 8:00;9.439499855
Rabinalto;21/06/2022 9:00;10.53100014
Rabinalto;21/06/2022 10:00;10.42339993
Rabinalto;21/06/2022 11:00;11.14949989
Rabinalto;21/06/2022 12:00;11.28390026
Rabinalto;21/06/2022 13:00;10.89669991
Rabinalto;21/06/2022 14:00;12.08010006
Rabinalto;21/06/2022 15:00;12.84959984
Rabinalto;21/06/2022 16:00;11.66590023
Rabinalto;21/06/2022 17:00;11.85410023
Rabinalto;21/06/2022 18:00;11.90789986
Rabinalto;21/06/2022 19:00;12.36530018
Rabinalto;21/06/2022 20:00;11.22480011
Rabinalto;21/06/2022 21:00;10.53100014
Rabinalto;21/06/2022 22:00;10.0309
Rabinalto;21/06/2022 23:00;9.686800003
Rabinalto;22/06/2022 0:00;9.418000221
Rabinalto;22/06/2022 1:00;8.740699768
Rabinalto;22/06/2022 2:00;8.063500404
Rabinalto;22/06/2022 3:00;7.558400154
Rabinalto;22/06/2022 4:00;7.305900097
Rabinalto;22/06/2022 5:00;7.12319994
Rabinalto;22/06/2022 6:00;6.816999912
Rabinalto;22/06/2022 7:00;6.854599953
Rabinalto;22/06/2022 8:00;7.923799992
Rabinalto;22/06/2022 9:00;10.03629971
Rabinalto;22/06/2022 10:00;11.45610046
Rabinalto;22/06/2022 11:00;13.06480026
Rabinalto;22/06/2022 12:00;13.66230011
Rabinalto;22/06/2022 13:00;15.14280033
Rabinalto;22/06/2022 14:00;13.62460041
Rabinalto;22/06/2022 15:00;13.03789997
Rabinalto;22/06/2022 16:00;12.93570042
Rabinalto;22/06/2022 17:00;16.12849998
Rabinalto;22/06/2022 18:00;14.87899971
Rabinalto;22/06/2022 19:00;13.83990002
Rabinalto;22/06/2022 20:00;12.65579987
Rabinalto;22/06/2022 21:00;11.63360023
Rabinalto;22/06/2022 22:00;11.02040005
Rabinalto;22/06/2022 23:00;10.54170036
Rabinalto;23/06/2022 0:00;10.12230015
Rabinalto;23/06/2022 1:00;10.0309
Rabinalto;23/06/2022 2:00;9.885700226
Rabinalto;23/06/2022 3:00;9.713700294
Rabinalto;23/06/2022 4:00;9.557700157
Rabinalto;23/06/2022 5:00;9.40719986
Rabinalto;23/06/2022 6:00;9.229800224
Rabinalto;23/06/2022 7:00;9.154600143
Rabinalto;23/06/2022 8:00;9.848099709
Rabinalto;23/06/2022 9:00;10.57940006
Rabinalto;23/06/2022 10:00;12.08549976
Rabinalto;23/06/2022 11:00;12.42450047
Rabinalto;23/06/2022 12:00;13.37699986
Rabinalto;23/06/2022 13:00;15.73530006
Rabinalto;23/06/2022 14:00;15.63829994
Rabinalto;23/06/2022 15:00;14.98670006
Rabinalto;23/06/2022 16:00;13.54920006
Rabinalto;23/06/2022 17:00;12.15540028
Rabinalto;23/06/2022 18:00;10.9236002
Rabinalto;23/06/2022 19:00;11.1171999
Rabinalto;23/06/2022 20:00;10.5685997
Rabinalto;23/06/2022 21:00;9.815799713
Rabinalto;23/06/2022 22:00;9.396499634
Rabinalto;23/06/2022 23:00;9.122300148
Rabinalto;24/06/2022 0:00;8.85890007
Rabinalto;24/06/2022 1:00;8.514900208
Rabinalto;24/06/2022 2:00;8.455800056
Rabinalto;24/06/2022 3:00;8.38599968
Rabinalto;24/06/2022 4:00;8.310700417
Rabinalto;24/06/2022 5:00;8.122599602
Rabinalto;24/06/2022 6:00;8.020500183
Rabinalto;24/06/2022 7:00;8.46119976
Rabinalto;24/06/2022 8:00;9.192199707
Rabinalto;24/06/2022 9:00;10.31589985
Rabinalto;24/06/2022 10:00;11.49909973
Rabinalto;24/06/2022 11:00;14.05519962
Rabinalto;24/06/2022 12:00;16.52709961
Rabinalto;24/06/2022 13:00;18.61800003
Rabinalto;24/06/2022 14:00;20.21409988
Rabinalto;24/06/2022 15:00;17.55620003
Rabinalto;24/06/2022 16:00;15.75139999
Rabinalto;24/06/2022 17:00;14.35130024
Rabinalto;24/06/2022 18:00;13.54380035
Rabinalto;24/06/2022 19:00;12.69349957
Rabinalto;24/06/2022 20:00;12.05860043
Rabinalto;24/06/2022 21:00;11.47220039
Rabinalto;24/06/2022 22:00;10.95049953
Rabinalto;24/06/2022 23:00;10.63850021
Rabinalto;25/06/2022 0:00;10.31589985
Rabinalto;25/06/2022 1:00;10.05780029
Rabinalto;25/06/2022 2:00;9.864199638
Rabinalto;25/06/2022 3:00;9.681400299
Rabinalto;25/06/2022 4:00;9.50399971
Rabinalto;25/06/2022 5:00;9.326600075
Rabinalto;25/06/2022 6:00;9.057800293
Rabinalto;25/06/2022 7:00;9.272800446
Rabinalto;25/06/2022 8:00;9.993200302
Rabinalto;25/06/2022 9:00;10.72990036
Rabinalto;25/06/2022 10:00;12.80650043
Rabinalto;25/06/2022 11:00;15.43360043
Rabinalto;25/06/2022 12:00;17.88500023
Rabinalto;25/06/2022 13:00;19.56690025
Rabinalto;25/06/2022 14:00;20.79660034
Rabinalto;25/06/2022 15:00;20.53770065
Rabinalto;25/06/2022 16:00;19.0170002
Rabinalto;25/06/2022 17:00;17.64249992
Rabinalto;25/06/2022 18:00;15.86989975
Rabinalto;25/06/2022 19:00;15.1590004
Rabinalto;25/06/2022 20:00;13.26399994
Rabinalto;25/06/2022 21:00;11.66049957
Rabinalto;25/06/2022 22:00;10.52019978
Rabinalto;25/06/2022 23:00;9.896499634
Rabinalto;26/06/2022 0:00;9.181400299
Rabinalto;26/06/2022 1:00;8.617099762
Rabinalto;26/06/2022 2:00;8.278499603
Rabinalto;26/06/2022 3:00;7.762599945
Rabinalto;26/06/2022 4:00;7.262899876
Rabinalto;26/06/2022 5:00;6.838500023
Rabinalto;26/06/2022 6:00;6.731100082
Rabinalto;26/06/2022 7:00;7.268300056
Rabinalto;26/06/2022 8:00;8.170999527
Rabinalto;26/06/2022 9:00;9.288900375
Rabinalto;26/06/2022 10:00;9.606100082
Rabinalto;26/06/2022 11:00;10.5632
Rabinalto;26/06/2022 12:00;12.21459961
Rabinalto;26/06/2022 13:00;14.38899994
Rabinalto;26/06/2022 14:00;12.91409969
Rabinalto;26/06/2022 15:00;13.14560032
Rabinalto;26/06/2022 16:00;13.85070038
Rabinalto;26/06/2022 17:00;13.59230042
Rabinalto;26/06/2022 18:00;12.28460026
Rabinalto;26/06/2022 19:00;11.82719994
Rabinalto;26/06/2022 20:00;11.11180019
Rabinalto;26/06/2022 21:00;10.1814003
Rabinalto;26/06/2022 22:00;9.541600227
Rabinalto;26/06/2022 23:00;9.079299927
Rabinalto;27/06/2022 0:00;8.756799698
Rabinalto;27/06/2022 1:00;8.482700348
Rabinalto;27/06/2022 2:00;8.267700195
Rabinalto;27/06/2022 3:00;8.0958004
Rabinalto;27/06/2022 4:00;7.531599998
Rabinalto;27/06/2022 5:00;6.929900169
Rabinalto;27/06/2022 6:00;6.586100101
Rabinalto;27/06/2022 7:00;6.747200012
Rabinalto;27/06/2022 8:00;7.62830019
Rabinalto;27/06/2022 9:00;9.805100441
Rabinalto;27/06/2022 10:00;12.49440002
Rabinalto;27/06/2022 11:00;14.67440033
Rabinalto;27/06/2022 12:00;16.12310028
Rabinalto;27/06/2022 13:00;17.34609985
Rabinalto;27/06/2022 14:00;16.94190025
Rabinalto;27/06/2022 15:00;16.86109924
Rabinalto;27/06/2022 16:00;16.73180008
Rabinalto;27/06/2022 17:00;18.61800003
Rabinalto;27/06/2022 18:00;17.7772007
Rabinalto;27/06/2022 19:00;16.25239944
Rabinalto;27/06/2022 20:00;14.26519966
Rabinalto;27/06/2022 21:00;12.72579956
Rabinalto;27/06/2022 22:00;11.54749966
Rabinalto;27/06/2022 23:00;10.80519962
Rabinalto;28/06/2022 0:00;10.40190029
Rabinalto;28/06/2022 1:00;10.52560043
Rabinalto;28/06/2022 2:00;10.35890007
Rabinalto;28/06/2022 3:00;9.595399857
Rabinalto;28/06/2022 4:00;8.993300438
Rabinalto;28/06/2022 5:00;8.633199692
Rabinalto;28/06/2022 6:00;8.343000412
Rabinalto;28/06/2022 7:00;8.439700127
Rabinalto;28/06/2022 8:00;8.918000221
Rabinalto;28/06/2022 9:00;10.26749992
Rabinalto;28/06/2022 10:00;12.99489975
Rabinalto;28/06/2022 11:00;16.10149956
Rabinalto;28/06/2022 12:00;18.96850014
Rabinalto;28/06/2022 13:00;21.42779922
Rabinalto;28/06/2022 14:00;23.27339935
Rabinalto;28/06/2022 15:00;24.06710052
Rabinalto;28/06/2022 16:00;23.91589928
Rabinalto;28/06/2022 17:00;22.6257
Rabinalto;28/06/2022 18:00;20.5753994
Rabinalto;28/06/2022 19:00;18.33769989
Rabinalto;28/06/2022 20:00;16.23620033
Rabinalto;28/06/2022 21:00;14.56130028
Rabinalto;28/06/2022 22:00;13.32849979
Rabinalto;28/06/2022 23:00;12.41909981
Rabinalto;29/06/2022 0:00;11.83259964
Rabinalto;29/06/2022 1:00;11.22480011
Rabinalto;29/06/2022 2:00;10.79990005
Rabinalto;29/06/2022 3:00;10.42339993
Rabinalto;29/06/2022 4:00;10.0255003
Rabinalto;29/06/2022 5:00;9.713700294
Rabinalto;29/06/2022 6:00;9.439499855
Rabinalto;29/06/2022 7:00;9.573900223
Rabinalto;29/06/2022 8:00;10.36429977
Rabinalto;29/06/2022 9:00;12.20919991
Rabinalto;29/06/2022 10:00;14.02830029
Rabinalto;29/06/2022 11:00;15.61680031
Rabinalto;29/06/2022 12:00;15.6491003
Rabinalto;29/06/2022 13:00;16.30080032
Rabinalto;29/06/2022 14:00;15.82139969
Rabinalto;29/06/2022 15:00;17.84729958
Rabinalto;29/06/2022 16:00;20.64019966
Rabinalto;29/06/2022 17:00;21.4817009
Rabinalto;29/06/2022 18:00;19.35129929
Rabinalto;29/06/2022 19:00;17.32449913
Rabinalto;29/06/2022 20:00;15.4282999
Rabinalto;29/06/2022 21:00;13.80760002
Rabinalto;29/06/2022 22:00;12.64509964
Rabinalto;29/06/2022 23:00;11.79500008
Rabinalto;30/06/2022 0:00;11.32699966
Rabinalto;30/06/2022 1:00;10.97200012
Rabinalto;30/06/2022 2:00;10.49330044
Rabinalto;30/06/2022 3:00;10.04699993
Rabinalto;30/06/2022 4:00;9.643799782
Rabinalto;30/06/2022 5:00;9.305100441
Rabinalto;30/06/2022 6:00;9.084699631
Rabinalto;30/06/2022 7:00;8.918000221
Rabinalto;30/06/2022 8:00;9.138400078
Rabinalto;30/06/2022 9:00;10.27820015
Rabinalto;30/06/2022 10:00;12.4513998
Rabinalto;30/06/2022 11:00;15.40670013
Rabinalto;30/06/2022 12:00;19.08709908
Rabinalto;30/06/2022 13:00;21.28750038
Rabinalto;30/06/2022 14:00;22.77140045
Rabinalto;30/06/2022 15:00;23.98069954
Rabinalto;30/06/2022 16:00;23.94829941
Rabinalto;30/06/2022 17:00;22.66349983
Rabinalto;30/06/2022 18:00;20.54310036
Rabinalto;30/06/2022 19:00;18.03050041
Rabinalto;30/06/2022 20:00;15.79450035
Rabinalto;30/06/2022 21:00;13.95829964
Rabinalto;30/06/2022 22:00;12.4460001
Rabinalto;30/06/2022 23:00;11.31620026
Rabinalto;01/07/2022 0:00;10.74610043
Rabinalto;01/07/2022 1:00;10.21370029
Rabinalto;01/07/2022 2:00;9.751299858
Rabinalto;01/07/2022 3:00;9.305100441
Rabinalto;01/07/2022 4:00;8.966400146
Rabinalto;01/07/2022 5:00;8.703000069
Rabinalto;01/07/2022 6:00;8.536399841
Rabinalto;01/07/2022 7:00;8.686900139
Rabinalto;01/07/2022 8:00;9.348099709
Rabinalto;01/07/2022 9:00;11.47220039
Rabinalto;01/07/2022 10:00;14.52359962
Rabinalto;01/07/2022 11:00;17.9442997
Rabinalto;01/07/2022 12:00;21.01239967
Rabinalto;01/07/2022 13:00;23.65130043
Rabinalto;01/07/2022 14:00;25.70350075
Rabinalto;01/07/2022 15:00;26.86510086
Rabinalto;01/07/2022 16:00;26.93540001
Rabinalto;01/07/2022 17:00;25.50359917
Rabinalto;01/07/2022 18:00;23.35440063
Rabinalto;01/07/2022 19:00;20.78580093
Rabinalto;01/07/2022 20:00;18.19759941
Rabinalto;01/07/2022 21:00;16.21459961
Rabinalto;01/07/2022 22:00;14.60439968
Rabinalto;01/07/2022 23:00;13.60840034
Rabinalto;02/07/2022 0:00;12.82800007
Rabinalto;02/07/2022 1:00;12.22000027
Rabinalto;02/07/2022 2:00;11.78419971
Rabinalto;02/07/2022 3:00;11.38080025
Rabinalto;02/07/2022 4:00;11.00959969
Rabinalto;02/07/2022 5:00;10.64389992
Rabinalto;02/07/2022 6:00;10.47719955
Rabinalto;02/07/2022 7:00;10.83209991
Rabinalto;02/07/2022 8:00;11.74650002
Rabinalto;02/07/2022 9:00;13.80760002
Rabinalto;02/07/2022 10:00;16.68869972
Rabinalto;02/07/2022 11:00;19.97139931
Rabinalto;02/07/2022 12:00;23.24110031
Rabinalto;02/07/2022 13:00;26.00060081
Rabinalto;02/07/2022 14:00;27.18400002
Rabinalto;02/07/2022 15:00;27.50830078
Rabinalto;02/07/2022 16:00;27.84339905
Rabinalto;02/07/2022 17:00;26.3302002
Rabinalto;02/07/2022 18:00;23.8295002
Rabinalto;02/07/2022 19:00;21.39539909
Rabinalto;02/07/2022 20:00;19.64780045
Rabinalto;02/07/2022 21:00;17.80949974
Rabinalto;02/07/2022 22:00;16.18770027
Rabinalto;02/07/2022 23:00;15.4282999
Rabinalto;03/07/2022 0:00;14.66899967
Rabinalto;03/07/2022 1:00;14.09829998
Rabinalto;03/07/2022 2:00;13.74839973
Rabinalto;03/07/2022 3:00;13.36079979
Rabinalto;03/07/2022 4:00;13.11859989
Rabinalto;03/07/2022 5:00;12.90880013
Rabinalto;03/07/2022 6:00;12.69349957
Rabinalto;03/07/2022 7:00;12.81729984
Rabinalto;03/07/2022 8:00;14.30819988
Rabinalto;03/07/2022 9:00;15.4229002
Rabinalto;03/07/2022 10:00;17.44849968
Rabinalto;03/07/2022 11:00;20.79660034
Rabinalto;03/07/2022 12:00;20.44599915
Rabinalto;03/07/2022 13:00;17.23290062
Rabinalto;03/07/2022 14:00;15.04049969
Rabinalto;03/07/2022 15:00;13.03789997
Rabinalto;03/07/2022 16:00;13.31779957
Rabinalto;03/07/2022 17:00;14.84130001
Rabinalto;03/07/2022 18:00;14.44820023
Rabinalto;03/07/2022 19:00;14.4375
Rabinalto;03/07/2022 20:00;13.8991003
Rabinalto;03/07/2022 21:00;12.76350021
Rabinalto;03/07/2022 22:00;11.98859978
Rabinalto;03/07/2022 23:00;11.4776001
Rabinalto;04/07/2022 0:00;11.17640018
Rabinalto;04/07/2022 1:00;10.84829998
Rabinalto;04/07/2022 2:00;10.5632
Rabinalto;04/07/2022 3:00;10.31050014
Rabinalto;04/07/2022 4:00;10.13300037
Rabinalto;04/07/2022 5:00;9.939499855
Rabinalto;04/07/2022 6:00;9.821200371
Rabinalto;04/07/2022 7:00;10.04699993
Rabinalto;04/07/2022 8:00;10.73530006
Rabinalto;04/07/2022 9:00;12.68270016
Rabinalto;04/07/2022 10:00;15.4982996
Rabinalto;04/07/2022 11:00;18.42399979
Rabinalto;04/07/2022 12:00;19.88509941
Rabinalto;04/07/2022 13:00;19.8635006
Rabinalto;04/07/2022 14:00;18.95770073
Rabinalto;04/07/2022 15:00;16.44630051
Rabinalto;04/07/2022 16:00;17.18980026
Rabinalto;04/07/2022 17:00;16.84499931
Rabinalto;04/07/2022 18:00;17.4538002
Rabinalto;04/07/2022 19:00;17.41069984
Rabinalto;04/07/2022 20:00;16.06920052
Rabinalto;04/07/2022 21:00;14.45899963
Rabinalto;04/07/2022 22:00;13.26930046
Rabinalto;04/07/2022 23:00;12.59130001
Rabinalto;05/07/2022 0:00;12.09090042
Rabinalto;05/07/2022 1:00;11.68739986
Rabinalto;05/07/2022 2:00;11.32159996
Rabinalto;05/07/2022 3:00;11.12790012
Rabinalto;05/07/2022 4:00;11.10109997
Rabinalto;05/07/2022 5:00;10.78369999
Rabinalto;05/07/2022 6:00;10.5685997
Rabinalto;05/07/2022 7:00;10.63850021
Rabinalto;05/07/2022 8:00;11.47220039
Rabinalto;05/07/2022 9:00;13.35009956
Rabinalto;05/07/2022 10:00;15.62749958
Rabinalto;05/07/2022 11:00;18.04129982
Rabinalto;05/07/2022 12:00;21.26589966
Rabinalto;05/07/2022 13:00;23.57579994
Rabinalto;05/07/2022 14:00;24.2507
Rabinalto;05/07/2022 15:00;20.02529907
Rabinalto;05/07/2022 16:00;17.39999962
Rabinalto;05/07/2022 17:00;14.31900024
Rabinalto;05/07/2022 18:00;13.90450001
Rabinalto;05/07/2022 19:00;13.76990032
Rabinalto;05/07/2022 20:00;14.11439991
Rabinalto;05/07/2022 21:00;13.63529968
Rabinalto;05/07/2022 22:00;12.48900032
Rabinalto;05/07/2022 23:00;11.94019985
Rabinalto;06/07/2022 0:00;11.76270008
Rabinalto;06/07/2022 1:00;11.28929996
Rabinalto;06/07/2022 2:00;11.19789982
Rabinalto;06/07/2022 3:00;11.24629974
Rabinalto;06/07/2022 4:00;11.18169975
Rabinalto;06/07/2022 5:00;10.86979961
Rabinalto;06/07/2022 6:00;10.42339993
Rabinalto;06/07/2022 7:00;10.48260021
Rabinalto;06/07/2022 8:00;11.02040005
Rabinalto;06/07/2022 9:00;12.43519974
Rabinalto;06/07/2022 10:00;14.41590023
Rabinalto;06/07/2022 11:00;16.80730057
Penauta;21/06/2021 12:00;23.13069916
Penauta;21/06/2021 13:00;23.21120071
Penauta;21/06/2021 14:00;23.2541008
Penauta;21/06/2021 15:00;23.3560009
Penauta;21/06/2021 16:00;23.54910088
Penauta;21/06/2021 17:00;23.53300095
Penauta;21/06/2021 18:00;23.41500092
Penauta;21/06/2021 19:00;23.28089905
Penauta;21/06/2021 20:00;23.1522007
Penauta;21/06/2021 21:00;23.02879906
Penauta;21/06/2021 22:00;22.92160034
Penauta;21/06/2021 23:00;22.82500076
Penauta;22/06/2021 0:00;22.7446003
Penauta;22/06/2021 1:00;22.67490005
Penauta;22/06/2021 2:00;22.61059952
Penauta;22/06/2021 3:00;22.56229973
Penauta;22/06/2021 4:00;22.51399994
Penauta;22/06/2021 5:00;22.46579933
Penauta;22/06/2021 6:00;22.42289925
Penauta;22/06/2021 7:00;22.36930084
Penauta;22/06/2021 8:00;22.33169937
Penauta;22/06/2021 9:00;22.32099915
Penauta;22/06/2021 10:00;22.31570053
Penauta;22/06/2021 11:00;22.3477993
Penauta;22/06/2021 12:00;22.49799919
Penauta;22/06/2021 13:00;22.65880013
Penauta;22/06/2021 14:00;22.75530052
Penauta;22/06/2021 15:00;22.81970024
Penauta;22/06/2021 16:00;22.87870026
Penauta;22/06/2021 17:00;23.01810074
Penauta;22/06/2021 18:00;23.00740051
Penauta;22/06/2021 19:00;22.90010071
Penauta;22/06/2021 20:00;22.77140045
Penauta;22/06/2021 21:00;22.6427002
Penauta;22/06/2021 22:00;22.53009987
Penauta;22/06/2021 23:00;22.42819977
Penauta;23/06/2021 0:00;22.34250069
Penauta;23/06/2021 1:00;22.26740074
Penauta;23/06/2021 2:00;22.2031002
Penauta;23/06/2021 3:00;22.14410019
Penauta;23/06/2021 4:00;22.08510017
Penauta;23/06/2021 5:00;22.03149986
Penauta;23/06/2021 6:00;21.97249985
Penauta;23/06/2021 7:00;22.05830002
Penauta;23/06/2021 8:00;22.04220009
Penauta;23/06/2021 9:00;21.90279961
Penauta;23/06/2021 10:00;21.92429924
Penauta;23/06/2021 11:00;21.9993
Penauta;23/06/2021 12:00;22.22450066
Penauta;23/06/2021 13:00;22.37459946
Penauta;23/06/2021 14:00;22.55690002
Penauta;23/06/2021 15:00;22.6480999
Penauta;23/06/2021 16:00;22.56769943
Penauta;23/06/2021 17:00;22.4496994
Penauta;23/06/2021 18:00;22.3477993
Penauta;23/06/2021 19:00;22.25130081
Penauta;23/06/2021 20:00;22.17090034
Penauta;23/06/2021 21:00;22.0958004
Penauta;23/06/2021 22:00;22.03149986
Penauta;23/06/2021 23:00;21.97789955
Penauta;24/06/2021 0:00;21.92959976
Penauta;24/06/2021 1:00;21.88139915
Penauta;24/06/2021 2:00;21.83849907
Penauta;24/06/2021 3:00;21.79560089
Penauta;24/06/2021 4:00;21.75270081
Penauta;24/06/2021 5:00;21.70980072
Penauta;24/06/2021 6:00;21.66699982
Penauta;24/06/2021 7:00;21.62409973
Penauta;24/06/2021 8:00;19.8715992
Penauta;24/06/2021 9:00;19.04129982
Penauta;24/06/2021 10:00;23.7689991
Penauta;24/06/2021 11:00;34.25030136
Penauta;24/06/2021 12:00;17.05999947
Penauta;24/06/2021 13:00;17.52569962
Penauta;24/06/2021 14:00;18.67169952
Penauta;24/06/2021 15:00;17.24200058
Penauta;24/06/2021 16:00;16.65850067
Penauta;24/06/2021 17:00;15.62030029
Penauta;24/06/2021 18:00;14.94069958
Penauta;24/06/2021 19:00;14.82310009
Penauta;24/06/2021 20:00;13.90839958
Penauta;24/06/2021 21:00;12.74800014
Penauta;24/06/2021 22:00;11.44369984
Penauta;24/06/2021 23:00;10.43379974
Penauta;25/06/2021 0:00;9.616499901
Penauta;25/06/2021 1:00;8.980899811
Penauta;25/06/2021 2:00;8.473600388
Penauta;25/06/2021 3:00;8.041199684
Penauta;25/06/2021 4:00;7.667500019
Penauta;25/06/2021 5:00;7.373899937
Penauta;25/06/2021 6:00;7.096300125
Penauta;25/06/2021 7:00;7.15500021
Penauta;25/06/2021 8:00;9.119799614
Penauta;25/06/2021 9:00;11.91940022
Penauta;25/06/2021 10:00;14.11159992
Penauta;25/06/2021 11:00;13.01000023
Penauta;25/06/2021 12:00;13.66769981
Penauta;25/06/2021 13:00;14.41650009
Penauta;25/06/2021 14:00;16.08049965
Penauta;25/06/2021 15:00;15.95199966
Penauta;25/06/2021 16:00;15.52929974
Penauta;25/06/2021 17:00;14.90859985
Penauta;25/06/2021 18:00;14.10630035
Penauta;25/06/2021 19:00;13.50189972
Penauta;25/06/2021 20:00;13.18640041
Penauta;25/06/2021 21:00;12.43789959
Penauta;25/06/2021 22:00;11.44909954
Penauta;25/06/2021 23:00;10.70100021
Penauta;26/06/2021 0:00;10.02779961
Penauta;26/06/2021 1:00;9.424200058
Penauta;26/06/2021 2:00;9.08769989
Penauta;26/06/2021 3:00;8.71930027
Penauta;26/06/2021 4:00;8.190600395
Penauta;26/06/2021 5:00;8.051799774
Penauta;26/06/2021 6:00;7.939700127
Penauta;26/06/2021 7:00;8.131899834
Penauta;26/06/2021 8:00;9.79279995
Penauta;26/06/2021 9:00;12.02630043
Penauta;26/06/2021 10:00;14.64649963
Penauta;26/06/2021 11:00;16.40159988
Penauta;26/06/2021 12:00;17.77739906
Penauta;26/06/2021 13:00;18.37179947
Penauta;26/06/2021 14:00;19.3572998
Penauta;26/06/2021 15:00;19.78590012
Penauta;26/06/2021 16:00;19.41620064
Penauta;26/06/2021 17:00;19.2609005
Penauta;26/06/2021 18:00;17.67029953
Penauta;26/06/2021 19:00;16.05369949
Penauta;26/06/2021 20:00;14.69999981
Penauta;26/06/2021 21:00;13.62489986
Penauta;26/06/2021 22:00;12.38980007
Penauta;26/06/2021 23:00;11.42770004
Penauta;27/06/2021 0:00;10.67430019
Penauta;27/06/2021 1:00;10.20940018
Penauta;27/06/2021 2:00;9.819499969
Penauta;27/06/2021 3:00;9.381500244
Penauta;27/06/2021 4:00;9.11439991
Penauta;27/06/2021 5:00;8.874099731
Penauta;27/06/2021 6:00;8.553700447
Penauta;27/06/2021 7:00;8.48429966
Penauta;27/06/2021 8:00;8.532400131
Penauta;27/06/2021 9:00;9.066399574
Penauta;27/06/2021 10:00;10.9520998
Penauta;27/06/2021 11:00;14.13300037
Penauta;27/06/2021 12:00;16.97430038
Penauta;27/06/2021 13:00;17.97019958
Penauta;27/06/2021 14:00;18.65029907
Penauta;27/06/2021 15:00;19.57159996
Penauta;27/06/2021 16:00;18.49500084
Penauta;27/06/2021 17:00;17.76670074
Penauta;27/06/2021 18:00;17.1135006
Penauta;27/06/2021 19:00;15.97340012
Penauta;27/06/2021 20:00;14.46459961
Penauta;27/06/2021 21:00;12.78540039
Penauta;27/06/2021 22:00;11.1552
Penauta;27/06/2021 23:00;9.958399773
Penauta;28/06/2021 0:00;9.045000076
Penauta;28/06/2021 1:00;8.494999886
Penauta;28/06/2021 2:00;8.180000305
Penauta;28/06/2021 3:00;7.934400082
Penauta;28/06/2021 4:00;7.619400024
Penauta;28/06/2021 5:00;7.384500027
Penauta;28/06/2021 6:00;7.15500021
Penauta;28/06/2021 7:00;6.952199936
Penauta;28/06/2021 8:00;6.946899891
Penauta;28/06/2021 9:00;7.048299789
Penauta;28/06/2021 10:00;7.432600021
Penauta;28/06/2021 11:00;7.928999901
Penauta;28/06/2021 12:00;8.382900238
Penauta;28/06/2021 13:00;9.012999535
Penauta;28/06/2021 14:00;9.979700089
Penauta;28/06/2021 15:00;10.43379974
Penauta;28/06/2021 16:00;10.7329998
Penauta;28/06/2021 17:00;11.12310028
Penauta;28/06/2021 18:00;10.43379974
Penauta;28/06/2021 19:00;9.734000206
Penauta;28/06/2021 20:00;9.146499634
Penauta;28/06/2021 21:00;8.537699699
Penauta;28/06/2021 22:00;8.014499664
Penauta;28/06/2021 23:00;7.56069994
Penauta;29/06/2021 0:00;7.03760004
Penauta;29/06/2021 1:00;6.338500023
Penauta;29/06/2021 2:00;5.719600201
Penauta;29/06/2021 3:00;5.324800014
Penauta;29/06/2021 4:00;5.068699837
Penauta;29/06/2021 5:00;4.892700195
Penauta;29/06/2021 6:00;4.705999851
Penauta;29/06/2021 7:00;4.663400173
Penauta;29/06/2021 8:00;6.930900097
Penauta;29/06/2021 9:00;9.931699753
Penauta;29/06/2021 10:00;12.73729992
Penauta;29/06/2021 11:00;15.40620041
Penauta;29/06/2021 12:00;16.17140007
Penauta;29/06/2021 13:00;15.06379986
Penauta;29/06/2021 14:00;15.17080021
Penauta;29/06/2021 15:00;15.17080021
Penauta;29/06/2021 16:00;15.11190033
Penauta;29/06/2021 17:00;14.94610023
Penauta;29/06/2021 18:00;14.30420017
Penauta;29/06/2021 19:00;14.14369965
Penauta;29/06/2021 20:00;13.12759972
Penauta;29/06/2021 21:00;11.83390045
Penauta;29/06/2021 22:00;10.66359997
Penauta;29/06/2021 23:00;9.808799744
Penauta;30/06/2021 0:00;9.16779995
Penauta;30/06/2021 1:00;8.623100281
Penauta;30/06/2021 2:00;8.479000092
Penauta;30/06/2021 3:00;8.356200218
Penauta;30/06/2021 4:00;7.859600067
Penauta;30/06/2021 5:00;7.496600151
Penauta;30/06/2021 6:00;7.235099792
Penauta;30/06/2021 7:00;7.192399979
Penauta;30/06/2021 8:00;8.7833004
Penauta;30/06/2021 9:00;11.21389961
Penauta;30/06/2021 10:00;13.5340004
Penauta;30/06/2021 11:00;16.00550079
Penauta;30/06/2021 12:00;19.50729942
Penauta;30/06/2021 13:00;20.93799973
Penauta;30/06/2021 14:00;20.85759926
Penauta;30/06/2021 15:00;21.39360046
Penauta;30/06/2021 16:00;21.88669968
Penauta;30/06/2021 17:00;21.44179916
Penauta;30/06/2021 18:00;20.12879944
Penauta;30/06/2021 19:00;18.92340088
Penauta;30/06/2021 20:00;17.32760048
Penauta;30/06/2021 21:00;15.83969975
Penauta;30/06/2021 22:00;14.36299992
Penauta;30/06/2021 23:00;13.18640041
Penauta;01/07/2021 0:00;12.26690006
Penauta;01/07/2021 1:00;11.55060005
Penauta;01/07/2021 2:00;10.92539978
Penauta;01/07/2021 3:00;10.17199993
Penauta;01/07/2021 4:00;9.381500244
Penauta;01/07/2021 5:00;8.767299652
Penauta;01/07/2021 6:00;8.302800179
Penauta;01/07/2021 7:00;8.382900238
Penauta;01/07/2021 8:00;8.980899811
Penauta;01/07/2021 9:00;11.18719959
Penauta;01/07/2021 10:00;12.66779995
Penauta;01/07/2021 11:00;15.93060017
Penauta;01/07/2021 12:00;18.95019913
Penauta;01/07/2021 13:00;20.88979912
Penauta;01/07/2021 14:00;20.9701004
Penauta;01/07/2021 15:00;21.90819931
Penauta;01/07/2021 16:00;21.61870003
Penauta;01/07/2021 17:00;21.64550018
Penauta;01/07/2021 18:00;20.86829948
Penauta;01/07/2021 19:00;20.03770065
Penauta;01/07/2021 20:00;18.37709999
Penauta;01/07/2021 21:00;16.62639999
Penauta;01/07/2021 22:00;15.09049988
Penauta;01/07/2021 23:00;13.82820034
Penauta;02/07/2021 0:00;12.91380024
Penauta;02/07/2021 1:00;12.3203001
Penauta;02/07/2021 2:00;11.66819954
Penauta;02/07/2021 3:00;11.12839985
Penauta;02/07/2021 4:00;10.53530025
Penauta;02/07/2021 5:00;10.05449963
Penauta;02/07/2021 6:00;9.728699684
Penauta;02/07/2021 7:00;9.734000206
Penauta;02/07/2021 8:00;10.11859989
Penauta;02/07/2021 9:00;10.96809959
Penauta;02/07/2021 10:00;12.59829998
Penauta;02/07/2021 11:00;13.54469967
Penauta;02/07/2021 12:00;15.04240036
Penauta;02/07/2021 13:00;15.87709999
Penauta;02/07/2021 14:00;15.17619991
Penauta;02/07/2021 15:00;17.53650093
Penauta;02/07/2021 16:00;17.39719963
Penauta;02/07/2021 17:00;16.32670021
Penauta;02/07/2021 18:00;15.73260021
Penauta;02/07/2021 19:00;14.57159996
Penauta;02/07/2021 20:00;13.45919991
Penauta;02/07/2021 21:00;12.51280022
Penauta;02/07/2021 22:00;12.00489998
Penauta;02/07/2021 23:00;11.60410023
Penauta;03/07/2021 0:00;11.29409981
Penauta;03/07/2021 1:00;11.13910007
Penauta;03/07/2021 2:00;10.8132
Penauta;03/07/2021 3:00;10.64750004
Penauta;03/07/2021 4:00;10.50329971
Penauta;03/07/2021 5:00;9.819499969
Penauta;03/07/2021 6:00;8.964900017
Penauta;03/07/2021 7:00;8.532400131
Penauta;03/07/2021 8:00;9.771400452
Penauta;03/07/2021 9:00;10.98950005
Penauta;03/07/2021 10:00;14.64649963
Penauta;03/07/2021 11:00;17.34910011
Penauta;03/07/2021 12:00;19.48590088
Penauta;03/07/2021 13:00;20.29490089
Penauta;03/07/2021 14:00;19.95730019
Penauta;03/07/2021 15:00;20.13949966
Penauta;03/07/2021 16:00;20.70219994
Penauta;03/07/2021 17:00;21.08810043
Penauta;03/07/2021 18:00;20.4932003
Penauta;03/07/2021 19:00;19.15379906
Penauta;03/07/2021 20:00;17.25270081
Penauta;03/07/2021 21:00;15.52929974
Penauta;03/07/2021 22:00;14.09560013
Penauta;03/07/2021 23:00;13.05809975
Penauta;04/07/2021 0:00;12.26690006
Penauta;04/07/2021 1:00;11.33150005
Penauta;04/07/2021 2:00;10.69029999
Penauta;04/07/2021 3:00;10.02779961
Penauta;04/07/2021 4:00;9.36550045
Penauta;04/07/2021 5:00;9.007599831
Penauta;04/07/2021 6:00;8.852800369
Penauta;04/07/2021 7:00;8.633799553
Penauta;04/07/2021 8:00;9.456299782
Penauta;04/07/2021 9:00;10.80249977
Penauta;04/07/2021 10:00;12.23480034
Penauta;04/07/2021 11:00;14.86050034
Penauta;04/07/2021 12:00;16.55150032
Penauta;04/07/2021 13:00;19.28230095
Penauta;04/07/2021 14:00;19.34119987
Penauta;04/07/2021 15:00;18.85919952
Penauta;04/07/2021 16:00;19.4484005
Penauta;04/07/2021 17:00;18.48959923
Penauta;04/07/2021 18:00;17.55249977
Penauta;04/07/2021 19:00;16.8083992
Penauta;04/07/2021 20:00;15.69519997
Penauta;04/07/2021 21:00;14.66259956
Penauta;04/07/2021 22:00;13.5607996
Penauta;04/07/2021 23:00;12.48600006
Penauta;05/07/2021 0:00;11.47579956
Penauta;05/07/2021 1:00;10.90939999
Penauta;05/07/2021 2:00;10.51399994
Penauta;05/07/2021 3:00;10.15069962
Penauta;05/07/2021 4:00;10.10789967
Penauta;05/07/2021 5:00;9.985099792
Penauta;05/07/2021 6:00;9.872900009
Penauta;05/07/2021 7:00;9.830200195
Penauta;05/07/2021 8:00;11.08570004
Penauta;05/07/2021 9:00;13.20250034
Penauta;05/07/2021 10:00;15.8611002
Penauta;05/07/2021 11:00;18.4734993
Penauta;05/07/2021 12:00;20.35390091
Penauta;05/07/2021 13:00;21.7045002
Penauta;05/07/2021 14:00;22.35849953
Penauta;05/07/2021 15:00;22.32640076
Penauta;05/07/2021 16:00;21.87599945
Penauta;05/07/2021 17:00;20.48250008
Penauta;05/07/2021 18:00;19.44300079
Penauta;05/07/2021 19:00;18.16830063
Penauta;05/07/2021 20:00;16.65850067
Penauta;05/07/2021 21:00;15.29389954
Penauta;05/07/2021 22:00;14.0635004
Penauta;05/07/2021 23:00;12.97789955
Penauta;06/07/2021 0:00;12.01029968
Penauta;06/07/2021 1:00;11.10709953
Penauta;06/07/2021 2:00;10.28419971
Penauta;06/07/2021 3:00;9.691300392
Penauta;06/07/2021 4:00;9.125100136
Penauta;06/07/2021 5:00;8.516400337
Penauta;06/07/2021 6:00;8.014499664
Penauta;06/07/2021 7:00;7.640799999
Penauta;06/07/2021 8:00;9.237299919
Penauta;06/07/2021 9:00;12.27219963
Penauta;06/07/2021 10:00;15.45969963
Penauta;06/07/2021 11:00;18.53779984
Penauta;06/07/2021 12:00;21.01300049
Penauta;06/07/2021 13:00;22.62660027
Penauta;06/07/2021 14:00;23.48469925
Penauta;06/07/2021 15:00;23.73139954
Penauta;06/07/2021 16:00;23.37739944
Penauta;06/07/2021 17:00;22.1923008
Penauta;06/07/2021 18:00;20.79859924
Penauta;06/07/2021 19:00;18.74130058
Penauta;06/07/2021 20:00;16.66390038
Penauta;06/07/2021 21:00;15.13869953
Penauta;06/07/2021 22:00;14.02070045
Penauta;06/07/2021 23:00;13.0795002
Penauta;07/07/2021 0:00;12.34710026
Penauta;07/07/2021 1:00;11.24600029
Penauta;07/07/2021 2:00;10.71170044
Penauta;07/07/2021 3:00;10.41779995
Penauta;07/07/2021 4:00;10.10789967
Penauta;07/07/2021 5:00;9.755399704
Penauta;07/07/2021 6:00;9.162500381
Penauta;07/07/2021 7:00;9.018300056
Penauta;07/07/2021 8:00;8.996999741
Penauta;07/07/2021 9:00;9.221300125
Penauta;07/07/2021 10:00;9.718000412
Penauta;07/07/2021 11:00;11.37959957
Penauta;07/07/2021 12:00;12.09049988
Penauta;07/07/2021 13:00;13.58220005
Penauta;07/07/2021 14:00;15.03170013
Penauta;07/07/2021 15:00;16.04840088
Penauta;07/07/2021 16:00;14.90859985
Penauta;07/07/2021 17:00;14.43249989
Penauta;07/07/2021 18:00;13.77999973
Penauta;07/07/2021 19:00;12.83889961
Penauta;07/07/2021 20:00;12.0958004
Penauta;07/07/2021 21:00;11.38500023
Penauta;07/07/2021 22:00;10.75440025
Penauta;07/07/2021 23:00;10.23620033
Penauta;08/07/2021 0:00;9.718000412
Penauta;08/07/2021 1:00;9.05039978
Penauta;08/07/2021 2:00;8.356200218
Penauta;08/07/2021 3:00;7.667500019
Penauta;08/07/2021 4:00;7.165699959
Penauta;08/07/2021 5:00;6.765399933
Penauta;08/07/2021 6:00;6.434500217
Penauta;08/07/2021 7:00;6.317200184
Penauta;08/07/2021 8:00;8.43089962
Penauta;08/07/2021 9:00;11.61480045
Penauta;08/07/2021 10:00;14.91930008
Penauta;08/07/2021 11:00;18.03440094
Penauta;08/07/2021 12:00;19.16449928
Penauta;08/07/2021 13:00;18.8913002
Penauta;08/07/2021 14:00;18.08799934
Penauta;08/07/2021 15:00;18.82699966
Penauta;08/07/2021 16:00;19.60370064
Penauta;08/07/2021 17:00;18.53240013
Penauta;08/07/2021 18:00;18.40929985
Penauta;08/07/2021 19:00;17.75600052
Penauta;08/07/2021 20:00;16.03230095
Penauta;08/07/2021 21:00;14.65719986
Penauta;08/07/2021 22:00;13.18109989
Penauta;08/07/2021 23:00;12.11190033
Penauta;09/07/2021 0:00;11.28339958
Penauta;09/07/2021 1:00;10.71700001
Penauta;09/07/2021 2:00;10.2201004
Penauta;09/07/2021 3:00;9.787400246
Penauta;09/07/2021 4:00;9.456299782
Penauta;09/07/2021 5:00;9.109100342
Penauta;09/07/2021 6:00;8.740599632
Penauta;09/07/2021 7:00;8.575099945
Penauta;09/07/2021 8:00;10.17199993
Penauta;09/07/2021 9:00;12.73200035
Penauta;09/07/2021 10:00;16.06979942
Penauta;09/07/2021 11:00;19.21800041
Penauta;09/07/2021 12:00;21.92959976
Penauta;09/07/2021 13:00;23.66710091
Penauta;09/07/2021 14:00;24.73460007
Penauta;09/07/2021 15:00;24.97610092
Penauta;09/07/2021 16:00;24.68630028
Penauta;09/07/2021 17:00;24.08009911
Penauta;09/07/2021 18:00;22.73920059
Penauta;09/07/2021 19:00;21.49010086
Penauta;09/07/2021 20:00;19.90909958
Penauta;09/07/2021 21:00;18.21109962
Penauta;09/07/2021 22:00;16.43370056
Penauta;09/07/2021 23:00;15.08520031
Penauta;10/07/2021 0:00;13.99400043
Penauta;10/07/2021 1:00;13.11690044
Penauta;10/07/2021 2:00;12.16530037
Penauta;10/07/2021 3:00;11.65219975
Penauta;10/07/2021 4:00;11.0909996
Penauta;10/07/2021 5:00;10.71170044
Penauta;10/07/2021 6:00;10.20409966
Penauta;10/07/2021 7:00;9.953000069
Penauta;10/07/2021 8:00;11.5934
Penauta;10/07/2021 9:00;14.27210045
Penauta;10/07/2021 10:00;17.52039909
Penauta;10/07/2021 11:00;20.4932003
Penauta;10/07/2021 12:00;22.94300079
Penauta;10/07/2021 13:00;24.64340019
Penauta;10/07/2021 14:00;25.64690018
Penauta;10/07/2021 15:00;26.05480003
Penauta;10/07/2021 16:00;25.78109932
Penauta;10/07/2021 17:00;24.92239952
Penauta;10/07/2021 18:00;23.92989922
Penauta;10/07/2021 19:00;22.63739967
Penauta;10/07/2021 20:00;20.94330025
Penauta;10/07/2021 21:00;19.22879982
Penauta;10/07/2021 22:00;17.46150017
Penauta;10/07/2021 23:00;16.04299927
Penauta;11/07/2021 0:00;14.91930008
Penauta;11/07/2021 1:00;14.1008997
Penauta;11/07/2021 2:00;13.44309998
Penauta;11/07/2021 3:00;13.1008997
Penauta;11/07/2021 4:00;12.76399994
Penauta;11/07/2021 5:00;12.4005003
Penauta;11/07/2021 6:00;12.07979965
Penauta;11/07/2021 7:00;11.8767004
Penauta;11/07/2021 8:00;12.96189976
Penauta;11/07/2021 9:00;15.67380047
Penauta;11/07/2021 10:00;18.78949928
Penauta;11/07/2021 11:00;22.06900024
Penauta;11/07/2021 12:00;24.54680061
Penauta;11/07/2021 13:00;26.19440079
Penauta;11/07/2021 14:00;27.14999962
Penauta;11/07/2021 15:00;27.5795002
Penauta;11/07/2021 16:00;27.33250046
Penauta;11/07/2021 17:00;26.50569916
Penauta;11/07/2021 18:00;25.04579926
Penauta;11/07/2021 19:00;23.5060997
Penauta;11/07/2021 20:00;21.85989952
Penauta;11/07/2021 21:00;20.03240013
Penauta;11/07/2021 22:00;18.28610039
Penauta;11/07/2021 23:00;16.73880005
Penauta;12/07/2021 0:00;15.40089989
Penauta;12/07/2021 1:00;14.26140022
Penauta;12/07/2021 2:00;13.39500046
Penauta;12/07/2021 3:00;12.47539997
Penauta;12/07/2021 4:00;11.51860046
Penauta;12/07/2021 5:00;10.65820026
Penauta;12/07/2021 6:00;9.867500305
Penauta;12/07/2021 7:00;9.595100403
Penauta;12/07/2021 8:00;9.541700363
Penauta;12/07/2021 9:00;10.01179981
Penauta;12/07/2021 10:00;10.50329971
Penauta;12/07/2021 11:00;11.16590023
Penauta;12/07/2021 12:00;11.24600029
Penauta;12/07/2021 13:00;11.70030022
Penauta;12/07/2021 14:00;12.11190033
Penauta;12/07/2021 15:00;11.89799976
Penauta;12/07/2021 16:00;11.52390003
Penauta;12/07/2021 17:00;11.37959957
Penauta;12/07/2021 18:00;11.25139999
Penauta;12/07/2021 19:00;10.3803997
Penauta;12/07/2021 20:00;9.69659996
Penauta;12/07/2021 21:00;9.039699554
Penauta;12/07/2021 22:00;8.463000298
Penauta;12/07/2021 23:00;8.078499794
Penauta;13/07/2021 0:00;7.662099838
Penauta;13/07/2021 1:00;7.44329977
Penauta;13/07/2021 2:00;7.219099998
Penauta;13/07/2021 3:00;6.978899956
Penauta;13/07/2021 4:00;6.824100018
Penauta;13/07/2021 5:00;6.744100094
Penauta;13/07/2021 6:00;6.653299809
Penauta;13/07/2021 7:00;6.738699913
Penauta;13/07/2021 8:00;7.5072999
Penauta;13/07/2021 9:00;8.788700104
Penauta;13/07/2021 10:00;11.56130028
Penauta;13/07/2021 11:00;15.76469994
Penauta;13/07/2021 12:00;18.84840012
Penauta;13/07/2021 13:00;20.96479988
Penauta;13/07/2021 14:00;21.83309937
Penauta;13/07/2021 15:00;22.42289925
Penauta;13/07/2021 16:00;22.22990036
Penauta;13/07/2021 17:00;21.45789909
Penauta;13/07/2021 18:00;20.11269951
Penauta;13/07/2021 19:00;18.77350044
Penauta;13/07/2021 20:00;16.91539955
Penauta;13/07/2021 21:00;15.28849983
Penauta;13/07/2021 22:00;13.86559963
Penauta;13/07/2021 23:00;12.42720032
Penauta;14/07/2021 0:00;11.14449978
Penauta;14/07/2021 1:00;10.13459969
Penauta;14/07/2021 2:00;9.488300323
Penauta;14/07/2021 3:00;8.767299652
Penauta;14/07/2021 4:00;8.211999893
Penauta;14/07/2021 5:00;7.683499813
Penauta;14/07/2021 6:00;7.437900066
Penauta;14/07/2021 7:00;7.395199776
Penauta;14/07/2021 8:00;9.418899536
Penauta;14/07/2021 9:00;12.625
Penauta;14/07/2021 10:00;16.00020027
Penauta;14/07/2021 11:00;18.4734993
Penauta;14/07/2021 12:00;21.17919922
Penauta;14/07/2021 13:00;23.17900085
Penauta;14/07/2021 14:00;24.3321991
Penauta;14/07/2021 15:00;24.69169998
Penauta;14/07/2021 16:00;24.10689926
Penauta;14/07/2021 17:00;23.2003994
Penauta;14/07/2021 18:00;21.97249985
Penauta;14/07/2021 19:00;20.41819954
Penauta;14/07/2021 20:00;18.63419914
Penauta;14/07/2021 21:00;16.86730003
Penauta;14/07/2021 22:00;15.20829964
Penauta;14/07/2021 23:00;14.01000023
Penauta;15/07/2021 0:00;13.04209995
Penauta;15/07/2021 1:00;12.26690006
Penauta;15/07/2021 2:00;11.57740021
Penauta;15/07/2021 3:00;11.07499981
Penauta;15/07/2021 4:00;10.29489994
Penauta;15/07/2021 5:00;9.926300049
Penauta;15/07/2021 6:00;9.568400383
Penauta;15/07/2021 7:00;9.547100067
Penauta;15/07/2021 8:00;11.39560032
Penauta;15/07/2021 9:00;14.12769985
Penauta;15/07/2021 10:00;17.39719963
Penauta;15/07/2021 11:00;20.41279984
Penauta;15/07/2021 12:00;23.16830063
Penauta;15/07/2021 13:00;24.92779922
Penauta;15/07/2021 14:00;25.99040031
Penauta;15/07/2021 15:00;26.67210007
Penauta;15/07/2021 16:00;26.79019928
Penauta;15/07/2021 17:00;25.72200012
Penauta;15/07/2021 18:00;24.60050011
Penauta;15/07/2021 19:00;22.93770027
Penauta;15/07/2021 20:00;20.94330025
Penauta;15/07/2021 21:00;19.03590012
Penauta;15/07/2021 22:00;17.28479958
Penauta;15/07/2021 23:00;15.90919971
Penauta;16/07/2021 0:00;14.64649963
Penauta;16/07/2021 1:00;13.26669979
Penauta;16/07/2021 2:00;12.38980007
Penauta;16/07/2021 3:00;11.79650021
Penauta;16/07/2021 4:00;11.33150005
Penauta;16/07/2021 5:00;10.98950005
Penauta;16/07/2021 6:00;10.54599953
Penauta;16/07/2021 7:00;10.28960037
Penauta;16/07/2021 8:00;12.22410011
Penauta;16/07/2021 9:00;15.36340046
Penauta;16/07/2021 10:00;18.90740013
Penauta;16/07/2021 11:00;22.22990036
Penauta;16/07/2021 12:00;24.9116993
Penauta;16/07/2021 13:00;27.13389969
Penauta;16/07/2021 14:00;28.42810059
Penauta;16/07/2021 15:00;28.50869942
Penauta;16/07/2021 16:00;28.34219933
Penauta;16/07/2021 17:00;27.37549973
Penauta;16/07/2021 18:00;26.28560066
Penauta;16/07/2021 19:00;24.68630028
Penauta;16/07/2021 20:00;22.71780014
Penauta;16/07/2021 21:00;20.64319992
Penauta;16/07/2021 22:00;18.82699966
Penauta;16/07/2021 23:00;17.3864994
Penauta;17/07/2021 0:00;16.24099922
Penauta;17/07/2021 1:00;15.26710033
Penauta;17/07/2021 2:00;14.29880047
Penauta;17/07/2021 3:00;13.19180012
Penauta;17/07/2021 4:00;12.48069954
Penauta;17/07/2021 5:00;11.99429989
Penauta;17/07/2021 6:00;11.70559978
Penauta;17/07/2021 7:00;11.66289997
Penauta;17/07/2021 8:00;14.0795002
Penauta;17/07/2021 9:00;17.8362999
Penauta;17/07/2021 10:00;21.61330032
Penauta;17/07/2021 11:00;24.89559937
Penauta;17/07/2021 12:00;27.77289963
Penauta;17/07/2021 13:00;29.71750069
Penauta;17/07/2021 14:00;30.8784008
Penauta;17/07/2021 15:00;31.12560081
Penauta;17/07/2021 16:00;30.38920021
Penauta;17/07/2021 17:00;29.11569977
Penauta;17/07/2021 18:00;27.37010002
Penauta;17/07/2021 19:00;25.49119949
Penauta;17/07/2021 20:00;23.60810089
Penauta;17/07/2021 21:00;21.70980072
Penauta;17/07/2021 22:00;19.86630058
Penauta;17/07/2021 23:00;18.31819916
Penauta;18/07/2021 0:00;17.00110054
Penauta;18/07/2021 1:00;15.91460037
Penauta;18/07/2021 2:00;14.96749973
Penauta;18/07/2021 3:00;14.0635004
Penauta;18/07/2021 4:00;13.11690044
Penauta;18/07/2021 5:00;12.44330025
Penauta;18/07/2021 6:00;12.02630043
Penauta;18/07/2021 7:00;11.85529995
Penauta;18/07/2021 8:00;13.95650005
Penauta;18/07/2021 9:00;17.39189911
Penauta;18/07/2021 10:00;21.13629913
Penauta;18/07/2021 11:00;24.40730095
Penauta;18/07/2021 12:00;27.14459991
Penauta;18/07/2021 13:00;29.27149963
Penauta;18/07/2021 14:00;30.38920021
Penauta;18/07/2021 15:00;30.52899933
Penauta;18/07/2021 16:00;30.11520004
Penauta;18/07/2021 17:00;28.95459938
Penauta;18/07/2021 18:00;27.3003006
Penauta;18/07/2021 19:00;25.35169983
Penauta;18/07/2021 20:00;23.18969917
Penauta;18/07/2021 21:00;21.11490059
Penauta;18/07/2021 22:00;19.08950043
Penauta;18/07/2021 23:00;17.4776001
Penauta;19/07/2021 0:00;16.16069984
Penauta;19/07/2021 1:00;15.37409973
Penauta;19/07/2021 2:00;14.73209953
Penauta;19/07/2021 3:00;14.25599957
Penauta;19/07/2021 4:00;13.90839958
Penauta;19/07/2021 5:00;13.33080006
Penauta;19/07/2021 6:00;12.60900021
Penauta;19/07/2021 7:00;12.1012001
Penauta;19/07/2021 8:00;14.60910034
Penauta;19/07/2021 9:00;18.54319954
Penauta;19/07/2021 10:00;22.4442997
Penauta;19/07/2021 11:00;25.81329918
Penauta;19/07/2021 12:00;28.68059921
Penauta;19/07/2021 13:00;30.5720005
Penauta;19/07/2021 14:00;31.92130089
Penauta;19/07/2021 15:00;33.74459839
Penauta;19/07/2021 16:00;30.97509956
Penauta;19/07/2021 17:00;27.37549973
Penauta;19/07/2021 18:00;25.13170052
Penauta;19/07/2021 19:00;24.20879936
Penauta;19/07/2021 20:00;22.22990036
Penauta;19/07/2021 21:00;20.21450043
Penauta;19/07/2021 22:00;18.40390015
Penauta;19/07/2021 23:00;16.91539955
Penauta;20/07/2021 0:00;15.82359982
Penauta;20/07/2021 1:00;14.79100037
Penauta;20/07/2021 2:00;14.41119957
Penauta;20/07/2021 3:00;14.03670025
Penauta;20/07/2021 4:00;13.5340004
Penauta;20/07/2021 5:00;13.17039967
Penauta;20/07/2021 6:00;12.79080009
Penauta;20/07/2021 7:00;12.625
Penauta;20/07/2021 8:00;14.03139973
Penauta;20/07/2021 9:00;17.05459976
Penauta;20/07/2021 10:00;20.54140091
Penauta;20/07/2021 11:00;24.20879936
Penauta;20/07/2021 12:00;27.6385994
Penauta;20/07/2021 13:00;30.1420002
Penauta;20/07/2021 14:00;31.58799934
Penauta;20/07/2021 15:00;32.46979904
Penauta;20/07/2021 16:00;30.39999962
Penauta;20/07/2021 17:00;29.61540031
Penauta;20/07/2021 18:00;27.26810074
Penauta;20/07/2021 19:00;25.60400009
Penauta;20/07/2021 20:00;23.6616993
Penauta;20/07/2021 21:00;21.47929955
Penauta;20/07/2021 22:00;19.43230057
Penauta;20/07/2021 23:00;17.84700012
Penauta;21/07/2021 0:00;16.64780045
Penauta;21/07/2021 1:00;15.85039997
Penauta;21/07/2021 2:00;15.36880016
Penauta;21/07/2021 3:00;14.84449959
Penauta;21/07/2021 4:00;14.25599957
Penauta;21/07/2021 5:00;13.62489986
Penauta;21/07/2021 6:00;13.19180012
Penauta;21/07/2021 7:00;12.92980003
Penauta;21/07/2021 8:00;14.06879997
Penauta;21/07/2021 9:00;16.83510017
Penauta;21/07/2021 10:00;20.09670067
Penauta;21/07/2021 11:00;23.99959946
Penauta;21/07/2021 12:00;27.26810074
Penauta;21/07/2021 13:00;30.05069923
Penauta;21/07/2021 14:00;31.4965992
Penauta;21/07/2021 15:00;32.29240036
Penauta;21/07/2021 16:00;32.03419876
Penauta;21/07/2021 17:00;30.59889984
Penauta;21/07/2021 18:00;28.99749947
Penauta;21/07/2021 19:00;27.11779976
Penauta;21/07/2021 20:00;25.37859917
Penauta;21/07/2021 21:00;23.5060997
Penauta;21/07/2021 22:00;21.0666008
Penauta;21/07/2021 23:00;19.42160034
Penauta;22/07/2021 0:00;18.28070068
Penauta;22/07/2021 1:00;17.24200058
Penauta;22/07/2021 2:00;16.43910027
Penauta;22/07/2021 3:00;15.66839981
Penauta;22/07/2021 4:00;14.95680046
Penauta;22/07/2021 5:00;14.30949974
Penauta;22/07/2021 6:00;13.76930046
Penauta;22/07/2021 7:00;13.43780041
Penauta;22/07/2021 8:00;14.90330029
Penauta;22/07/2021 9:00;17.9272995
Penauta;22/07/2021 10:00;21.37750053
Penauta;22/07/2021 11:00;24.8579998
Penauta;22/07/2021 12:00;27.37549973
Penauta;22/07/2021 13:00;29.73900032
Penauta;22/07/2021 14:00;30.95899963
Penauta;22/07/2021 15:00;31.77619934
Penauta;22/07/2021 16:00;31.10409927
Penauta;22/07/2021 17:00;30.07749939
Penauta;22/07/2021 18:00;28.24550056
Penauta;22/07/2021 19:00;26.30170059
Penauta;22/07/2021 20:00;24.30540085
Penauta;22/07/2021 21:00;22.05290031
Penauta;22/07/2021 22:00;19.93589973
Penauta;22/07/2021 23:00;18.44140053
Penauta;23/07/2021 0:00;17.46680069
Penauta;23/07/2021 1:00;16.72809982
Penauta;23/07/2021 2:00;15.94130039
Penauta;23/07/2021 3:00;15.31529999
Penauta;23/07/2021 4:00;14.74820042
Penauta;23/07/2021 5:00;14.18109989
Penauta;23/07/2021 6:00;13.55010033
Penauta;23/07/2021 7:00;13.20779991
Penauta;23/07/2021 8:00;13.38430023
Penauta;23/07/2021 9:00;15.60420036
Penauta;23/07/2021 10:00;20.25740051
Penauta;23/07/2021 11:00;24.09620094
Penauta;23/07/2021 12:00;26.99430084
Penauta;23/07/2021 13:00;27.32180023
Penauta;23/07/2021 14:00;27.54199982
Penauta;23/07/2021 15:00;27.90180016
Penauta;23/07/2021 16:00;28.11120033
Penauta;23/07/2021 17:00;26.8064003
Penauta;23/07/2021 18:00;25.23900032
Penauta;23/07/2021 19:00;23.57589912
Penauta;23/07/2021 20:00;21.30240059
Penauta;23/07/2021 21:00;18.84309959
Penauta;23/07/2021 22:00;16.62639999
Penauta;23/07/2021 23:00;15.59879971
Penauta;24/07/2021 0:00;14.47529984
Penauta;24/07/2021 1:00;13.27729988
Penauta;24/07/2021 2:00;12.10649967
Penauta;24/07/2021 3:00;11.05360031
Penauta;24/07/2021 4:00;10.25220013
Penauta;24/07/2021 5:00;9.621800423
Penauta;24/07/2021 6:00;9.10379982
Penauta;24/07/2021 7:00;8.895500183
Penauta;24/07/2021 8:00;9.878199577
Penauta;24/07/2021 9:00;11.35289955
Penauta;24/07/2021 10:00;13.95650005
Penauta;24/07/2021 11:00;17.53109932
Penauta;24/07/2021 12:00;21.81170082
Penauta;24/07/2021 13:00;25.02969933
Penauta;24/07/2021 14:00;27.18219948
Penauta;24/07/2021 15:00;27.01569939
Penauta;24/07/2021 16:00;26.58620071
Penauta;24/07/2021 17:00;25.7166996
Penauta;24/07/2021 18:00;24.8579998
Penauta;24/07/2021 19:00;23.21120071
Penauta;24/07/2021 20:00;20.9701004
Penauta;24/07/2021 21:00;18.75200081
Penauta;24/07/2021 22:00;16.74950027
Penauta;24/07/2021 23:00;15.53460026
Penauta;25/07/2021 0:00;14.39509964
Penauta;25/07/2021 1:00;13.41639996
Penauta;25/07/2021 2:00;12.74800014
Penauta;25/07/2021 3:00;12.08510017
Penauta;25/07/2021 4:00;11.21389961
Penauta;25/07/2021 5:00;10.46049976
Penauta;25/07/2021 6:00;9.904899597
Penauta;25/07/2021 7:00;9.520400047
Penauta;25/07/2021 8:00;10.40180016
Penauta;25/07/2021 9:00;12.32569981
Penauta;25/07/2021 10:00;16.04840088
Penauta;25/07/2021 11:00;19.56089973
Penauta;25/07/2021 12:00;21.76339912
Penauta;25/07/2021 13:00;23.94599915
Penauta;25/07/2021 14:00;24.05330086
Penauta;25/07/2021 15:00;23.03960037
Penauta;25/07/2021 16:00;24.26250076
Penauta;25/07/2021 17:00;23.77969933
Penauta;25/07/2021 18:00;22.59449959
Penauta;25/07/2021 19:00;21.24880028
Penauta;25/07/2021 20:00;19.41620064
Penauta;25/07/2021 21:00;17.64889908
Penauta;25/07/2021 22:00;15.97340012
Penauta;25/07/2021 23:00;14.86050034
Penauta;26/07/2021 0:00;13.39500046
Penauta;26/07/2021 1:00;12.29889965
Penauta;26/07/2021 2:00;11.45979977
Penauta;26/07/2021 3:00;10.7329998
Penauta;26/07/2021 4:00;10.02250004
Penauta;26/07/2021 5:00;9.509699821
Penauta;26/07/2021 6:00;9.098400116
Penauta;26/07/2021 7:00;8.7833004
Penauta;26/07/2021 8:00;10.51930046
Penauta;26/07/2021 9:00;14.47529984
Penauta;26/07/2021 10:00;18.80559921
Penauta;26/07/2021 11:00;22.83040047
Penauta;26/07/2021 12:00;25.96360016
Penauta;26/07/2021 13:00;26.77409935
Penauta;26/07/2021 14:00;26.60230064
Penauta;26/07/2021 15:00;25.91519928
Penauta;26/07/2021 16:00;25.46980095
Penauta;26/07/2021 17:00;23.4095993
Penauta;26/07/2021 18:00;22.07439995
Penauta;26/07/2021 19:00;22.04220009
Penauta;26/07/2021 20:00;20.65390015
Penauta;26/07/2021 21:00;18.76269913
Penauta;26/07/2021 22:00;16.93149948
Penauta;26/07/2021 23:00;15.63630009
Penauta;27/07/2021 0:00;14.52350044
Penauta;27/07/2021 1:00;13.67310047
Penauta;27/07/2021 2:00;12.87629986
Penauta;27/07/2021 3:00;12.27219963
Penauta;27/07/2021 4:00;11.71100044
Penauta;27/07/2021 5:00;11.27270031
Penauta;27/07/2021 6:00;10.87730026
Penauta;27/07/2021 7:00;10.40709972
Penauta;27/07/2021 8:00;11.64680004
Penauta;27/07/2021 9:00;14.56089973
Penauta;27/07/2021 10:00;18.68239975
Penauta;27/07/2021 11:00;23.26479912
Penauta;27/07/2021 12:00;22.8465004
Penauta;27/07/2021 13:00;24.66489983
Penauta;27/07/2021 14:00;28.05750084
Penauta;27/07/2021 15:00;27.46680069
Penauta;27/07/2021 16:00;26.33930016
Penauta;27/07/2021 17:00;25.11560059
Penauta;27/07/2021 18:00;23.14679909
Penauta;27/07/2021 19:00;21.15239906
Penauta;27/07/2021 20:00;19.55550003
Penauta;27/07/2021 21:00;17.8791008
Penauta;27/07/2021 22:00;16.36949921
Penauta;27/07/2021 23:00;14.57699966
Penauta;28/07/2021 0:00;13.1651001
Penauta;28/07/2021 1:00;12.44330025
Penauta;28/07/2021 2:00;11.43309975
Penauta;28/07/2021 3:00;10.28960037
Penauta;28/07/2021 4:00;9.418899536
Penauta;28/07/2021 5:00;8.543000221
Penauta;28/07/2021 6:00;7.448599815
Penauta;28/07/2021 7:00;6.749400139
Penauta;28/07/2021 8:00;9.119799614
Penauta;28/07/2021 9:00;13.60350037
Penauta;28/07/2021 10:00;18.13619995
Penauta;28/07/2021 11:00;22.4442997
Penauta;28/07/2021 12:00;25.94210052
Penauta;28/07/2021 13:00;28.20249939
Penauta;28/07/2021 14:00;29.3682003
Penauta;28/07/2021 15:00;29.99160004
Penauta;28/07/2021 16:00;28.92230034
Penauta;28/07/2021 17:00;27.21439934
Penauta;28/07/2021 18:00;26.50029945
Penauta;28/07/2021 19:00;24.62730026
Penauta;28/07/2021 20:00;22.66950035
Penauta;28/07/2021 21:00;20.22529984
Penauta;28/07/2021 22:00;18.03980064
Penauta;28/07/2021 23:00;16.37479973
Penauta;29/07/2021 0:00;15.30459976
Penauta;29/07/2021 1:00;14.32019997
Penauta;29/07/2021 2:00;13.50189972
Penauta;29/07/2021 3:00;12.96720028
Penauta;29/07/2021 4:00;12.3416996
Penauta;29/07/2021 5:00;11.77509975
Penauta;29/07/2021 6:00;11.43309975
Penauta;29/07/2021 7:00;11.25139999
Penauta;29/07/2021 8:00;12.71590042
Penauta;29/07/2021 9:00;15.97879982
Penauta;29/07/2021 10:00;19.98950005
Penauta;29/07/2021 11:00;24.03720093
Penauta;29/07/2021 12:00;27.33790016
Penauta;29/07/2021 13:00;29.35750008
Penauta;29/07/2021 14:00;30.79770088
Penauta;29/07/2021 15:00;31.39979935
Penauta;29/07/2021 16:00;31.05039978
Penauta;29/07/2021 17:00;30.09900093
Penauta;29/07/2021 18:00;28.49259949
Penauta;29/07/2021 19:00;26.51639938
Penauta;29/07/2021 20:00;24.16589928
Penauta;29/07/2021 21:00;21.96179962
Penauta;29/07/2021 22:00;19.67869949
Penauta;29/07/2021 23:00;17.46150017
Penauta;30/07/2021 0:00;15.88780022
Penauta;30/07/2021 1:00;14.67329979
Penauta;30/07/2021 2:00;13.77470016
Penauta;30/07/2021 3:00;13.20250034
Penauta;30/07/2021 4:00;12.76399994
Penauta;30/07/2021 5:00;12.28829956
Penauta;30/07/2021 6:00;11.66819954
Penauta;30/07/2021 7:00;11.08570004
Penauta;30/07/2021 8:00;12.36310005
Penauta;30/07/2021 9:00;15.8611002
Penauta;30/07/2021 10:00;19.97879982
Penauta;30/07/2021 11:00;23.85479927
Penauta;30/07/2021 12:00;27.12849998
Penauta;30/07/2021 13:00;29.48110008
Penauta;30/07/2021 14:00;30.9428997
Penauta;30/07/2021 15:00;27.78899956
Penauta;30/07/2021 16:00;24.94389915
Penauta;30/07/2021 17:00;24.97069931
Penauta;30/07/2021 18:00;23.88699913
Penauta;30/07/2021 19:00;22.1977005
Penauta;30/07/2021 20:00;19.97879982
Penauta;30/07/2021 21:00;18.10400009
Penauta;30/07/2021 22:00;16.55680084
Penauta;30/07/2021 23:00;15.29920006
Penauta;31/07/2021 0:00;14.26669979
Penauta;31/07/2021 1:00;13.37889957
Penauta;31/07/2021 2:00;12.50739956
Penauta;31/07/2021 3:00;11.83390045
Penauta;31/07/2021 4:00;11.27270031
Penauta;31/07/2021 5:00;10.75969982
Penauta;31/07/2021 6:00;10.27350044
Penauta;31/07/2021 7:00;9.846199989
Penauta;31/07/2021 8:00;9.675200462
Penauta;31/07/2021 9:00;10.25220013
Penauta;31/07/2021 10:00;11.1498003
Penauta;31/07/2021 11:00;13.33080006
Penauta;31/07/2021 12:00;13.3895998
Penauta;31/07/2021 13:00;15.42230034
Penauta;31/07/2021 14:00;17.33300018
Penauta;31/07/2021 15:00;18.70919991
Penauta;31/07/2021 16:00;19.43230057
Penauta;31/07/2021 17:00;19.55019951
Penauta;31/07/2021 18:00;18.58069992
Penauta;31/07/2021 19:00;17.19379997
Penauta;31/07/2021 20:00;15.48110008
Penauta;31/07/2021 21:00;13.88700008
Penauta;31/07/2021 22:00;12.78540039
Penauta;31/07/2021 23:00;11.33689976
Penauta;01/08/2021 0:00;10.56210041
Penauta;01/08/2021 1:00;9.434900284
Penauta;01/08/2021 2:00;8.366800308
Penauta;01/08/2021 3:00;7.688799858
Penauta;01/08/2021 4:00;7.58739996
Penauta;01/08/2021 5:00;7.496600151
Penauta;01/08/2021 6:00;7.630099773
Penauta;01/08/2021 7:00;7.736899853
Penauta;01/08/2021 8:00;8.11590004
Penauta;01/08/2021 9:00;8.842100143
Penauta;01/08/2021 10:00;10.94139957
Penauta;01/08/2021 11:00;12.87629986
Penauta;01/08/2021 12:00;14.30949974
Penauta;01/08/2021 13:00;16.52470016
Penauta;01/08/2021 14:00;18.84309959
Penauta;01/08/2021 15:00;22.21380043
Penauta;01/08/2021 16:00;22.09049988
Penauta;01/08/2021 17:00;21.6079998
Penauta;01/08/2021 18:00;21.95639992
Penauta;01/08/2021 19:00;20.64859962
Penauta;01/08/2021 20:00;18.98769951
Penauta;01/08/2021 21:00;16.7656002
Penauta;01/08/2021 22:00;15.54529953
Penauta;01/08/2021 23:00;14.68929958
Penauta;02/08/2021 0:00;13.95650005
Penauta;02/08/2021 1:00;13.12759972
Penauta;02/08/2021 2:00;12.53950024
Penauta;02/08/2021 3:00;12.00489998
Penauta;02/08/2021 4:00;11.90340042
Penauta;02/08/2021 5:00;11.75370026
Penauta;02/08/2021 6:00;11.51860046
Penauta;02/08/2021 7:00;10.83460045
Penauta;02/08/2021 8:00;11.84459972
Penauta;02/08/2021 9:00;13.06879997
Penauta;02/08/2021 10:00;13.80140018
Penauta;02/08/2021 11:00;14.80169964
Penauta;02/08/2021 12:00;16.14999962
Penauta;02/08/2021 13:00;19.22879982
Penauta;02/08/2021 14:00;20.29490089
Penauta;02/08/2021 15:00;19.24480057
Penauta;02/08/2021 16:00;19.71089935
Penauta;02/08/2021 17:00;19.50729942
Penauta;02/08/2021 18:00;19.46980095
Penauta;02/08/2021 19:00;18.07729912
Penauta;02/08/2021 20:00;16.62639999
Penauta;02/08/2021 21:00;15.02630043
Penauta;02/08/2021 22:00;13.37889957
Penauta;02/08/2021 23:00;12.06369972
Penauta;03/08/2021 0:00;11.08570004
Penauta;03/08/2021 1:00;10.07050037
Penauta;03/08/2021 2:00;9.472299576
Penauta;03/08/2021 3:00;9.14109993
Penauta;03/08/2021 4:00;8.900799751
Penauta;03/08/2021 5:00;8.820699692
Penauta;03/08/2021 6:00;8.500300407
Penauta;03/08/2021 7:00;8.345499992
Penauta;03/08/2021 8:00;9.862199783
Penauta;03/08/2021 9:00;12.51280022
Penauta;03/08/2021 10:00;16.36949921
Penauta;03/08/2021 11:00;20.15559959
Penauta;03/08/2021 12:00;23.85479927
Penauta;03/08/2021 13:00;25.93129921
Penauta;03/08/2021 14:00;25.68449974
Penauta;03/08/2021 15:00;24.42340088
Penauta;03/08/2021 16:00;22.02610016
Penauta;03/08/2021 17:00;20.62719917
Penauta;03/08/2021 18:00;20.61109924
Penauta;03/08/2021 19:00;20.08060074
Penauta;03/08/2021 20:00;18.84309959
Penauta;03/08/2021 21:00;16.96899986
Penauta;03/08/2021 22:00;15.75399971
Penauta;03/08/2021 23:00;14.79629993
Penauta;04/08/2021 0:00;14.05280018
Penauta;04/08/2021 1:00;13.31480026
Penauta;04/08/2021 2:00;12.55020046
Penauta;04/08/2021 3:00;11.96220016
Penauta;04/08/2021 4:00;11.52929974
Penauta;04/08/2021 5:00;11.0909996
Penauta;04/08/2021 6:00;10.75440025
Penauta;04/08/2021 7:00;10.41250038
Penauta;04/08/2021 8:00;10.49790001
Penauta;04/08/2021 9:00;11.55599976
Penauta;04/08/2021 10:00;13.88700008
Penauta;04/08/2021 11:00;14.51280022
Penauta;04/08/2021 12:00;16.84589958
Penauta;04/08/2021 13:00;19.75379944
Penauta;04/08/2021 14:00;21.69910049
Penauta;04/08/2021 15:00;22.6534996
Penauta;04/08/2021 16:00;22.42289925
Penauta;04/08/2021 17:00;21.53289986
Penauta;04/08/2021 18:00;20.28960037
Penauta;04/08/2021 19:00;18.48959923
Penauta;04/08/2021 20:00;16.62100029
Penauta;04/08/2021 21:00;14.98349953
Penauta;04/08/2021 22:00;13.45919991
Penauta;04/08/2021 23:00;12.17070007
Penauta;05/08/2021 0:00;10.99489975
Penauta;05/08/2021 1:00;10.09189987
Penauta;05/08/2021 2:00;9.445599556
Penauta;05/08/2021 3:00;9.226599693
Penauta;05/08/2021 4:00;9.194600105
Penauta;05/08/2021 5:00;9.344099998
Penauta;05/08/2021 6:00;9.370800018
Penauta;05/08/2021 7:00;9.418899536
Penauta;05/08/2021 8:00;10.31089973
Penauta;05/08/2021 9:00;12.58230019
Penauta;05/08/2021 10:00;15.62559986
Penauta;05/08/2021 11:00;18.46279907
Penauta;05/08/2021 12:00;20.76650047
Penauta;05/08/2021 13:00;22.2996006
Penauta;05/08/2021 14:00;22.86260033
Penauta;05/08/2021 15:00;23.74220085
Penauta;05/08/2021 16:00;23.87630081
Penauta;05/08/2021 17:00;23.51689911
Penauta;05/08/2021 18:00;22.46579933
Penauta;05/08/2021 19:00;20.86300087
Penauta;05/08/2021 20:00;19.05200005
Penauta;05/08/2021 21:00;17.23130035
Penauta;05/08/2021 22:00;15.42230034
Penauta;05/08/2021 23:00;13.9137001
Penauta;06/08/2021 0:00;12.57159996
Penauta;06/08/2021 1:00;11.49720001
Penauta;06/08/2021 2:00;10.68490028
Penauta;06/08/2021 3:00;10.03310013
Penauta;06/08/2021 4:00;9.552399635
Penauta;06/08/2021 5:00;9.0770998
Penauta;06/08/2021 6:00;8.543000221
Penauta;06/08/2021 7:00;8.201299667
Penauta;06/08/2021 8:00;9.376099586
Penauta;06/08/2021 9:00;13.04209995
Penauta;06/08/2021 10:00;17.32760048
Penauta;06/08/2021 11:00;20.95940018
Penauta;06/08/2021 12:00;23.88699913
Penauta;06/08/2021 13:00;25.70590019
Penauta;06/08/2021 14:00;26.76339912
Penauta;06/08/2021 15:00;26.76339912
Penauta;06/08/2021 16:00;26.28560066
Penauta;06/08/2021 17:00;25.58790016
Penauta;06/08/2021 18:00;24.34300041
Penauta;06/08/2021 19:00;22.32099915
Penauta;06/08/2021 20:00;20.25200081
Penauta;06/08/2021 21:00;17.9272995
Penauta;06/08/2021 22:00;15.73799992
Penauta;06/08/2021 23:00;14.15439987
Penauta;07/08/2021 0:00;13.03139973
Penauta;07/08/2021 1:00;12.11190033
Penauta;07/08/2021 2:00;11.48649979
Penauta;07/08/2021 3:00;11.16590023
Penauta;07/08/2021 4:00;10.86660004
Penauta;07/08/2021 5:00;10.54599953
Penauta;07/08/2021 6:00;10.23620033
Penauta;07/08/2021 7:00;9.915599823
Penauta;07/08/2021 8:00;9.77670002
Penauta;07/08/2021 9:00;10.07050037
Penauta;07/08/2021 10:00;11.75370026
Penauta;07/08/2021 11:00;13.36289978
Penauta;07/08/2021 12:00;15.06910038
Penauta;07/08/2021 13:00;16.29450035
Penauta;07/08/2021 14:00;18.78420067
Penauta;07/08/2021 15:00;19.71089935
Penauta;07/08/2021 16:00;19.68950081
Penauta;07/08/2021 17:00;19.49119949
Penauta;07/08/2021 18:00;18.67169952
Penauta;07/08/2021 19:00;16.88330078
Penauta;07/08/2021 20:00;15.29389954
Penauta;07/08/2021 21:00;13.72119999
Penauta;07/08/2021 22:00;12.22410011
Penauta;07/08/2021 23:00;11.36359978
Penauta;08/08/2021 0:00;10.55669975
Penauta;08/08/2021 1:00;9.370800018
Penauta;08/08/2021 2:00;8.366800308
Penauta;08/08/2021 3:00;7.550000191
Penauta;08/08/2021 4:00;6.850800037
Penauta;08/08/2021 5:00;6.20510006
Penauta;08/08/2021 6:00;5.895599842
Penauta;08/08/2021 7:00;5.484799862
Penauta;08/08/2021 8:00;6.311800003
Penauta;08/08/2021 9:00;9.36550045
Penauta;08/08/2021 10:00;13.18640041
Penauta;08/08/2021 11:00;17.06529999
Penauta;08/08/2021 12:00;20.44499969
Penauta;08/08/2021 13:00;23.28089905
Penauta;08/08/2021 14:00;25.07799911
Penauta;08/08/2021 15:00;25.46980095
Penauta;08/08/2021 16:00;25.31419945
Penauta;08/08/2021 17:00;24.42880058
Penauta;08/08/2021 18:00;22.89480019
Penauta;08/08/2021 19:00;21.3132
Penauta;08/08/2021 20:00;19.76980019
Penauta;08/08/2021 21:00;17.64889908
Penauta;08/08/2021 22:00;16.16609955
Penauta;08/08/2021 23:00;15.13329983
Penauta;09/08/2021 0:00;14.1651001
Penauta;09/08/2021 1:00;13.29870033
Penauta;09/08/2021 2:00;12.54489994
Penauta;09/08/2021 3:00;11.8767004
Penauta;09/08/2021 4:00;11.33150005
Penauta;09/08/2021 5:00;11.04290009
Penauta;09/08/2021 6:00;10.82919979
Penauta;09/08/2021 7:00;10.54599953
Penauta;09/08/2021 8:00;10.67430019
Penauta;09/08/2021 9:00;14.02600002
Penauta;09/08/2021 10:00;17.96479988
Penauta;09/08/2021 11:00;21.50079918
Penauta;09/08/2021 12:00;24.36440086
Penauta;09/08/2021 13:00;26.3071003
Penauta;09/08/2021 14:00;27.45599937
Penauta;09/08/2021 15:00;27.59569931
Penauta;09/08/2021 16:00;27.96080017
Penauta;09/08/2021 17:00;26.81710052
Penauta;09/08/2021 18:00;25.66300011
Penauta;09/08/2021 19:00;23.6616993
Penauta;09/08/2021 20:00;21.74200058
Penauta;09/08/2021 21:00;19.8234005
Penauta;09/08/2021 22:00;18.08799934
Penauta;09/08/2021 23:00;16.41230011
Penauta;10/08/2021 0:00;15.04240036
Penauta;10/08/2021 1:00;14.20790005
Penauta;10/08/2021 2:00;13.42710018
Penauta;10/08/2021 3:00;12.78009987
Penauta;10/08/2021 4:00;12.12250042
Penauta;10/08/2021 5:00;11.51319981
Penauta;10/08/2021 6:00;11.11779976
Penauta;10/08/2021 7:00;10.75440025
Penauta;10/08/2021 8:00;11.3743
Penauta;10/08/2021 9:00;14.72140026
Penauta;10/08/2021 10:00;18.55389977
Penauta;10/08/2021 11:00;22.27809906
Penauta;10/08/2021 12:00;25.45899963
Penauta;10/08/2021 13:00;27.9822998
Penauta;10/08/2021 14:00;29.57780075
Penauta;10/08/2021 15:00;30.11520004
Penauta;10/08/2021 16:00;30.18499947
Penauta;10/08/2021 17:00;28.59460068
Penauta;10/08/2021 18:00;27.21980095
Penauta;10/08/2021 19:00;25.56100082
Penauta;10/08/2021 20:00;23.70999908
Penauta;10/08/2021 21:00;21.55970001
Penauta;10/08/2021 22:00;19.45910072
Penauta;10/08/2021 23:00;17.73990059
Penauta;11/08/2021 0:00;16.55150032
Penauta;11/08/2021 1:00;15.53999996
Penauta;11/08/2021 2:00;14.69470024
Penauta;11/08/2021 3:00;14.03139973
Penauta;11/08/2021 4:00;13.52330017
Penauta;11/08/2021 5:00;13.05280018
Penauta;11/08/2021 6:00;12.52350044
Penauta;11/08/2021 7:00;12.14929962
Penauta;11/08/2021 8:00;12.57159996
Penauta;11/08/2021 9:00;15.79679966
Penauta;11/08/2021 10:00;19.86630058
Penauta;11/08/2021 11:00;23.4041996
Penauta;11/08/2021 12:00;26.5272007
Penauta;11/08/2021 13:00;28.73970032
Penauta;11/08/2021 14:00;30.17429924
Penauta;11/08/2021 15:00;30.84070015
Penauta;11/08/2021 16:00;30.53969955
Penauta;11/08/2021 17:00;29.71750069
Penauta;11/08/2021 18:00;28.19179916
Penauta;11/08/2021 19:00;26.5272007
Penauta;11/08/2021 20:00;24.72389984
Penauta;11/08/2021 21:00;22.61059952
Penauta;11/08/2021 22:00;20.38599968
Penauta;11/08/2021 23:00;18.76269913
Penauta;12/08/2021 0:00;17.63279915
Penauta;12/08/2021 1:00;16.79770088
Penauta;12/08/2021 2:00;16.11790085
Penauta;12/08/2021 3:00;15.52929974
Penauta;12/08/2021 4:00;15.05309963
Penauta;12/08/2021 5:00;14.71609974
Penauta;12/08/2021 6:00;14.49670029
Penauta;12/08/2021 7:00;14.23460007
Penauta;12/08/2021 8:00;14.72679996
Penauta;12/08/2021 9:00;17.35440063
Penauta;12/08/2021 10:00;21.11490059
Penauta;12/08/2021 11:00;24.53070068
Penauta;12/08/2021 12:00;27.48830032
Penauta;12/08/2021 13:00;29.93239975
Penauta;12/08/2021 14:00;31.49119949
Penauta;12/08/2021 15:00;32.05580139
Penauta;12/08/2021 16:00;31.66320038
Penauta;12/08/2021 17:00;30.81389999
Penauta;12/08/2021 18:00;29.0781002
Penauta;12/08/2021 19:00;27.10160065
Penauta;12/08/2021 20:00;24.95999908
Penauta;12/08/2021 21:00;22.56769943
Penauta;12/08/2021 22:00;20.02700043
Penauta;12/08/2021 23:00;18.25399971
Penauta;13/08/2021 0:00;16.8083992
Penauta;13/08/2021 1:00;15.71119976
Penauta;13/08/2021 2:00;15.17080021
Penauta;13/08/2021 3:00;15.01029968
Penauta;13/08/2021 4:00;14.71609974
Penauta;13/08/2021 5:00;14.0795002
Penauta;13/08/2021 6:00;13.61419964
Penauta;13/08/2021 7:00;13.19709969
Penauta;13/08/2021 8:00;13.71049976
Penauta;13/08/2021 9:00;17.07069969
Penauta;13/08/2021 10:00;20.93260002
Penauta;13/08/2021 11:00;24.67020035
Penauta;13/08/2021 12:00;28.00919914
Penauta;13/08/2021 13:00;30.53969955
Penauta;13/08/2021 14:00;31.89979935
Penauta;13/08/2021 15:00;32.30849838
Penauta;13/08/2021 16:00;32.13100052
Penauta;13/08/2021 17:00;31.22780037
Penauta;13/08/2021 18:00;29.70140076
Penauta;13/08/2021 19:00;27.90710068
Penauta;13/08/2021 20:00;25.78109932
Penauta;13/08/2021 21:00;23.54369926
Penauta;13/08/2021 22:00;21.62409973
Penauta;13/08/2021 23:00;20.02700043
Penauta;14/08/2021 0:00;18.50569916
Penauta;14/08/2021 1:00;17.41869926
Penauta;14/08/2021 2:00;16.94219971
Penauta;14/08/2021 3:00;16.34810066
Penauta;14/08/2021 4:00;15.71119976
Penauta;14/08/2021 5:00;15.08520031
Penauta;14/08/2021 6:00;14.49670029
Penauta;14/08/2021 7:00;13.96720028
Penauta;14/08/2021 8:00;14.36299992
Penauta;14/08/2021 9:00;17.59530067
Penauta;14/08/2021 10:00;21.41500092
Penauta;14/08/2021 11:00;25.35709953
Penauta;14/08/2021 12:00;28.47109985
Penauta;14/08/2021 13:00;30.78700066
Penauta;14/08/2021 14:00;32.00740051
Penauta;14/08/2021 15:00;32.26010132
Penauta;14/08/2021 16:00;31.10409927
Penauta;14/08/2021 17:00;30.0237999
Penauta;14/08/2021 18:00;28.44960022
Penauta;14/08/2021 19:00;26.73660088
Penauta;14/08/2021 20:00;24.57369995
Penauta;14/08/2021 21:00;22.54080009
Penauta;14/08/2021 22:00;20.81469917
Penauta;14/08/2021 23:00;19.50200081
Penauta;15/08/2021 0:00;18.37179947
Penauta;15/08/2021 1:00;17.34370041
Penauta;15/08/2021 2:00;16.39089966
Penauta;15/08/2021 3:00;15.65769958
Penauta;15/08/2021 4:00;14.86590004
Penauta;15/08/2021 5:00;14.06879997
Penauta;15/08/2021 6:00;13.18109989
Penauta;15/08/2021 7:00;12.35239983
Penauta;15/08/2021 8:00;12.7052002
Penauta;15/08/2021 9:00;16.93149948
Penauta;15/08/2021 10:00;21.43110085
Penauta;15/08/2021 11:00;25.51269913
Penauta;15/08/2021 12:00;28.85790062
Penauta;15/08/2021 13:00;31.10950089
Penauta;15/08/2021 14:00;32.03960037
Penauta;15/08/2021 15:00;32.09339905
Penauta;15/08/2021 16:00;30.84070015
Penauta;15/08/2021 17:00;29.15329933
Penauta;15/08/2021 18:00;27.22509956
Penauta;15/08/2021 19:00;25.16390038
Penauta;15/08/2021 20:00;22.84110069
Penauta;15/08/2021 21:00;20.57360077
Penauta;15/08/2021 22:00;18.50029945
Penauta;15/08/2021 23:00;16.86190033
Penauta;16/08/2021 0:00;15.71660042
Penauta;16/08/2021 1:00;14.80169964
Penauta;16/08/2021 2:00;13.76930046
Penauta;16/08/2021 3:00;13.08479977
Penauta;16/08/2021 4:00;12.65180016
Penauta;16/08/2021 5:00;12.27219963
Penauta;16/08/2021 6:00;11.92479992
Penauta;16/08/2021 7:00;11.71100044
Penauta;16/08/2021 8:00;12.17599964
Penauta;16/08/2021 9:00;15.08520031
Penauta;16/08/2021 10:00;18.98240089
Penauta;16/08/2021 11:00;23.00200081
Penauta;16/08/2021 12:00;26.36079979
Penauta;16/08/2021 13:00;28.13269997
Penauta;16/08/2021 14:00;29.09959984
Penauta;16/08/2021 15:00;29.56699944
Penauta;16/08/2021 16:00;28.80949974
Penauta;16/08/2021 17:00;27.33250046
Penauta;16/08/2021 18:00;25.5557003
Penauta;16/08/2021 19:00;23.49010086
Penauta;16/08/2021 20:00;21.27029991
Penauta;16/08/2021 21:00;19.01449966
Penauta;16/08/2021 22:00;16.94759941
Penauta;16/08/2021 23:00;15.52929974
Penauta;17/08/2021 0:00;14.28279972
Penauta;17/08/2021 1:00;13.29870033
Penauta;17/08/2021 2:00;12.42720032
Penauta;17/08/2021 3:00;11.57740021
Penauta;17/08/2021 4:00;10.66889954
Penauta;17/08/2021 5:00;10.05449963
Penauta;17/08/2021 6:00;9.386799812
Penauta;17/08/2021 7:00;8.77270031
Penauta;17/08/2021 8:00;9.525699615
Penauta;17/08/2021 9:00;13.74790001
Penauta;17/08/2021 10:00;18.45750046
Penauta;17/08/2021 11:00;22.22450066
Penauta;17/08/2021 12:00;25.6576004
Penauta;17/08/2021 13:00;28.1541996
Penauta;17/08/2021 14:00;29.43810081
Penauta;17/08/2021 15:00;29.66909981
Penauta;17/08/2021 16:00;29.12649918
Penauta;17/08/2021 17:00;27.78899956
Penauta;17/08/2021 18:00;25.99580002
Penauta;17/08/2021 19:00;24.13369942
Penauta;17/08/2021 20:00;22.01009941
Penauta;17/08/2021 21:00;19.66270065
Penauta;17/08/2021 22:00;17.50970078
Penauta;17/08/2021 23:00;15.73799992
Penauta;18/08/2021 0:00;14.45390034
Penauta;18/08/2021 1:00;13.55010033
Penauta;18/08/2021 2:00;13.0152998
Penauta;18/08/2021 3:00;12.25080013
Penauta;18/08/2021 4:00;11.43309975
Penauta;18/08/2021 5:00;10.72770023
Penauta;18/08/2021 6:00;10.51399994
Penauta;18/08/2021 7:00;10.07590008
Penauta;18/08/2021 8:00;10.4552002
Penauta;18/08/2021 9:00;14.03670025
Penauta;18/08/2021 10:00;18.27000046
Penauta;18/08/2021 11:00;22.62129974
Penauta;18/08/2021 12:00;26.16749954
Penauta;18/08/2021 13:00;28.2723999
Penauta;18/08/2021 14:00;29.64760017
Penauta;18/08/2021 15:00;30.09900093
Penauta;18/08/2021 16:00;29.76049995
Penauta;18/08/2021 17:00;28.26160049
Penauta;18/08/2021 18:00;25.77029991
Penauta;18/08/2021 19:00;23.89229965
Penauta;18/08/2021 20:00;21.81170082
Penauta;18/08/2021 21:00;19.52339935
Penauta;18/08/2021 22:00;17.72380066
Penauta;18/08/2021 23:00;16.33200073
Penauta;19/08/2021 0:00;15.33129978
Penauta;19/08/2021 1:00;14.37909985
Penauta;19/08/2021 2:00;13.67310047
Penauta;19/08/2021 3:00;13.0795002
Penauta;19/08/2021 4:00;12.4005003
Penauta;19/08/2021 5:00;11.90340042
Penauta;19/08/2021 6:00;11.47049999
Penauta;19/08/2021 7:00;11.1498003
Penauta;19/08/2021 8:00;11.74300003
Penauta;19/08/2021 9:00;15.11190033
Penauta;19/08/2021 10:00;19.37870026
Penauta;19/08/2021 11:00;23.32379913
Penauta;19/08/2021 12:00;26.19440079
Penauta;19/08/2021 13:00;28.96529961
Penauta;19/08/2021 14:00;30.83539963
Penauta;19/08/2021 15:00;29.99690056
Penauta;19/08/2021 16:00;28.17569923
Penauta;19/08/2021 17:00;26.83320045
Penauta;19/08/2021 18:00;25.98500061
Penauta;19/08/2021 19:00;24.11230087
Penauta;19/08/2021 20:00;22.1923008
Penauta;19/08/2021 21:00;20.0109005
Penauta;19/08/2021 22:00;18.32360077
Penauta;19/08/2021 23:00;17.07069969
Penauta;20/08/2021 0:00;16.12330055
Penauta;20/08/2021 1:00;15.26179981
Penauta;20/08/2021 2:00;14.44320011
Penauta;20/08/2021 3:00;13.7052002
Penauta;20/08/2021 4:00;13.17570019
Penauta;20/08/2021 5:00;12.64640045
Penauta;20/08/2021 6:00;12.13319969
Penauta;20/08/2021 7:00;11.74300003
Penauta;20/08/2021 8:00;12.13319969
Penauta;20/08/2021 9:00;15.07450008
Penauta;20/08/2021 10:00;19.02519989
Penauta;20/08/2021 11:00;22.8465004
Penauta;20/08/2021 12:00;25.93129921
Penauta;20/08/2021 13:00;28.11660004
Penauta;20/08/2021 14:00;29.55089951
Penauta;20/08/2021 15:00;30.16349983
Penauta;20/08/2021 16:00;29.89480019
Penauta;20/08/2021 17:00;28.44420052
Penauta;20/08/2021 18:00;27.19829941
Penauta;20/08/2021 19:00;25.48049927
Penauta;20/08/2021 20:00;23.5114994
Penauta;20/08/2021 21:00;21.13089943
Penauta;20/08/2021 22:00;19.11090088
Penauta;20/08/2021 23:00;17.60610008
Penauta;21/08/2021 0:00;16.28380013
Penauta;21/08/2021 1:00;15.25109959
Penauta;21/08/2021 2:00;14.34700012
Penauta;21/08/2021 3:00;13.66240025
Penauta;21/08/2021 4:00;13.11159992
Penauta;21/08/2021 5:00;12.51280022
Penauta;21/08/2021 6:00;12.10649967
Penauta;21/08/2021 7:00;12.14389992
Penauta;21/08/2021 8:00;12.64640045
Penauta;21/08/2021 9:00;14.95680046
Penauta;21/08/2021 10:00;18.80019951
Penauta;21/08/2021 11:00;22.45509911
Penauta;21/08/2021 12:00;25.67370033
Penauta;21/08/2021 13:00;27.47220039
Penauta;21/08/2021 14:00;28.87929916
Penauta;21/08/2021 15:00;28.41200066
Penauta;21/08/2021 16:00;26.90839958
Penauta;21/08/2021 17:00;27.35400009
Penauta;21/08/2021 18:00;26.72050095
Penauta;21/08/2021 19:00;24.93849945
Penauta;21/08/2021 20:00;22.62129974
Penauta;21/08/2021 21:00;20.60040092
Penauta;21/08/2021 22:00;18.85379982
Penauta;21/08/2021 23:00;17.43470001
Penauta;22/08/2021 0:00;16.15539932
Penauta;22/08/2021 1:00;15.17619991
Penauta;22/08/2021 2:00;14.54489994
Penauta;22/08/2021 3:00;13.92440033
Penauta;22/08/2021 4:00;13.41639996
Penauta;22/08/2021 5:00;13.19180012
Penauta;22/08/2021 6:00;12.81219959
Penauta;22/08/2021 7:00;12.32569981
Penauta;22/08/2021 8:00;12.46469975
Penauta;22/08/2021 9:00;14.72679996
Penauta;22/08/2021 10:00;17.87380028
Penauta;22/08/2021 11:00;21.45249939
Penauta;22/08/2021 12:00;24.29999924
Penauta;22/08/2021 13:00;26.71509933
Penauta;22/08/2021 14:00;28.46039963
Penauta;22/08/2021 15:00;29.39509964
Penauta;22/08/2021 16:00;29.14259911
Penauta;22/08/2021 17:00;28.3852005
Penauta;22/08/2021 18:00;26.95669937
Penauta;22/08/2021 19:00;24.97069931
Penauta;22/08/2021 20:00;22.76070023
Penauta;22/08/2021 21:00;20.70750046
Penauta;22/08/2021 22:00;19.14839935
Penauta;22/08/2021 23:00;17.86840057
Penauta;23/08/2021 0:00;16.87260056
Penauta;23/08/2021 1:00;15.98410034
Penauta;23/08/2021 2:00;14.86050034
Penauta;23/08/2021 3:00;14.0795002
Penauta;23/08/2021 4:00;13.81210041
Penauta;23/08/2021 5:00;13.58749962
Penauta;23/08/2021 6:00;13.25059986
Penauta;23/08/2021 7:00;13.00459957
Penauta;23/08/2021 8:00;13.29870033
Penauta;23/08/2021 9:00;15.52929974
Penauta;23/08/2021 10:00;18.87520027
Penauta;23/08/2021 11:00;21.93499947
Penauta;23/08/2021 12:00;24.97610092
Penauta;23/08/2021 13:00;27.41309929
Penauta;23/08/2021 14:00;28.93840027
Penauta;23/08/2021 15:00;29.38439941
Penauta;23/08/2021 16:00;29.09420013
Penauta;23/08/2021 17:00;27.93400002
Penauta;23/08/2021 18:00;26.21579933
Penauta;23/08/2021 19:00;24.52000046
Penauta;23/08/2021 20:00;22.40679932
Penauta;23/08/2021 21:00;20.28420067
Penauta;23/08/2021 22:00;18.60740089
Penauta;23/08/2021 23:00;16.99040031
Penauta;24/08/2021 0:00;16.0109005
Penauta;24/08/2021 1:00;14.96210003
Penauta;24/08/2021 2:00;13.94579983
Penauta;24/08/2021 3:00;13.51799965
Penauta;24/08/2021 4:00;13.09549999
Penauta;24/08/2021 5:00;12.60900021
Penauta;24/08/2021 6:00;12.19740009
Penauta;24/08/2021 7:00;11.79650021
Penauta;24/08/2021 8:00;12.03170013
Penauta;24/08/2021 9:00;14.4005003
Penauta;24/08/2021 10:00;18.32889938
Penauta;24/08/2021 11:00;22.27280045
Penauta;24/08/2021 12:00;25.9260006
Penauta;24/08/2021 13:00;28.48719978
Penauta;24/08/2021 14:00;29.34140015
Penauta;24/08/2021 15:00;29.56699944
Penauta;24/08/2021 16:00;29.63689995
Penauta;24/08/2021 17:00;28.56240082
Penauta;24/08/2021 18:00;26.57010078
Penauta;24/08/2021 19:00;24.63269997
Penauta;24/08/2021 20:00;22.77140045
Penauta;24/08/2021 21:00;20.76110077
Penauta;24/08/2021 22:00;19.0788002
Penauta;24/08/2021 23:00;17.87380028
Penauta;25/08/2021 0:00;16.69599915
Penauta;25/08/2021 1:00;15.79150009
Penauta;25/08/2021 2:00;15.12800026
Penauta;25/08/2021 3:00;14.36299992
Penauta;25/08/2021 4:00;13.58220005
Penauta;25/08/2021 5:00;13.14369965
Penauta;25/08/2021 6:00;12.79609966
Penauta;25/08/2021 7:00;12.49139977
Penauta;25/08/2021 8:00;12.77470016
Penauta;25/08/2021 9:00;15.35270023
Penauta;25/08/2021 10:00;19.46450043
Penauta;25/08/2021 11:00;23.52219963
Penauta;25/08/2021 12:00;26.96209908
Penauta;25/08/2021 13:00;29.27689934
Penauta;25/08/2021 14:00;27.23590088
Penauta;25/08/2021 15:00;24.70240021
Penauta;25/08/2021 16:00;23.89769936
Penauta;25/08/2021 17:00;23.24869919
Penauta;25/08/2021 18:00;22.33169937
Penauta;25/08/2021 19:00;21.35610008
Penauta;25/08/2021 20:00;19.93059921
Penauta;25/08/2021 21:00;18.00230026
Penauta;25/08/2021 22:00;16.79770088
Penauta;25/08/2021 23:00;15.93060017
Penauta;26/08/2021 0:00;15.30459976
Penauta;26/08/2021 1:00;14.60369968
Penauta;26/08/2021 2:00;14.03139973
Penauta;26/08/2021 3:00;13.5340004
Penauta;26/08/2021 4:00;13.20250034
Penauta;26/08/2021 5:00;13.02600002
Penauta;26/08/2021 6:00;12.82820034
Penauta;26/08/2021 7:00;12.54489994
Penauta;26/08/2021 8:00;12.74269962
Penauta;26/08/2021 9:00;13.86019993
Penauta;26/08/2021 10:00;17.46150017
Penauta;26/08/2021 11:00;21.83309937
Penauta;26/08/2021 12:00;19.99489975
Penauta;26/08/2021 13:00;15.44369984
Penauta;26/08/2021 14:00;15.28849983
Penauta;26/08/2021 15:00;15.70590019
Penauta;26/08/2021 16:00;14.82839966
Penauta;26/08/2021 17:00;14.87650013
Penauta;26/08/2021 18:00;14.82839966
Penauta;26/08/2021 19:00;14.38440037
Penauta;26/08/2021 20:00;13.85490036
Penauta;26/08/2021 21:00;12.89239979
Penauta;26/08/2021 22:00;12.35770035
Penauta;26/08/2021 23:00;12.13860035
Penauta;27/08/2021 0:00;11.94079971
Penauta;27/08/2021 1:00;11.66289997
Penauta;27/08/2021 2:00;11.60410023
Penauta;27/08/2021 3:00;11.52390003
Penauta;27/08/2021 4:00;11.52929974
Penauta;27/08/2021 5:00;11.65219975
Penauta;27/08/2021 6:00;11.70030022
Penauta;27/08/2021 7:00;11.66819954
Penauta;27/08/2021 8:00;11.62549973
Penauta;27/08/2021 9:00;12.94050026
Penauta;27/08/2021 10:00;16.57819939
Penauta;27/08/2021 11:00;20.10740089
Penauta;27/08/2021 12:00;19.70019913
Penauta;27/08/2021 13:00;19.58769989
Penauta;27/08/2021 14:00;18.13080025
Penauta;27/08/2021 15:00;17.52039909
Penauta;27/08/2021 16:00;16.95829964
Penauta;27/08/2021 17:00;16.35339928
Penauta;27/08/2021 18:00;15.79679966
Penauta;27/08/2021 19:00;15.37950039
Penauta;27/08/2021 20:00;14.74820042
Penauta;27/08/2021 21:00;13.9993
Penauta;27/08/2021 22:00;13.28269958
Penauta;27/08/2021 23:00;12.68389988
Penauta;28/08/2021 0:00;12.12790012
Penauta;28/08/2021 1:00;11.63080025
Penauta;28/08/2021 2:00;11.24069977
Penauta;28/08/2021 3:00;10.75969982
Penauta;28/08/2021 4:00;10.39640045
Penauta;28/08/2021 5:00;10.05449963
Penauta;28/08/2021 6:00;9.872900009
Penauta;28/08/2021 7:00;9.605799675
Penauta;28/08/2021 8:00;9.835499763
Penauta;28/08/2021 9:00;12.29889965
Penauta;28/08/2021 10:00;15.83969975
Penauta;28/08/2021 11:00;18.96089935
Penauta;28/08/2021 12:00;20.81469917
Penauta;28/08/2021 13:00;21.08270073
Penauta;28/08/2021 14:00;20.26280022
Penauta;28/08/2021 15:00;19.00909996
Penauta;28/08/2021 16:00;17.89520073
Penauta;28/08/2021 17:00;18.37709999
Penauta;28/08/2021 18:00;18.10400009
Penauta;28/08/2021 19:00;17.08670044
Penauta;28/08/2021 20:00;15.78079987
Penauta;28/08/2021 21:00;14.83909988
Penauta;28/08/2021 22:00;14.12769985
Penauta;28/08/2021 23:00;13.32009983
Penauta;29/08/2021 0:00;12.60900021
Penauta;29/08/2021 1:00;11.82859993
Penauta;29/08/2021 2:00;11.31550026
Penauta;29/08/2021 3:00;11.1552
Penauta;29/08/2021 4:00;10.84519958
Penauta;29/08/2021 5:00;10.51399994
Penauta;29/08/2021 6:00;10.14529991
Penauta;29/08/2021 7:00;9.846199989
Penauta;29/08/2021 8:00;10.14529991
Penauta;29/08/2021 9:00;12.58230019
Penauta;29/08/2021 10:00;15.98950005
Penauta;29/08/2021 11:00;19.25550079
Penauta;29/08/2021 12:00;21.58119965
Penauta;29/08/2021 13:00;22.8465004
Penauta;29/08/2021 14:00;24.58440018
Penauta;29/08/2021 15:00;24.66489983
Penauta;29/08/2021 16:00;24.52540016
Penauta;29/08/2021 17:00;23.64559937
Penauta;29/08/2021 18:00;21.58119965
Penauta;29/08/2021 19:00;20.19309998
Penauta;29/08/2021 20:00;18.4734993
Penauta;29/08/2021 21:00;16.8029995
Penauta;29/08/2021 22:00;15.54529953
Penauta;29/08/2021 23:00;14.59300041
Penauta;30/08/2021 0:00;13.74790001
Penauta;30/08/2021 1:00;13.05809975
Penauta;30/08/2021 2:00;12.63570023
Penauta;30/08/2021 3:00;12.53419971
Penauta;30/08/2021 4:00;11.96749973
Penauta;30/08/2021 5:00;11.50790024
Penauta;30/08/2021 6:00;11.1498003
Penauta;30/08/2021 7:00;10.87730026
Penauta;30/08/2021 8:00;10.94680023
Penauta;30/08/2021 9:00;12.77470016
Penauta;30/08/2021 10:00;15.91460037
Penauta;30/08/2021 11:00;19.11090088
Penauta;30/08/2021 12:00;19.19659996
Penauta;30/08/2021 13:00;18.46279907
Penauta;30/08/2021 14:00;20.03240013
Penauta;30/08/2021 15:00;21.74740028
Penauta;30/08/2021 16:00;21.44179916
Penauta;30/08/2021 17:00;21.5060997
Penauta;30/08/2021 18:00;20.0163002
Penauta;30/08/2021 19:00;18.44140053
Penauta;30/08/2021 20:00;17.24200058
Penauta;30/08/2021 21:00;15.95199966
Penauta;30/08/2021 22:00;14.72140026
Penauta;30/08/2021 23:00;13.77470016
Penauta;31/08/2021 0:00;13.03139973
Penauta;31/08/2021 1:00;12.42720032
Penauta;31/08/2021 2:00;11.93550014
Penauta;31/08/2021 3:00;11.44369984
Penauta;31/08/2021 4:00;11.02690029
Penauta;31/08/2021 5:00;10.67430019
Penauta;31/08/2021 6:00;10.39109993
Penauta;31/08/2021 7:00;10.1026001
Penauta;31/08/2021 8:00;10.07050037
Penauta;31/08/2021 9:00;11.80720043
Penauta;31/08/2021 10:00;15.15480042
Penauta;31/08/2021 11:00;18.09869957
Penauta;31/08/2021 12:00;19.63050079
Penauta;31/08/2021 13:00;21.18449974
Penauta;31/08/2021 14:00;22.01009941
Penauta;31/08/2021 15:00;22.58909988
Penauta;31/08/2021 16:00;23.38279915
Penauta;31/08/2021 17:00;22.67490005
Penauta;31/08/2021 18:00;19.13229942
Penauta;31/08/2021 19:00;16.85659981
Penauta;31/08/2021 20:00;15.27779961
Penauta;31/08/2021 21:00;14.0635004
Penauta;31/08/2021 22:00;13.23989964
Penauta;31/08/2021 23:00;12.57159996
Penauta;01/09/2021 0:00;12.04769993
Penauta;01/09/2021 1:00;11.88199997
Penauta;01/09/2021 2:00;11.53989983
Penauta;01/09/2021 3:00;11.10169983
Penauta;01/09/2021 4:00;10.82919979
Penauta;01/09/2021 5:00;10.48729992
Penauta;01/09/2021 6:00;10.2414999
Penauta;01/09/2021 7:00;10.05449963
Penauta;01/09/2021 8:00;10.14000034
Penauta;01/09/2021 9:00;10.78649998
Penauta;01/09/2021 10:00;12.12790012
Penauta;01/09/2021 11:00;12.98330021
Penauta;01/09/2021 12:00;13.91909981
Penauta;01/09/2021 13:00;13.96189976
Penauta;01/09/2021 14:00;13.76399994
Penauta;01/09/2021 15:00;15.24569988
Penauta;01/09/2021 16:00;15.37409973
Penauta;01/09/2021 17:00;15.74330044
Penauta;01/09/2021 18:00;14.69999981
Penauta;01/09/2021 19:00;13.46450043
Penauta;01/09/2021 20:00;12.55020046
Penauta;01/09/2021 21:00;11.84990025
Penauta;01/09/2021 22:00;11.40629959
Penauta;01/09/2021 23:00;10.90939999
Penauta;02/09/2021 0:00;10.31089973
Penauta;02/09/2021 1:00;9.947699547
Penauta;02/09/2021 2:00;9.830200195
Penauta;02/09/2021 3:00;9.851499557
Penauta;02/09/2021 4:00;9.718000412
Penauta;02/09/2021 5:00;9.830200195
Penauta;02/09/2021 6:00;9.899600029
Penauta;02/09/2021 7:00;9.899600029
Penauta;02/09/2021 8:00;9.937000275
Penauta;02/09/2021 9:00;10.69559956
Penauta;02/09/2021 10:00;12.01029968
Penauta;02/09/2021 11:00;12.87100029
Penauta;02/09/2021 12:00;13.12759972
Penauta;02/09/2021 13:00;13.04740047
Penauta;02/09/2021 14:00;13.99400043
Penauta;02/09/2021 15:00;14.0152998
Penauta;02/09/2021 16:00;12.96189976
Penauta;02/09/2021 17:00;12.50739956
Penauta;02/09/2021 18:00;12.36839962
Penauta;02/09/2021 19:00;11.86060047
Penauta;02/09/2021 20:00;11.47049999
Penauta;02/09/2021 21:00;11.10169983
Penauta;02/09/2021 22:00;10.80249977
Penauta;02/09/2021 23:00;10.49790001
Penauta;03/09/2021 0:00;10.18809986
Penauta;03/09/2021 1:00;9.947699547
Penauta;03/09/2021 2:00;9.824799538
Penauta;03/09/2021 3:00;9.760700226
Penauta;03/09/2021 4:00;9.680600166
Penauta;03/09/2021 5:00;9.413499832
Penauta;03/09/2021 6:00;9.08769989
Penauta;03/09/2021 7:00;8.895500183
Penauta;03/09/2021 8:00;9.14109993
Penauta;03/09/2021 9:00;9.824799538
Penauta;03/09/2021 10:00;11.96749973
Penauta;03/09/2021 11:00;13.64630032
Penauta;03/09/2021 12:00;14.18109989
Penauta;03/09/2021 13:00;15.14410019
Penauta;03/09/2021 14:00;15.72729969
Penauta;03/09/2021 15:00;16.1019001
Penauta;03/09/2021 16:00;15.57209969
Penauta;03/09/2021 17:00;16.34269905
Penauta;03/09/2021 18:00;16.1928997
Penauta;03/09/2021 19:00;15.37950039
Penauta;03/09/2021 20:00;14.23460007
Penauta;03/09/2021 21:00;12.72659969
Penauta;03/09/2021 22:00;11.56130028
Penauta;03/09/2021 23:00;10.76509953
Penauta;04/09/2021 0:00;10.16670036
Penauta;04/09/2021 1:00;9.69659996
Penauta;04/09/2021 2:00;9.146499634
Penauta;04/09/2021 3:00;8.169300079
Penauta;04/09/2021 4:00;7.272500038
Penauta;04/09/2021 5:00;6.637300014
Penauta;04/09/2021 6:00;6.17840004
Penauta;04/09/2021 7:00;5.885000229
Penauta;04/09/2021 8:00;5.772900105
Penauta;04/09/2021 9:00;7.315199852
Penauta;04/09/2021 10:00;11.3689003
Penauta;04/09/2021 11:00;15.33670044
Penauta;04/09/2021 12:00;17.86310005
Penauta;04/09/2021 13:00;19.69479942
Penauta;04/09/2021 14:00;20.82010078
Penauta;04/09/2021 15:00;20.85219955
Penauta;04/09/2021 16:00;20.26810074
Penauta;04/09/2021 17:00;19.34659958
Penauta;04/09/2021 18:00;18.29150009
Penauta;04/09/2021 19:00;17.15629959
Penauta;04/09/2021 20:00;15.77009964
Penauta;04/09/2021 21:00;14.41119957
Penauta;04/09/2021 22:00;13.32009983
Penauta;04/09/2021 23:00;12.44859982
Penauta;05/09/2021 0:00;11.73239994
Penauta;05/09/2021 1:00;11.10169983
Penauta;05/09/2021 2:00;10.58880043
Penauta;05/09/2021 3:00;10.13459969
Penauta;05/09/2021 4:00;9.739299774
Penauta;05/09/2021 5:00;9.466899872
Penauta;05/09/2021 6:00;9.285300255
Penauta;05/09/2021 7:00;9.11439991
Penauta;05/09/2021 8:00;9.125100136
Penauta;05/09/2021 9:00;10.74370003
Penauta;05/09/2021 10:00;14.0635004
Penauta;05/09/2021 11:00;16.77630043
Penauta;05/09/2021 12:00;18.21649933
Penauta;05/09/2021 13:00;19.19129944
Penauta;05/09/2021 14:00;20.26280022
Penauta;05/09/2021 15:00;20.77179909
Penauta;05/09/2021 16:00;20.8253994
Penauta;05/09/2021 17:00;20.41279984
Penauta;05/09/2021 18:00;19.33589935
Penauta;05/09/2021 19:00;18.31819916
Penauta;05/09/2021 20:00;17.00639915
Penauta;05/09/2021 21:00;15.70590019
Penauta;05/09/2021 22:00;14.78030014
Penauta;05/09/2021 23:00;13.97789955
Penauta;06/09/2021 0:00;13.41100025
Penauta;06/09/2021 1:00;13.00459957
Penauta;06/09/2021 2:00;12.68389988
Penauta;06/09/2021 3:00;12.32569981
Penauta;06/09/2021 4:00;11.82859993
Penauta;06/09/2021 5:00;11.76439953
Penauta;06/09/2021 6:00;11.43309975
Penauta;06/09/2021 7:00;11.30480003
Penauta;06/09/2021 8:00;11.68420029
Penauta;06/09/2021 9:00;12.23480034
Penauta;06/09/2021 10:00;13.37889957
Penauta;06/09/2021 11:00;14.43249989
Penauta;06/09/2021 12:00;14.48069954
Penauta;06/09/2021 13:00;15.22970009
Penauta;06/09/2021 14:00;18.23789978
Penauta;06/09/2021 15:00;19.41090012
Penauta;06/09/2021 16:00;19.37870026
Penauta;06/09/2021 17:00;18.86989975
Penauta;06/09/2021 18:00;18.13080025
Penauta;06/09/2021 19:00;17.22060013
Penauta;06/09/2021 20:00;16.31599998
Penauta;06/09/2021 21:00;15.37950039
Penauta;06/09/2021 22:00;14.59300041
Penauta;06/09/2021 23:00;13.92440033
Penauta;07/09/2021 0:00;13.49660015
Penauta;07/09/2021 1:00;13.1008997
Penauta;07/09/2021 2:00;12.78009987
Penauta;07/09/2021 3:00;12.46469975
Penauta;07/09/2021 4:00;12.06910038
Penauta;07/09/2021 5:00;11.79650021
Penauta;07/09/2021 6:00;11.53460026
Penauta;07/09/2021 7:00;11.22459984
Penauta;07/09/2021 8:00;10.93610001
Penauta;07/09/2021 9:00;11.95680046
Penauta;07/09/2021 10:00;13.98859978
Penauta;07/09/2021 11:00;15.65240002
Penauta;07/09/2021 12:00;17.30089951
Penauta;07/09/2021 13:00;15.81289959
Penauta;07/09/2021 14:00;14.66259956
Penauta;07/09/2021 15:00;14.35229969
Penauta;07/09/2021 16:00;15.01029968
Penauta;07/09/2021 17:00;14.57699966
Penauta;07/09/2021 18:00;14.48600006
Penauta;07/09/2021 19:00;13.88160038
Penauta;07/09/2021 20:00;13.12759972
Penauta;07/09/2021 21:00;12.38449955
Penauta;07/09/2021 22:00;11.40100002
Penauta;07/09/2021 23:00;10.67959976
Penauta;08/09/2021 0:00;10.15600014
Penauta;08/09/2021 1:00;9.520400047
Penauta;08/09/2021 2:00;8.996999741
Penauta;08/09/2021 3:00;8.623100281
Penauta;08/09/2021 4:00;8.227999687
Penauta;08/09/2021 5:00;7.902400017
Penauta;08/09/2021 6:00;7.667500019
Penauta;08/09/2021 7:00;8.0625
Penauta;08/09/2021 8:00;8.543000221
Penauta;08/09/2021 9:00;9.269300461
Penauta;08/09/2021 10:00;10.27350044
Penauta;08/09/2021 11:00;11.33689976
Penauta;08/09/2021 12:00;12.15460014
Penauta;08/09/2021 13:00;14.56630039
Penauta;08/09/2021 14:00;16.19820023
Penauta;08/09/2021 15:00;15.18150043
Penauta;08/09/2021 16:00;15.45440006
Penauta;08/09/2021 17:00;15.40089989
Penauta;08/09/2021 18:00;14.66790009
Penauta;08/09/2021 19:00;14.02070045
Penauta;08/09/2021 20:00;12.73729992
Penauta;08/09/2021 21:00;11.73239994
Penauta;08/09/2021 22:00;11.29950047
Penauta;08/09/2021 23:00;10.97879982
Penauta;09/09/2021 0:00;10.51930046
Penauta;09/09/2021 1:00;10.01179981
Penauta;09/09/2021 2:00;9.819499969
Penauta;09/09/2021 3:00;9.760700226
Penauta;09/09/2021 4:00;9.621800423
Penauta;09/09/2021 5:00;9.36550045
Penauta;09/09/2021 6:00;9.018300056
Penauta;09/09/2021 7:00;9.066399574
Penauta;09/09/2021 8:00;9.098400116
Penauta;09/09/2021 9:00;9.424200058
Penauta;09/09/2021 10:00;10.18809986
Penauta;09/09/2021 11:00;11.95149994
Penauta;09/09/2021 12:00;12.95650005
Penauta;09/09/2021 13:00;15.83430004
Penauta;09/09/2021 14:00;16.59429932
Penauta;09/09/2021 15:00;16.51930046
Penauta;09/09/2021 16:00;15.60420036
Penauta;09/09/2021 17:00;14.99960041
Penauta;09/09/2021 18:00;14.29349995
Penauta;09/09/2021 19:00;13.4751997
Penauta;09/09/2021 20:00;12.13860035
Penauta;09/09/2021 21:00;11.09640026
Penauta;09/09/2021 22:00;9.69659996
Penauta;09/09/2021 23:00;8.671199799
Penauta;10/09/2021 0:00;8.190600395
Penauta;10/09/2021 1:00;7.800899982
Penauta;10/09/2021 2:00;7.688799858
Penauta;10/09/2021 3:00;7.827600002
Penauta;10/09/2021 4:00;7.416600227
Penauta;10/09/2021 5:00;6.866799831
Penauta;10/09/2021 6:00;6.679999828
Penauta;10/09/2021 7:00;6.818799973
Penauta;10/09/2021 8:00;7.101699829
Penauta;10/09/2021 9:00;8.265399933
Penauta;10/09/2021 10:00;10.00640011
Penauta;10/09/2021 11:00;11.99429989
Penauta;10/09/2021 12:00;14.25599957
Penauta;10/09/2021 13:00;14.96210003
Penauta;10/09/2021 14:00;16.06439972
Penauta;10/09/2021 15:00;16.47649956
Penauta;10/09/2021 16:00;16.40159988
Penauta;10/09/2021 17:00;15.51860046
Penauta;10/09/2021 18:00;14.96210003
Penauta;10/09/2021 19:00;14.26140022
Penauta;10/09/2021 20:00;13.38430023
Penauta;10/09/2021 21:00;12.09049988
Penauta;10/09/2021 22:00;11.08040047
Penauta;10/09/2021 23:00;10.30560017
Penauta;11/09/2021 0:00;9.69659996
Penauta;11/09/2021 1:00;9.456299782
Penauta;11/09/2021 2:00;9.632499695
Penauta;11/09/2021 3:00;9.627200127
Penauta;11/09/2021 4:00;9.424200058
Penauta;11/09/2021 5:00;9.226599693
Penauta;11/09/2021 6:00;9.055700302
Penauta;11/09/2021 7:00;8.975600243
Penauta;11/09/2021 8:00;8.900799751
Penauta;11/09/2021 9:00;10.08119965
Penauta;11/09/2021 10:00;11.34749985
Penauta;11/09/2021 11:00;12.73729992
Penauta;11/09/2021 12:00;14.27740002
Penauta;11/09/2021 13:00;14.83909988
Penauta;11/09/2021 14:00;15.27779961
Penauta;11/09/2021 15:00;16.11790085
Penauta;11/09/2021 16:00;16.59429932
Penauta;11/09/2021 17:00;16.40159988
Penauta;11/09/2021 18:00;15.72189999
Penauta;11/09/2021 19:00;14.24530029
Penauta;11/09/2021 20:00;12.96189976
Penauta;11/09/2021 21:00;11.79109955
Penauta;11/09/2021 22:00;10.92539978
Penauta;11/09/2021 23:00;10.19340038
Penauta;12/09/2021 0:00;9.616499901
Penauta;12/09/2021 1:00;9.274700165
Penauta;12/09/2021 2:00;8.975600243
Penauta;12/09/2021 3:00;8.681900024
Penauta;12/09/2021 4:00;8.334799767
Penauta;12/09/2021 5:00;8.14260006
Penauta;12/09/2021 6:00;7.97179985
Penauta;12/09/2021 7:00;7.913000107
Penauta;12/09/2021 8:00;7.934400082
Penauta;12/09/2021 9:00;9.082400322
Penauta;12/09/2021 10:00;12.19200039
Penauta;12/09/2021 11:00;14.67860031
Penauta;12/09/2021 12:00;16.97430038
Penauta;12/09/2021 13:00;18.00760078
Penauta;12/09/2021 14:00;18.91810036
Penauta;12/09/2021 15:00;19.2663002
Penauta;12/09/2021 16:00;18.56990051
Penauta;12/09/2021 17:00;18.29150009
Penauta;12/09/2021 18:00;17.55789948
Penauta;12/09/2021 19:00;16.1446991
Penauta;12/09/2021 20:00;14.74820042
Penauta;12/09/2021 21:00;13.63560009
Penauta;12/09/2021 22:00;12.80150032
Penauta;12/09/2021 23:00;12.22410011
Penauta;13/09/2021 0:00;11.72700024
Penauta;13/09/2021 1:00;11.25669956
Penauta;13/09/2021 2:00;11.0323
Penauta;13/09/2021 3:00;10.66359997
Penauta;13/09/2021 4:00;10.48190022
Penauta;13/09/2021 5:00;10.41779995
Penauta;13/09/2021 6:00;10.14000034
Penauta;13/09/2021 7:00;9.904899597
Penauta;13/09/2021 8:00;9.867500305
Penauta;13/09/2021 9:00;10.4552002
Penauta;13/09/2021 10:00;11.18719959
Penauta;13/09/2021 11:00;12.90839958
Penauta;13/09/2021 12:00;14.90330029
Penauta;13/09/2021 13:00;14.38440037
Penauta;13/09/2021 14:00;14.88189983
Penauta;13/09/2021 15:00;14.17580032
Penauta;13/09/2021 16:00;12.80679989
Penauta;13/09/2021 17:00;12.19200039
Penauta;13/09/2021 18:00;11.57199955
Penauta;13/09/2021 19:00;11.13910007
Penauta;13/09/2021 20:00;10.76509953
Penauta;13/09/2021 21:00;10.47119999
Penauta;13/09/2021 22:00;10.2414999
Penauta;13/09/2021 23:00;10.0866003
Penauta;14/09/2021 0:00;9.819499969
Penauta;14/09/2021 1:00;9.605799675
Penauta;14/09/2021 2:00;9.445599556
Penauta;14/09/2021 3:00;9.226599693
Penauta;14/09/2021 4:00;9.039699554
Penauta;14/09/2021 5:00;8.852800369
Penauta;14/09/2021 6:00;8.580400467
Penauta;14/09/2021 7:00;8.206700325
Penauta;14/09/2021 8:00;8.11590004
Penauta;14/09/2021 9:00;8.72990036
Penauta;14/09/2021 10:00;9.210599899
Penauta;14/09/2021 11:00;9.782099724
Penauta;14/09/2021 12:00;10.18809986
Penauta;14/09/2021 13:00;10.93610001
Penauta;14/09/2021 14:00;11.94079971
Penauta;14/09/2021 15:00;12.13319969
Penauta;14/09/2021 16:00;12.21879959
Penauta;14/09/2021 17:00;12.11190033
Penauta;14/09/2021 18:00;11.63080025
Penauta;14/09/2021 19:00;10.90400028
Penauta;14/09/2021 20:00;10.27350044
Penauta;14/09/2021 21:00;9.974399567
Penauta;14/09/2021 22:00;9.840800285
Penauta;14/09/2021 23:00;9.734000206
Penauta;15/09/2021 0:00;9.621800423
Penauta;15/09/2021 1:00;9.509699821
Penauta;15/09/2021 2:00;9.36550045
Penauta;15/09/2021 3:00;9.258600235
Penauta;15/09/2021 4:00;9.253299713
Penauta;15/09/2021 5:00;9.11439991
Penauta;15/09/2021 6:00;8.788700104
Penauta;15/09/2021 7:00;8.479000092
Penauta;15/09/2021 8:00;8.356200218
Penauta;15/09/2021 9:00;8.7833004
Penauta;15/09/2021 10:00;11.25669956
Penauta;15/09/2021 11:00;13.07419968
Penauta;15/09/2021 12:00;12.59829998
Penauta;15/09/2021 13:00;12.6892004
Penauta;15/09/2021 14:00;13.01000023
Penauta;15/09/2021 15:00;14.1864996
Penauta;15/09/2021 16:00;13.4751997
Penauta;15/09/2021 17:00;12.73729992
Penauta;15/09/2021 18:00;12.36839962
Penauta;15/09/2021 19:00;11.96220016
Penauta;15/09/2021 20:00;11.30480003
Penauta;15/09/2021 21:00;10.82390022
Penauta;15/09/2021 22:00;10.43379974
Penauta;15/09/2021 23:00;10.0866003
Penauta;16/09/2021 0:00;9.760700226
Penauta;16/09/2021 1:00;9.477600098
Penauta;16/09/2021 2:00;9.162500381
Penauta;16/09/2021 3:00;8.980899811
Penauta;16/09/2021 4:00;8.906200409
Penauta;16/09/2021 5:00;8.575099945
Penauta;16/09/2021 6:00;7.993100166
Penauta;16/09/2021 7:00;7.683499813
Penauta;16/09/2021 8:00;7.427199841
Penauta;16/09/2021 9:00;8.409600258
Penauta;16/09/2021 10:00;10.61009979
Penauta;16/09/2021 11:00;14.13300037
Penauta;16/09/2021 12:00;16.69599915
Penauta;16/09/2021 13:00;18.02910042
Penauta;16/09/2021 14:00;17.33839989
Penauta;16/09/2021 15:00;16.85659981
Penauta;16/09/2021 16:00;16.98500061
Penauta;16/09/2021 17:00;16.47120094
Penauta;16/09/2021 18:00;15.24040031
Penauta;16/09/2021 19:00;13.97259998
Penauta;16/09/2021 20:00;12.6303997
Penauta;16/09/2021 21:00;11.46510029
Penauta;16/09/2021 22:00;10.51930046
Penauta;16/09/2021 23:00;9.744700432
Penauta;17/09/2021 0:00;8.959600449
Penauta;17/09/2021 1:00;8.393500328
Penauta;17/09/2021 2:00;7.907700062
Penauta;17/09/2021 3:00;7.672800064
Penauta;17/09/2021 4:00;7.336500168
Penauta;17/09/2021 5:00;6.872200012
Penauta;17/09/2021 6:00;6.57859993
Penauta;17/09/2021 7:00;6.311800003
Penauta;17/09/2021 8:00;6.20510006
Penauta;17/09/2021 9:00;7.016300201
Penauta;17/09/2021 10:00;9.899600029
Penauta;17/09/2021 11:00;13.24530029
Penauta;17/09/2021 12:00;15.07979965
Penauta;17/09/2021 13:00;15.09049988
Penauta;17/09/2021 14:00;16.48189926
Penauta;17/09/2021 15:00;16.42830086
Penauta;17/09/2021 16:00;15.90390015
Penauta;17/09/2021 17:00;14.06879997
Penauta;17/09/2021 18:00;13.18109989
Penauta;17/09/2021 19:00;12.55550003
Penauta;17/09/2021 20:00;11.32079983
Penauta;17/09/2021 21:00;10.20409966
Penauta;17/09/2021 22:00;9.312000275
Penauta;17/09/2021 23:00;8.297400475
Penauta;18/09/2021 0:00;7.219099998
Penauta;18/09/2021 1:00;6.818799973
Penauta;18/09/2021 2:00;6.744100094
Penauta;18/09/2021 3:00;6.263800144
Penauta;18/09/2021 4:00;5.559500217
Penauta;18/09/2021 5:00;4.994100094
Penauta;18/09/2021 6:00;4.657999992
Penauta;18/09/2021 7:00;4.354000092
Penauta;18/09/2021 8:00;4.178100109
Penauta;18/09/2021 9:00;5.212800026
Penauta;18/09/2021 10:00;7.838300228
Penauta;18/09/2021 11:00;9.02369976
Penauta;18/09/2021 12:00;9.488300323
Penauta;18/09/2021 13:00;10.04380035
Penauta;18/09/2021 14:00;10.47119999
Penauta;18/09/2021 15:00;10.90400028
Penauta;18/09/2021 16:00;11.00549984
Penauta;18/09/2021 17:00;11.31550026
Penauta;18/09/2021 18:00;10.83460045
Penauta;18/09/2021 19:00;9.814100266
Penauta;18/09/2021 20:00;8.607099533
Penauta;18/09/2021 21:00;7.672800064
Penauta;18/09/2021 22:00;6.776100159
Penauta;18/09/2021 23:00;6.14109993
Penauta;19/09/2021 0:00;5.639500141
Penauta;19/09/2021 1:00;5.234099865
Penauta;19/09/2021 2:00;4.924699783
Penauta;19/09/2021 3:00;4.620699883
Penauta;19/09/2021 4:00;4.42869997
Penauta;19/09/2021 5:00;4.4927001
Penauta;19/09/2021 6:00;4.668700218
Penauta;19/09/2021 7:00;4.764699936
Penauta;19/09/2021 8:00;4.999400139
Penauta;19/09/2021 9:00;6.06099987
Penauta;19/09/2021 10:00;8.644499779
Penauta;19/09/2021 11:00;11.91409969
Penauta;19/09/2021 12:00;13.87090015
Penauta;19/09/2021 13:00;15.00489998
Penauta;19/09/2021 14:00;14.43789959
Penauta;19/09/2021 15:00;14.91930008
Penauta;19/09/2021 16:00;14.33090019
Penauta;19/09/2021 17:00;13.5340004
Penauta;19/09/2021 18:00;12.77470016
Penauta;19/09/2021 19:00;11.89799976
Penauta;19/09/2021 20:00;10.50860023
Penauta;19/09/2021 21:00;9.354800224
Penauta;19/09/2021 22:00;8.863400459
Penauta;19/09/2021 23:00;8.494999886
Penauta;20/09/2021 0:00;8.281399727
Penauta;20/09/2021 1:00;7.950399876
Penauta;20/09/2021 2:00;7.512700081
Penauta;20/09/2021 3:00;7.165699959
Penauta;20/09/2021 4:00;6.664000034
Penauta;20/09/2021 5:00;6.509300232
Penauta;20/09/2021 6:00;6.306499958
Penauta;20/09/2021 7:00;6.194399834
Penauta;20/09/2021 8:00;6.285099983
Penauta;20/09/2021 9:00;6.797399998
Penauta;20/09/2021 10:00;7.864999771
Penauta;20/09/2021 11:00;8.895500183
Penauta;20/09/2021 12:00;9.579099655
Penauta;20/09/2021 13:00;10.66359997
Penauta;20/09/2021 14:00;11.13379955
Penauta;20/09/2021 15:00;10.65820026
Penauta;20/09/2021 16:00;10.1026001
Penauta;20/09/2021 17:00;9.440199852
Penauta;20/09/2021 18:00;8.697899818
Penauta;20/09/2021 19:00;7.891699791
Penauta;20/09/2021 20:00;7.059000015
Penauta;20/09/2021 21:00;6.546599865
Penauta;20/09/2021 22:00;6.221099854
Penauta;20/09/2021 23:00;5.943600178
Penauta;21/09/2021 0:00;5.74090004
Penauta;21/09/2021 1:00;5.644899845
Penauta;21/09/2021 2:00;5.346099854
Penauta;21/09/2021 3:00;4.898099899
Penauta;21/09/2021 4:00;4.524700165
Penauta;21/09/2021 5:00;3.975399971
Penauta;21/09/2021 6:00;3.922100067
Penauta;21/09/2021 7:00;3.890100002
Penauta;21/09/2021 8:00;3.570199966
Penauta;21/09/2021 9:00;3.852799892
Penauta;21/09/2021 10:00;6.354499817
Penauta;21/09/2021 11:00;8.409600258
Penauta;21/09/2021 12:00;8.991600037
Penauta;21/09/2021 13:00;9.397500038
Penauta;21/09/2021 14:00;9.760700226
Penauta;21/09/2021 15:00;10.27890015
Penauta;21/09/2021 16:00;10.46049976
Penauta;21/09/2021 17:00;10.00640011
Penauta;21/09/2021 18:00;9.10379982
Penauta;21/09/2021 19:00;8.334799767
Penauta;21/09/2021 20:00;7.710199833
Penauta;21/09/2021 21:00;7.251100063
Penauta;21/09/2021 22:00;6.904200077
Penauta;21/09/2021 23:00;6.642700195
Penauta;22/09/2021 0:00;6.56799984
Penauta;22/09/2021 1:00;6.519899845
Penauta;22/09/2021 2:00;6.434500217
Penauta;22/09/2021 3:00;6.311800003
Penauta;22/09/2021 4:00;6.306499958
Penauta;22/09/2021 5:00;6.269100189
Penauta;22/09/2021 6:00;6.258500099
Penauta;22/09/2021 7:00;6.130400181
Penauta;22/09/2021 8:00;6.092999935
Penauta;22/09/2021 9:00;6.14109993
Penauta;22/09/2021 10:00;6.343800068
Penauta;22/09/2021 11:00;7.293799877
Penauta;22/09/2021 12:00;8.388199806
Penauta;22/09/2021 13:00;8.874099731
Penauta;22/09/2021 14:00;8.521699905
Penauta;22/09/2021 15:00;9.963700294
Penauta;22/09/2021 16:00;10.23079967
Penauta;22/09/2021 17:00;10.02250004
Penauta;22/09/2021 18:00;9.771400452
Penauta;22/09/2021 19:00;9.093099594
Penauta;22/09/2021 20:00;8.393500328
Penauta;22/09/2021 21:00;7.811600208
Penauta;22/09/2021 22:00;7.678100109
Penauta;22/09/2021 23:00;7.411200047
Penauta;23/09/2021 0:00;7.336500168
Penauta;23/09/2021 1:00;6.952199936
Penauta;23/09/2021 2:00;6.418499947
Penauta;23/09/2021 3:00;6.11439991
Penauta;23/09/2021 4:00;5.815599918
Penauta;23/09/2021 5:00;5.634200096
Penauta;23/09/2021 6:00;5.474199772
Penauta;23/09/2021 7:00;5.29279995
Penauta;23/09/2021 8:00;5.191400051
Penauta;23/09/2021 9:00;5.655499935
Penauta;23/09/2021 10:00;7.843599796
Penauta;23/09/2021 11:00;9.931699753
Penauta;23/09/2021 12:00;11.37959957
Penauta;23/09/2021 13:00;12.42720032
Penauta;23/09/2021 14:00;12.98859978
Penauta;23/09/2021 15:00;13.21850014
Penauta;23/09/2021 16:00;12.39519978
Penauta;23/09/2021 17:00;12.52350044
Penauta;23/09/2021 18:00;11.95680046
Penauta;23/09/2021 19:00;11.06970024
Penauta;23/09/2021 20:00;9.963700294
Penauta;23/09/2021 21:00;9.189200401
Penauta;23/09/2021 22:00;8.628499985
Penauta;23/09/2021 23:00;8.238699913
Penauta;24/09/2021 0:00;8.003800392
Penauta;24/09/2021 1:00;8.083900452
Penauta;24/09/2021 2:00;8.137299538
Penauta;24/09/2021 3:00;8.105199814
Penauta;24/09/2021 4:00;8.121199608
Penauta;24/09/2021 5:00;8.131899834
Penauta;24/09/2021 6:00;8.126600266
Penauta;24/09/2021 7:00;8.046500206
Penauta;24/09/2021 8:00;8.019800186
Penauta;24/09/2021 9:00;8.233400345
Penauta;24/09/2021 10:00;8.521699905
Penauta;24/09/2021 11:00;8.468299866
Penauta;24/09/2021 12:00;9.045000076
Penauta;24/09/2021 13:00;9.418899536
Penauta;24/09/2021 14:00;10.00109959
Penauta;24/09/2021 15:00;10.54599953
Penauta;24/09/2021 16:00;10.43379974
Penauta;24/09/2021 17:00;9.798100471
Penauta;24/09/2021 18:00;9.536399841
Penauta;24/09/2021 19:00;9.269300461
Penauta;24/09/2021 20:00;8.916799545
Penauta;24/09/2021 21:00;8.69260025
Penauta;24/09/2021 22:00;8.617799759
Penauta;24/09/2021 23:00;8.559100151
Penauta;25/09/2021 0:00;8.468299866
Penauta;25/09/2021 1:00;8.340100288
Penauta;25/09/2021 2:00;8.169300079
Penauta;25/09/2021 3:00;7.715499878
Penauta;25/09/2021 4:00;7.224400043
Penauta;25/09/2021 5:00;6.765399933
Penauta;25/09/2021 6:00;6.893499851
Penauta;25/09/2021 7:00;7.026899815
Penauta;25/09/2021 8:00;7.096300125
Penauta;25/09/2021 9:00;7.325799942
Penauta;25/09/2021 10:00;7.998400211
Penauta;25/09/2021 11:00;9.328100204
Penauta;25/09/2021 12:00;9.002300262
Penauta;25/09/2021 13:00;8.847399712
Penauta;25/09/2021 14:00;8.740599632
Penauta;25/09/2021 15:00;8.874099731
Penauta;25/09/2021 16:00;9.10379982
Penauta;25/09/2021 17:00;9.75
Penauta;25/09/2021 18:00;9.531000137
Penauta;25/09/2021 19:00;8.911499977
Penauta;25/09/2021 20:00;8.222700119
Penauta;25/09/2021 21:00;7.742199898
Penauta;25/09/2021 22:00;7.486000061
Penauta;25/09/2021 23:00;7.144299984
Penauta;26/09/2021 0:00;6.754700184
Penauta;26/09/2021 1:00;6.354499817
Penauta;26/09/2021 2:00;6.503900051
Penauta;26/09/2021 3:00;6.48789978
Penauta;26/09/2021 4:00;6.482600212
Penauta;26/09/2021 5:00;6.461200237
Penauta;26/09/2021 6:00;6.455900192
Penauta;26/09/2021 7:00;6.237100124
Penauta;26/09/2021 8:00;6.226399899
Penauta;26/09/2021 9:00;6.733399868
Penauta;26/09/2021 10:00;8.532400131
Penauta;26/09/2021 11:00;10.99489975
Penauta;26/09/2021 12:00;13.04740047
Penauta;26/09/2021 13:00;14.47529984
Penauta;26/09/2021 14:00;14.56630039
Penauta;26/09/2021 15:00;14.25599957
Penauta;26/09/2021 16:00;14.04740047
Penauta;26/09/2021 17:00;13.3895998
Penauta;26/09/2021 18:00;12.47000027
Penauta;26/09/2021 19:00;11.45979977
Penauta;26/09/2021 20:00;10.48729992
Penauta;26/09/2021 21:00;9.883600235
Penauta;26/09/2021 22:00;9.322699547
Penauta;26/09/2021 23:00;8.767299652
Penauta;27/09/2021 0:00;8.083900452
Penauta;27/09/2021 1:00;7.58739996
Penauta;27/09/2021 2:00;7.315199852
Penauta;27/09/2021 3:00;7.293799877
Penauta;27/09/2021 4:00;7.325799942
Penauta;27/09/2021 5:00;7.539299965
Penauta;27/09/2021 6:00;7.763500214
Penauta;27/09/2021 7:00;7.822299957
Penauta;27/09/2021 8:00;7.848999977
Penauta;27/09/2021 9:00;8.37749958
Penauta;27/09/2021 10:00;8.970199585
Penauta;27/09/2021 11:00;10.39109993
Penauta;27/09/2021 12:00;12.3203001
Penauta;27/09/2021 13:00;13.62489986
Penauta;27/09/2021 14:00;14.13300037
Penauta;27/09/2021 15:00;14.1491003
Penauta;27/09/2021 16:00;13.87090015
Penauta;27/09/2021 17:00;13.46990013
Penauta;27/09/2021 18:00;13.56610012
Penauta;27/09/2021 19:00;12.12790012
Penauta;27/09/2021 20:00;10.47119999
Penauta;27/09/2021 21:00;9.418899536
Penauta;27/09/2021 22:00;8.943499565
Penauta;27/09/2021 23:00;8.601799965
Penauta;28/09/2021 0:00;8.238699913
Penauta;28/09/2021 1:00;8.00909996
Penauta;28/09/2021 2:00;7.688799858
Penauta;28/09/2021 3:00;7.742199898
Penauta;28/09/2021 4:00;7.811600208
Penauta;28/09/2021 5:00;7.993100166
Penauta;28/09/2021 6:00;7.987800121
Penauta;28/09/2021 7:00;7.945099831
Penauta;28/09/2021 8:00;7.891699791
Penauta;28/09/2021 9:00;8.190600395
Penauta;28/09/2021 10:00;9.605799675
Penauta;28/09/2021 11:00;12.30959988
Penauta;28/09/2021 12:00;14.59300041
Penauta;28/09/2021 13:00;15.77540016
Penauta;28/09/2021 14:00;15.22430038
Penauta;28/09/2021 15:00;14.94610023
Penauta;28/09/2021 16:00;14.48600006
Penauta;28/09/2021 17:00;13.62489986
Penauta;28/09/2021 18:00;12.94579983
Penauta;28/09/2021 19:00;12.1012001
Penauta;28/09/2021 20:00;10.72229958
Penauta;28/09/2021 21:00;9.418899536
Penauta;28/09/2021 22:00;8.03579998
Penauta;28/09/2021 23:00;6.952199936
Penauta;29/09/2021 0:00;6.253099918
Penauta;29/09/2021 1:00;5.815599918
Penauta;29/09/2021 2:00;5.618199825
Penauta;29/09/2021 3:00;5.420800209
Penauta;29/09/2021 4:00;5.234099865
Penauta;29/09/2021 5:00;5.244800091
Penauta;29/09/2021 6:00;5.607500076
Penauta;29/09/2021 7:00;5.831600189
Penauta;29/09/2021 8:00;6.013000011
Penauta;29/09/2021 9:00;6.62130022
Penauta;29/09/2021 10:00;8.099900246
Penauta;29/09/2021 11:00;8.948900223
Penauta;29/09/2021 12:00;10.20940018
Penauta;29/09/2021 13:00;12.0958004
Penauta;29/09/2021 14:00;13.05809975
Penauta;29/09/2021 15:00;13.58749962
Penauta;29/09/2021 16:00;13.58749962
Penauta;29/09/2021 17:00;13.44849968
Penauta;29/09/2021 18:00;12.58759975
Penauta;29/09/2021 19:00;11.74839973
Penauta;29/09/2021 20:00;10.51399994
Penauta;29/09/2021 21:00;9.328100204
Penauta;29/09/2021 22:00;8.468299866
Penauta;29/09/2021 23:00;7.864999771
Penauta;30/09/2021 0:00;7.475299835
Penauta;30/09/2021 1:00;7.213699818
Penauta;30/09/2021 2:00;6.856100082
Penauta;30/09/2021 3:00;6.57859993
Penauta;30/09/2021 4:00;6.258500099
Penauta;30/09/2021 5:00;6.071700096
Penauta;30/09/2021 6:00;5.874300003
Penauta;30/09/2021 7:00;5.543499947
Penauta;30/09/2021 8:00;5.260799885
Penauta;30/09/2021 9:00;5.527500153
Penauta;30/09/2021 10:00;7.923699856
Penauta;30/09/2021 11:00;10.40709972
Penauta;30/09/2021 12:00;12.3203001
Penauta;30/09/2021 13:00;13.26130009
Penauta;30/09/2021 14:00;13.83349991
Penauta;30/09/2021 15:00;13.9350996
Penauta;30/09/2021 16:00;13.84420013
Penauta;30/09/2021 17:00;13.1651001
Penauta;30/09/2021 18:00;12.3416996
Penauta;30/09/2021 19:00;11.28339958
Penauta;30/09/2021 20:00;10.16139984
Penauta;30/09/2021 21:00;9.269300461
Penauta;30/09/2021 22:00;8.537699699
Penauta;30/09/2021 23:00;7.934400082
Penauta;01/10/2021 0:00;7.496600151
Penauta;01/10/2021 1:00;7.096300125
Penauta;01/10/2021 2:00;6.936200142
Penauta;01/10/2021 3:00;6.861499786
Penauta;01/10/2021 4:00;6.749400139
Penauta;01/10/2021 5:00;6.776100159
Penauta;01/10/2021 6:00;6.738699913
Penauta;01/10/2021 7:00;6.738699913
Penauta;01/10/2021 8:00;6.706699848
Penauta;01/10/2021 9:00;6.952199936
Penauta;01/10/2021 10:00;8.185299873
Penauta;01/10/2021 11:00;10.39640045
Penauta;01/10/2021 12:00;12.59300041
Penauta;01/10/2021 13:00;13.4751997
Penauta;01/10/2021 14:00;14.13840008
Penauta;01/10/2021 15:00;14.72140026
Penauta;01/10/2021 16:00;14.90859985
Penauta;01/10/2021 17:00;14.44320011
Penauta;01/10/2021 18:00;13.69979954
Penauta;01/10/2021 19:00;12.57689953
Penauta;01/10/2021 20:00;11.69489956
Penauta;01/10/2021 21:00;11.00020027
Penauta;01/10/2021 22:00;9.953000069
Penauta;01/10/2021 23:00;9.0770998
Penauta;02/10/2021 0:00;8.51099968
Penauta;02/10/2021 1:00;7.98239994
Penauta;02/10/2021 2:00;7.619400024
Penauta;02/10/2021 3:00;7.501999855
Penauta;02/10/2021 4:00;7.437900066
Penauta;02/10/2021 5:00;7.368500233
Penauta;02/10/2021 6:00;7.373899937
Penauta;02/10/2021 7:00;7.512700081
Penauta;02/10/2021 8:00;7.672800064
Penauta;02/10/2021 9:00;7.966400146
Penauta;02/10/2021 10:00;8.521699905
Penauta;02/10/2021 11:00;9.429599762
Penauta;02/10/2021 12:00;9.787400246
Penauta;02/10/2021 13:00;9.878199577
Penauta;02/10/2021 14:00;9.824799538
Penauta;02/10/2021 15:00;9.824799538
Penauta;02/10/2021 16:00;9.627200127
Penauta;02/10/2021 17:00;9.360099792
Penauta;02/10/2021 18:00;9.055700302
Penauta;02/10/2021 19:00;8.826100349
Penauta;02/10/2021 20:00;8.623100281
Penauta;02/10/2021 21:00;8.468299866
Penauta;02/10/2021 22:00;8.329500198
Penauta;02/10/2021 23:00;8.276100159
Penauta;03/10/2021 0:00;8.281399727
Penauta;03/10/2021 1:00;8.292099953
Penauta;03/10/2021 2:00;8.302800179
Penauta;03/10/2021 3:00;7.848999977
Penauta;03/10/2021 4:00;7.144299984
Penauta;03/10/2021 5:00;6.813399792
Penauta;03/10/2021 6:00;6.557300091
Penauta;03/10/2021 7:00;6.210400105
Penauta;03/10/2021 8:00;5.692900181
Penauta;03/10/2021 9:00;5.698200226
Penauta;03/10/2021 10:00;6.199800014
Penauta;03/10/2021 11:00;7.368500233
Penauta;03/10/2021 12:00;7.790200233
Penauta;03/10/2021 13:00;8.388199806
Penauta;03/10/2021 14:00;8.724599838
Penauta;03/10/2021 15:00;8.639200211
Penauta;03/10/2021 16:00;8.991600037
Penauta;03/10/2021 17:00;8.425600052
Penauta;03/10/2021 18:00;7.646100044
Penauta;03/10/2021 19:00;7.09100008
Penauta;03/10/2021 20:00;6.354499817
Penauta;03/10/2021 21:00;5.351500034
Penauta;03/10/2021 22:00;4.668700218
Penauta;03/10/2021 23:00;4.018099785
Penauta;04/10/2021 0:00;3.575500011
Penauta;04/10/2021 1:00;3.324899912
Penauta;04/10/2021 2:00;3.12770009
Penauta;04/10/2021 3:00;2.989099979
Penauta;04/10/2021 4:00;2.898499966
Penauta;04/10/2021 5:00;2.930500031
Penauta;04/10/2021 6:00;3.010400057
Penauta;04/10/2021 7:00;3.085000038
Penauta;04/10/2021 8:00;3.292999983
Penauta;04/10/2021 9:00;3.66079998
Penauta;04/10/2021 10:00;4.700699806
Penauta;04/10/2021 11:00;5.847599983
Penauta;04/10/2021 12:00;7.283100128
Penauta;04/10/2021 13:00;8.959600449
Penauta;04/10/2021 14:00;10.25220013
Penauta;04/10/2021 15:00;10.70100021
Penauta;04/10/2021 16:00;10.17199993
Penauta;04/10/2021 17:00;9.627200127
Penauta;04/10/2021 18:00;9.14109993
Penauta;04/10/2021 19:00;7.928999901
Penauta;04/10/2021 20:00;7.186999798
Penauta;04/10/2021 21:00;6.962900162
Penauta;04/10/2021 22:00;6.776100159
Penauta;04/10/2021 23:00;6.658699989
Penauta;05/10/2021 0:00;6.557300091
Penauta;05/10/2021 1:00;6.54129982
Penauta;05/10/2021 2:00;6.573299885
Penauta;05/10/2021 3:00;6.62130022
Penauta;05/10/2021 4:00;6.664000034
Penauta;05/10/2021 5:00;6.685400009
Penauta;05/10/2021 6:00;6.674699783
Penauta;05/10/2021 7:00;6.679999828
Penauta;05/10/2021 8:00;6.674699783
Penauta;05/10/2021 9:00;6.845499992
Penauta;05/10/2021 10:00;7.096300125
Penauta;05/10/2021 11:00;7.576700211
Penauta;05/10/2021 12:00;8.596400261
Penauta;05/10/2021 13:00;9.563099861
Penauta;05/10/2021 14:00;9.840800285
Penauta;05/10/2021 15:00;9.637900352
Penauta;05/10/2021 16:00;9.376099586
Penauta;05/10/2021 17:00;9.11439991
Penauta;05/10/2021 18:00;8.724599838
Penauta;05/10/2021 19:00;7.848999977
Penauta;05/10/2021 20:00;7.15500021
Penauta;05/10/2021 21:00;6.904200077
Penauta;05/10/2021 22:00;6.754700184
Penauta;05/10/2021 23:00;6.525300026
Penauta;06/10/2021 0:00;5.980999947
Penauta;06/10/2021 1:00;5.436800003
Penauta;06/10/2021 2:00;5.052700043
Penauta;06/10/2021 3:00;4.84469986
Penauta;06/10/2021 4:00;4.711400032
Penauta;06/10/2021 5:00;4.55670023
Penauta;06/10/2021 6:00;4.39139986
Penauta;06/10/2021 7:00;4.300700188
Penauta;06/10/2021 8:00;4.316699982
Penauta;06/10/2021 9:00;4.642000198
Penauta;06/10/2021 10:00;6.146399975
Penauta;06/10/2021 11:00;7.97179985
Penauta;06/10/2021 12:00;9.579099655
Penauta;06/10/2021 13:00;10.89869976
Penauta;06/10/2021 14:00;11.65219975
Penauta;06/10/2021 15:00;11.96749973
Penauta;06/10/2021 16:00;11.82859993
Penauta;06/10/2021 17:00;11.47579956
Penauta;06/10/2021 18:00;10.97879982
Penauta;06/10/2021 19:00;10.16670036
Penauta;06/10/2021 20:00;9.146499634
Penauta;06/10/2021 21:00;8.4041996
Penauta;06/10/2021 22:00;7.736899853
Penauta;06/10/2021 23:00;7.277800083
Penauta;07/10/2021 0:00;7.016300201
Penauta;07/10/2021 1:00;6.776100159
Penauta;07/10/2021 2:00;6.653299809
Penauta;07/10/2021 3:00;6.557300091
Penauta;07/10/2021 4:00;6.418499947
Penauta;07/10/2021 5:00;6.18380022
Penauta;07/10/2021 6:00;5.938300133
Penauta;07/10/2021 7:00;5.666200161
Penauta;07/10/2021 8:00;5.394100189
Penauta;07/10/2021 9:00;5.586200237
Penauta;07/10/2021 10:00;7.977099895
Penauta;07/10/2021 11:00;10.51399994
Penauta;07/10/2021 12:00;12.30430031
Penauta;07/10/2021 13:00;13.18109989
Penauta;07/10/2021 14:00;13.50189972
Penauta;07/10/2021 15:00;13.52869987
Penauta;07/10/2021 16:00;13.24530029
Penauta;07/10/2021 17:00;12.58759975
Penauta;07/10/2021 18:00;11.86600018
Penauta;07/10/2021 19:00;10.90939999
Penauta;07/10/2021 20:00;9.899600029
Penauta;07/10/2021 21:00;9.06099987
Penauta;07/10/2021 22:00;8.37749958
Penauta;07/10/2021 23:00;7.800899982
Penauta;08/10/2021 0:00;7.325799942
Penauta;08/10/2021 1:00;6.898799896
Penauta;08/10/2021 2:00;6.471899986
Penauta;08/10/2021 3:00;6.135700226
Penauta;08/10/2021 4:00;5.842299938
Penauta;08/10/2021 5:00;5.559500217
Penauta;08/10/2021 6:00;5.319399834
Penauta;08/10/2021 7:00;5.122099876
Penauta;08/10/2021 8:00;4.983399868
Penauta;08/10/2021 9:00;5.223400116
Penauta;08/10/2021 10:00;7.15500021
Penauta;08/10/2021 11:00;9.248000145
Penauta;08/10/2021 12:00;11.48120022
Penauta;08/10/2021 13:00;12.77470016
Penauta;08/10/2021 14:00;13.41100025
Penauta;08/10/2021 15:00;13.5340004
Penauta;08/10/2021 16:00;13.29339981
Penauta;08/10/2021 17:00;12.7052002
Penauta;08/10/2021 18:00;11.96749973
Penauta;08/10/2021 19:00;11.11240005
Penauta;08/10/2021 20:00;10.12930012
Penauta;08/10/2021 21:00;9.210599899
Penauta;08/10/2021 22:00;8.372200012
Penauta;08/10/2021 23:00;7.694099903
Penauta;09/10/2021 0:00;7.18170023
Penauta;09/10/2021 1:00;6.776100159
Penauta;09/10/2021 2:00;6.493199825
Penauta;09/10/2021 3:00;6.210400105
Penauta;09/10/2021 4:00;5.943600178
Penauta;09/10/2021 5:00;5.692900181
Penauta;09/10/2021 6:00;5.431499958
Penauta;09/10/2021 7:00;5.346099854
Penauta;09/10/2021 8:00;5.335499763
Penauta;09/10/2021 9:00;5.799600124
Penauta;09/10/2021 10:00;6.54129982
Penauta;09/10/2021 11:00;8.628499985
Penauta;09/10/2021 12:00;10.50860023
Penauta;09/10/2021 13:00;11.87129974
Penauta;09/10/2021 14:00;12.4218998
Penauta;09/10/2021 15:00;12.50739956
Penauta;09/10/2021 16:00;12.21339989
Penauta;09/10/2021 17:00;11.60410023
Penauta;09/10/2021 18:00;10.58339977
Penauta;09/10/2021 19:00;9.461600304
Penauta;09/10/2021 20:00;8.425600052
Penauta;09/10/2021 21:00;7.608699799
Penauta;09/10/2021 22:00;6.962900162
Penauta;09/10/2021 23:00;6.525300026
Penauta;10/10/2021 0:00;6.15170002
Penauta;10/10/2021 1:00;5.756899834
Penauta;10/10/2021 2:00;5.351500034
Penauta;10/10/2021 3:00;5.020699978
Penauta;10/10/2021 4:00;4.748700142
Penauta;10/10/2021 5:00;4.508699894
Penauta;10/10/2021 6:00;4.263400078
Penauta;10/10/2021 7:00;4.039400101
Penauta;10/10/2021 8:00;3.90079999
Penauta;10/10/2021 9:00;4.130099773
Penauta;10/10/2021 10:00;5.863599777
Penauta;10/10/2021 11:00;7.774199963
Penauta;10/10/2021 12:00;9.370800018
Penauta;10/10/2021 13:00;10.39109993
Penauta;10/10/2021 14:00;11.1711998
Penauta;10/10/2021 15:00;11.25139999
Penauta;10/10/2021 16:00;10.89869976
Penauta;10/10/2021 17:00;10.80249977
Penauta;10/10/2021 18:00;10.0866003
Penauta;10/10/2021 19:00;9.173199654
Penauta;10/10/2021 20:00;8.388199806
Penauta;10/10/2021 21:00;7.688799858
Penauta;10/10/2021 22:00;7.053599834
Penauta;10/10/2021 23:00;6.445199966
Penauta;11/10/2021 0:00;6.071700096
Penauta;11/10/2021 1:00;5.634200096
Penauta;11/10/2021 2:00;5.207399845
Penauta;11/10/2021 3:00;4.802000046
Penauta;11/10/2021 4:00;4.513999939
Penauta;11/10/2021 5:00;4.247399807
Penauta;11/10/2021 6:00;4.028800011
Penauta;11/10/2021 7:00;3.879400015
Penauta;11/10/2021 8:00;3.772799969
Penauta;11/10/2021 9:00;4.092700005
Penauta;11/10/2021 10:00;5.586200237
Penauta;11/10/2021 11:00;7.288499832
Penauta;11/10/2021 12:00;8.831399918
Penauta;11/10/2021 13:00;9.915599823
Penauta;11/10/2021 14:00;10.44989967
Penauta;11/10/2021 15:00;10.89330006
Penauta;11/10/2021 16:00;10.9520998
Penauta;11/10/2021 17:00;11.24069977
Penauta;11/10/2021 18:00;11.02690029
Penauta;11/10/2021 19:00;9.942299843
Penauta;11/10/2021 20:00;8.585800171
Penauta;11/10/2021 21:00;7.630099773
Penauta;11/10/2021 22:00;6.968200207
Penauta;11/10/2021 23:00;6.439899921
Penauta;12/10/2021 0:00;5.895599842
Penauta;12/10/2021 1:00;5.468800068
Penauta;12/10/2021 2:00;5.020699978
Penauta;12/10/2021 3:00;4.652699947
Penauta;12/10/2021 4:00;4.348700047
Penauta;12/10/2021 5:00;4.10340023
Penauta;12/10/2021 6:00;3.954099894
Penauta;12/10/2021 7:00;3.804800034
Penauta;12/10/2021 8:00;3.66079998
Penauta;12/10/2021 9:00;3.895400047
Penauta;12/10/2021 10:00;5.746200085
Penauta;12/10/2021 11:00;7.977099895
Penauta;12/10/2021 12:00;9.744700432
Penauta;12/10/2021 13:00;10.87730026
Penauta;12/10/2021 14:00;11.32079983
Penauta;12/10/2021 15:00;11.35289955
Penauta;12/10/2021 16:00;11.19789982
Penauta;12/10/2021 17:00;10.73840046
Penauta;12/10/2021 18:00;10.05990028
Penauta;12/10/2021 19:00;9.10379982
Penauta;12/10/2021 20:00;8.067899704
Penauta;12/10/2021 21:00;7.411200047
Penauta;12/10/2021 22:00;6.738699913
Penauta;12/10/2021 23:00;6.269100189
Penauta;13/10/2021 0:00;5.842299938
Penauta;13/10/2021 1:00;5.591499805
Penauta;13/10/2021 2:00;5.282100201
Penauta;13/10/2021 3:00;4.764699936
Penauta;13/10/2021 4:00;4.369999886
Penauta;13/10/2021 5:00;4.316699982
Penauta;13/10/2021 6:00;4.007400036
Penauta;13/10/2021 7:00;3.767499924
Penauta;13/10/2021 8:00;3.72480011
Penauta;13/10/2021 9:00;3.980799913
Penauta;13/10/2021 10:00;5.986299992
Penauta;13/10/2021 11:00;8.174599648
Penauta;13/10/2021 12:00;9.888899803
Penauta;13/10/2021 13:00;10.9520998
Penauta;13/10/2021 14:00;11.48649979
Penauta;13/10/2021 15:00;11.60410023
Penauta;13/10/2021 16:00;11.52390003
Penauta;13/10/2021 17:00;11.13910007
Penauta;13/10/2021 18:00;10.49260044
Penauta;13/10/2021 19:00;9.482999802
Penauta;13/10/2021 20:00;8.463000298
Penauta;13/10/2021 21:00;7.662099838
Penauta;13/10/2021 22:00;7.000199795
Penauta;13/10/2021 23:00;6.48789978
Penauta;14/10/2021 0:00;6.028999805
Penauta;14/10/2021 1:00;5.564799786
Penauta;14/10/2021 2:00;5.148799896
Penauta;14/10/2021 3:00;4.716700077
Penauta;14/10/2021 4:00;4.348700047
Penauta;14/10/2021 5:00;4.039400101
Penauta;14/10/2021 6:00;3.927400112
Penauta;14/10/2021 7:00;3.890100002
Penauta;14/10/2021 8:00;3.815500021
Penauta;14/10/2021 9:00;4.066100121
Penauta;14/10/2021 10:00;6.402500153
Penauta;14/10/2021 11:00;8.986300468
Penauta;14/10/2021 12:00;10.7329998
Penauta;14/10/2021 13:00;11.78579998
Penauta;14/10/2021 14:00;12.14929962
Penauta;14/10/2021 15:00;12.20269966
Penauta;14/10/2021 16:00;12.29889965
Penauta;14/10/2021 17:00;12.04240036
Penauta;14/10/2021 18:00;11.13379955
Penauta;14/10/2021 19:00;9.937000275
Penauta;14/10/2021 20:00;8.548399925
Penauta;14/10/2021 21:00;7.405900002
Penauta;14/10/2021 22:00;6.509300232
Penauta;14/10/2021 23:00;5.895599842
Penauta;15/10/2021 0:00;5.372799873
Penauta;15/10/2021 1:00;4.999400139
Penauta;15/10/2021 2:00;4.791399956
Penauta;15/10/2021 3:00;4.444699764
Penauta;15/10/2021 4:00;4.071400166
Penauta;15/10/2021 5:00;3.895400047
Penauta;15/10/2021 6:00;3.788800001
Penauta;15/10/2021 7:00;3.71420002
Penauta;15/10/2021 8:00;3.634200096
Penauta;15/10/2021 9:00;3.836800098
Penauta;15/10/2021 10:00;5.895599842
Penauta;15/10/2021 11:00;8.276100159
Penauta;15/10/2021 12:00;10.01710033
Penauta;15/10/2021 13:00;11.18719959
Penauta;15/10/2021 14:00;11.54529953
Penauta;15/10/2021 15:00;11.46510029
Penauta;15/10/2021 16:00;11.1711998
Penauta;15/10/2021 17:00;10.5781002
Penauta;15/10/2021 18:00;10.01179981
Penauta;15/10/2021 19:00;9.06099987
Penauta;15/10/2021 20:00;7.961100101
Penauta;15/10/2021 21:00;7.149700165
Penauta;15/10/2021 22:00;6.466599941
Penauta;15/10/2021 23:00;5.954299927
Penauta;16/10/2021 0:00;5.580900192
Penauta;16/10/2021 1:00;5.351500034
Penauta;16/10/2021 2:00;5.255400181
Penauta;16/10/2021 3:00;5.410099983
Penauta;16/10/2021 4:00;5.559500217
Penauta;16/10/2021 5:00;5.660900116
Penauta;16/10/2021 6:00;5.559500217
Penauta;16/10/2021 7:00;5.62349987
Penauta;16/10/2021 8:00;5.76760006
Penauta;16/10/2021 9:00;6.285099983
Penauta;16/10/2021 10:00;6.760099888
Penauta;16/10/2021 11:00;7.283100128
Penauta;16/10/2021 12:00;8.201299667
Penauta;16/10/2021 13:00;9.675200462
Penauta;16/10/2021 14:00;10.61009979
Penauta;16/10/2021 15:00;10.34829998
Penauta;16/10/2021 16:00;10.1026001
Penauta;16/10/2021 17:00;9.477600098
Penauta;16/10/2021 18:00;8.708600044
Penauta;16/10/2021 19:00;8.057200432
Penauta;16/10/2021 20:00;7.710199833
Penauta;16/10/2021 21:00;7.576700211
Penauta;16/10/2021 22:00;7.459300041
Penauta;16/10/2021 23:00;7.357900143
Penauta;17/10/2021 0:00;7.325799942
Penauta;17/10/2021 1:00;7.283100128
Penauta;17/10/2021 2:00;7.005599976
Penauta;17/10/2021 3:00;6.829500198
Penauta;17/10/2021 4:00;6.647999763
Penauta;17/10/2021 5:00;6.242400169
Penauta;17/10/2021 6:00;5.708899975
Penauta;17/10/2021 7:00;5.724899769
Penauta;17/10/2021 8:00;5.255400181
Penauta;17/10/2021 9:00;4.962100029
Penauta;17/10/2021 10:00;6.589300156
Penauta;17/10/2021 11:00;9.029000282
Penauta;17/10/2021 12:00;10.75440025
Penauta;17/10/2021 13:00;12.61439991
Penauta;17/10/2021 14:00;12.68389988
Penauta;17/10/2021 15:00;12.13319969
Penauta;17/10/2021 16:00;11.79650021
Penauta;17/10/2021 17:00;11.18719959
Penauta;17/10/2021 18:00;10.16670036
Penauta;17/10/2021 19:00;9.093099594
Penauta;17/10/2021 20:00;7.961100101
Penauta;17/10/2021 21:00;7.074999809
Penauta;17/10/2021 22:00;6.626699924
Penauta;17/10/2021 23:00;6.594600201
Penauta;18/10/2021 0:00;6.733399868
Penauta;18/10/2021 1:00;6.824100018
Penauta;18/10/2021 2:00;6.914800167
Penauta;18/10/2021 3:00;6.877500057
Penauta;18/10/2021 4:00;7.160399914
Penauta;18/10/2021 5:00;7.565999985
Penauta;18/10/2021 6:00;7.832900047
Penauta;18/10/2021 7:00;8.11590004
Penauta;18/10/2021 8:00;8.260100365
Penauta;18/10/2021 9:00;8.564399719
Penauta;18/10/2021 10:00;9.744700432
Penauta;18/10/2021 11:00;11.32079983
Penauta;18/10/2021 12:00;12.83360004
Penauta;18/10/2021 13:00;13.81210041
Penauta;18/10/2021 14:00;14.11699963
Penauta;18/10/2021 15:00;14.34700012
Penauta;18/10/2021 16:00;14.22389984
Penauta;18/10/2021 17:00;13.5607996
Penauta;18/10/2021 18:00;12.37909985
Penauta;18/10/2021 19:00;11.02690029
Penauta;18/10/2021 20:00;10.20409966
Penauta;18/10/2021 21:00;9.718000412
Penauta;18/10/2021 22:00;9.349399567
Penauta;18/10/2021 23:00;9.098400116
Penauta;19/10/2021 0:00;9.012999535
Penauta;19/10/2021 1:00;8.916799545
Penauta;19/10/2021 2:00;8.601799965
Penauta;19/10/2021 3:00;8.217300415
Penauta;19/10/2021 4:00;8.14260006
Penauta;19/10/2021 5:00;8.227999687
Penauta;19/10/2021 6:00;8.254699707
Penauta;19/10/2021 7:00;8.308099747
Penauta;19/10/2021 8:00;8.37749958
Penauta;19/10/2021 9:00;8.617799759
Penauta;19/10/2021 10:00;9.328100204
Penauta;19/10/2021 11:00;10.52470016
Penauta;19/10/2021 12:00;11.36359978
Penauta;19/10/2021 13:00;12.24009991
Penauta;19/10/2021 14:00;12.58230019
Penauta;19/10/2021 15:00;12.67850018
Penauta;19/10/2021 16:00;12.48600006
Penauta;19/10/2021 17:00;12.36839962
Penauta;19/10/2021 18:00;11.89799976
Penauta;19/10/2021 19:00;11.28339958
Penauta;19/10/2021 20:00;10.20940018
Penauta;19/10/2021 21:00;9.616499901
Penauta;19/10/2021 22:00;9.370800018
Penauta;19/10/2021 23:00;9.274700165
Penauta;20/10/2021 0:00;9.146499634
Penauta;20/10/2021 1:00;9.06099987
Penauta;20/10/2021 2:00;8.906200409
Penauta;20/10/2021 3:00;8.564399719
Penauta;20/10/2021 4:00;8.254699707
Penauta;20/10/2021 5:00;7.859600067
Penauta;20/10/2021 6:00;7.523300171
Penauta;20/10/2021 7:00;7.299099922
Penauta;20/10/2021 8:00;7.405900002
Penauta;20/10/2021 9:00;7.731500149
Penauta;20/10/2021 10:00;8.121199608
Penauta;20/10/2021 11:00;8.48429966
Penauta;20/10/2021 12:00;9.16779995
Penauta;20/10/2021 13:00;9.728699684
Penauta;20/10/2021 14:00;9.856900215
Penauta;20/10/2021 15:00;9.701999664
Penauta;20/10/2021 16:00;9.349399567
Penauta;20/10/2021 17:00;8.938199997
Penauta;20/10/2021 18:00;8.4041996
Penauta;20/10/2021 19:00;7.608699799
Penauta;20/10/2021 20:00;6.834799767
Penauta;20/10/2021 21:00;6.343800068
Penauta;20/10/2021 22:00;6.359799862
Penauta;20/10/2021 23:00;6.471899986
Penauta;21/10/2021 0:00;6.349199772
Penauta;21/10/2021 1:00;6.221099854
Penauta;21/10/2021 2:00;5.948999882
Penauta;21/10/2021 3:00;5.532800198
Penauta;21/10/2021 4:00;5.33010006
Penauta;21/10/2021 5:00;5.159399986
Penauta;21/10/2021 6:00;4.940700054
Penauta;21/10/2021 7:00;4.418000221
Penauta;21/10/2021 8:00;3.719500065
Penauta;21/10/2021 9:00;3.356899977
Penauta;21/10/2021 10:00;4.140699863
Penauta;21/10/2021 11:00;5.324800014
Penauta;21/10/2021 12:00;7.005599976
Penauta;21/10/2021 13:00;7.726200104
Penauta;21/10/2021 14:00;8.260100365
Penauta;21/10/2021 15:00;8.644499779
Penauta;21/10/2021 16:00;9.937000275
Penauta;21/10/2021 17:00;9.135800362
Penauta;21/10/2021 18:00;8.196000099
Penauta;21/10/2021 19:00;7.192399979
Penauta;21/10/2021 20:00;6.253099918
Penauta;21/10/2021 21:00;5.047399998
Penauta;21/10/2021 22:00;4.316699982
Penauta;21/10/2021 23:00;4.044700146
Penauta;22/10/2021 0:00;3.964799881
Penauta;22/10/2021 1:00;4.007400036
Penauta;22/10/2021 2:00;3.980799913
Penauta;22/10/2021 3:00;3.543499947
Penauta;22/10/2021 4:00;3.543499947
Penauta;22/10/2021 5:00;3.586199999
Penauta;22/10/2021 6:00;3.207700014
Penauta;22/10/2021 7:00;3.303600073
Penauta;22/10/2021 8:00;3.367599964
Penauta;22/10/2021 9:00;3.87409997
Penauta;22/10/2021 10:00;4.727399826
Penauta;22/10/2021 11:00;5.71420002
Penauta;22/10/2021 12:00;7.133699894
Penauta;22/10/2021 13:00;8.762000084
Penauta;22/10/2021 14:00;9.429599762
Penauta;22/10/2021 15:00;9.002300262
Penauta;22/10/2021 16:00;9.039699554
Penauta;22/10/2021 17:00;9.029000282
Penauta;22/10/2021 18:00;8.77270031
Penauta;22/10/2021 19:00;7.694099903
Penauta;22/10/2021 20:00;6.311800003
Penauta;22/10/2021 21:00;5.570199966
Penauta;22/10/2021 22:00;4.978099823
Penauta;22/10/2021 23:00;4.508699894
Penauta;23/10/2021 0:00;3.996799946
Penauta;23/10/2021 1:00;3.495500088
Penauta;23/10/2021 2:00;3.095700026
Penauta;23/10/2021 3:00;2.722599983
Penauta;23/10/2021 4:00;2.429399967
Penauta;23/10/2021 5:00;2.184200048
Penauta;23/10/2021 6:00;1.96570003
Penauta;23/10/2021 7:00;1.768599987
Penauta;23/10/2021 8:00;1.58739996
Penauta;23/10/2021 9:00;1.448899984
Penauta;23/10/2021 10:00;1.555400014
Penauta;23/10/2021 11:00;2.456099987
Penauta;23/10/2021 12:00;5.644899845
Penauta;23/10/2021 13:00;7.240399837
Penauta;23/10/2021 14:00;7.977099895
Penauta;23/10/2021 15:00;8.292099953
Penauta;23/10/2021 16:00;8.4041996
Penauta;23/10/2021 17:00;8.110600471
Penauta;23/10/2021 18:00;7.272500038
Penauta;23/10/2021 19:00;6.162399769
Penauta;23/10/2021 20:00;5.250100136
Penauta;23/10/2021 21:00;4.588699818
Penauta;23/10/2021 22:00;4.002099991
Penauta;23/10/2021 23:00;3.527499914
Penauta;24/10/2021 0:00;3.213000059
Penauta;24/10/2021 1:00;2.80250001
Penauta;24/10/2021 2:00;2.456099987
Penauta;24/10/2021 3:00;2.264199972
Penauta;24/10/2021 4:00;2.120300055
Penauta;24/10/2021 5:00;2.019000053
Penauta;24/10/2021 6:00;1.907099962
Penauta;24/10/2021 7:00;1.816499949
Penauta;24/10/2021 8:00;1.99240005
Penauta;24/10/2021 9:00;1.96570003
Penauta;24/10/2021 10:00;2.631900072
Penauta;24/10/2021 11:00;5.191400051
Penauta;24/10/2021 12:00;7.251100063
Penauta;24/10/2021 13:00;8.260100365
Penauta;24/10/2021 14:00;8.735300064
Penauta;24/10/2021 15:00;9.135800362
Penauta;24/10/2021 16:00;9.835499763
Penauta;24/10/2021 17:00;9.814100266
Penauta;24/10/2021 18:00;9.162500381
Penauta;24/10/2021 19:00;8.361499786
Penauta;24/10/2021 20:00;7.710199833
Penauta;24/10/2021 21:00;7.12830019
Penauta;24/10/2021 22:00;6.599999905
Penauta;24/10/2021 23:00;6.135700226
Penauta;25/10/2021 0:00;5.362100124
Penauta;25/10/2021 1:00;4.508699894
Penauta;25/10/2021 2:00;3.922100067
Penauta;25/10/2021 3:00;3.447599888
Penauta;25/10/2021 4:00;3.111700058
Penauta;25/10/2021 5:00;2.935800076
Penauta;25/10/2021 6:00;2.743900061
Penauta;25/10/2021 7:00;2.562700033
Penauta;25/10/2021 8:00;2.41869998
Penauta;25/10/2021 9:00;2.397399902
Penauta;25/10/2021 10:00;3.063699961
Penauta;25/10/2021 11:00;4.834000111
Penauta;25/10/2021 12:00;6.760099888
Penauta;25/10/2021 13:00;8.051799774
Penauta;25/10/2021 14:00;8.334799767
Penauta;25/10/2021 15:00;8.345499992
Penauta;25/10/2021 16:00;8.110600471
Penauta;25/10/2021 17:00;7.608699799
Penauta;25/10/2021 18:00;6.589300156
Penauta;25/10/2021 19:00;5.62349987
Penauta;25/10/2021 20:00;4.967400074
Penauta;25/10/2021 21:00;4.657999992
Penauta;25/10/2021 22:00;4.386000156
Penauta;25/10/2021 23:00;3.767499924
Penauta;26/10/2021 0:00;3.356899977
Penauta;26/10/2021 1:00;3.031699896
Penauta;26/10/2021 2:00;2.727900028
Penauta;26/10/2021 3:00;2.57859993
Penauta;26/10/2021 4:00;2.349499941
Penauta;26/10/2021 5:00;2.157599926
Penauta;26/10/2021 6:00;2.003000021
Penauta;26/10/2021 7:00;1.864500046
Penauta;26/10/2021 8:00;1.715299964
Penauta;26/10/2021 9:00;1.59800005
Penauta;26/10/2021 10:00;1.811200023
Penauta;26/10/2021 11:00;3.943399906
Penauta;26/10/2021 12:00;6.066400051
Penauta;26/10/2021 13:00;7.1177001
Penauta;26/10/2021 14:00;7.763500214
Penauta;26/10/2021 15:00;8.227999687
Penauta;26/10/2021 16:00;8.244000435
Penauta;26/10/2021 17:00;7.993100166
Penauta;26/10/2021 18:00;7.427199841
Penauta;26/10/2021 19:00;6.439899921
Penauta;26/10/2021 20:00;5.415500164
Penauta;26/10/2021 21:00;4.695400238
Penauta;26/10/2021 22:00;4.05009985
Penauta;26/10/2021 23:00;3.836800098
Penauta;27/10/2021 0:00;3.607500076
Penauta;27/10/2021 1:00;3.28760004
Penauta;27/10/2021 2:00;2.909100056
Penauta;27/10/2021 3:00;2.626600027
Penauta;27/10/2021 4:00;2.41869998
Penauta;27/10/2021 5:00;2.24819994
Penauta;27/10/2021 6:00;2.08829999
Penauta;27/10/2021 7:00;1.933799982
Penauta;27/10/2021 8:00;1.800500035
Penauta;27/10/2021 9:00;1.709900022
Penauta;27/10/2021 10:00;1.971099973
Penauta;27/10/2021 11:00;4.226099968
Penauta;27/10/2021 12:00;6.48789978
Penauta;27/10/2021 13:00;7.699500084
Penauta;27/10/2021 14:00;8.276100159
Penauta;27/10/2021 15:00;8.548399925
Penauta;27/10/2021 16:00;8.537699699
Penauta;27/10/2021 17:00;8.206700325
Penauta;27/10/2021 18:00;7.581999779
Penauta;27/10/2021 19:00;6.573299885
Penauta;27/10/2021 20:00;5.751599789
Penauta;27/10/2021 21:00;4.962100029
Penauta;27/10/2021 22:00;4.449999809
Penauta;27/10/2021 23:00;4.034100056
Penauta;28/10/2021 0:00;3.698199987
Penauta;28/10/2021 1:00;3.351599932
Penauta;28/10/2021 2:00;3.138400078
Penauta;28/10/2021 3:00;3.010400057
Penauta;28/10/2021 4:00;2.685199976
Penauta;28/10/2021 5:00;2.232199907
Penauta;28/10/2021 6:00;1.987100005
Penauta;28/10/2021 7:00;1.827200055
Penauta;28/10/2021 8:00;1.720600009
Penauta;28/10/2021 9:00;1.741899967
Penauta;28/10/2021 10:00;3.005100012
Penauta;28/10/2021 11:00;4.791399956
Penauta;28/10/2021 12:00;6.589300156
Penauta;28/10/2021 13:00;7.400599957
Penauta;28/10/2021 14:00;7.58739996
Penauta;28/10/2021 15:00;7.694099903
Penauta;28/10/2021 16:00;7.555399895
Penauta;28/10/2021 17:00;7.171000004
Penauta;28/10/2021 18:00;6.381199837
Penauta;28/10/2021 19:00;5.74090004
Penauta;28/10/2021 20:00;5.287399769
Penauta;28/10/2021 21:00;4.956699848
Penauta;28/10/2021 22:00;4.503399849
Penauta;28/10/2021 23:00;4.108699799
Penauta;29/10/2021 0:00;3.948800087
Penauta;29/10/2021 1:00;3.847500086
Penauta;29/10/2021 2:00;3.746099949
Penauta;29/10/2021 3:00;3.72480011
Penauta;29/10/2021 4:00;3.676800013
Penauta;29/10/2021 5:00;3.682199955
Penauta;29/10/2021 6:00;3.698199987
Penauta;29/10/2021 7:00;3.730099916
Penauta;29/10/2021 8:00;3.756799936
Penauta;29/10/2021 9:00;3.847500086
Penauta;29/10/2021 10:00;4.295400143
Penauta;29/10/2021 11:00;5.212800026
Penauta;29/10/2021 12:00;5.970300198
Penauta;29/10/2021 13:00;6.584000111
Penauta;29/10/2021 14:00;6.674699783
Penauta;29/10/2021 15:00;6.386499882
Penauta;29/10/2021 16:00;5.970300198
Penauta;29/10/2021 17:00;5.367499828
Penauta;29/10/2021 18:00;4.967400074
Penauta;29/10/2021 19:00;4.620699883
Penauta;29/10/2021 20:00;4.322000027
Penauta;29/10/2021 21:00;4.002099991
Penauta;29/10/2021 22:00;3.820800066
Penauta;29/10/2021 23:00;3.735500097
Penauta;30/10/2021 0:00;3.804800034
Penauta;30/10/2021 1:00;3.991400003
Penauta;30/10/2021 2:00;4.498000145
Penauta;30/10/2021 3:00;5.042099953
Penauta;30/10/2021 4:00;5.394100189
Penauta;30/10/2021 5:00;5.522200108
Penauta;30/10/2021 6:00;5.351500034
Penauta;30/10/2021 7:00;5.090099812
Penauta;30/10/2021 8:00;4.881999969
Penauta;30/10/2021 9:00;4.785999775
Penauta;30/10/2021 10:00;4.946100235
Penauta;30/10/2021 11:00;5.602200031
Penauta;30/10/2021 12:00;6.802800179
Penauta;30/10/2021 13:00;7.379199982
Penauta;30/10/2021 14:00;7.763500214
Penauta;30/10/2021 15:00;8.030500412
Penauta;30/10/2021 16:00;7.672800064
Penauta;30/10/2021 17:00;7.160399914
Penauta;30/10/2021 18:00;6.685400009
Penauta;30/10/2021 19:00;6.125100136
Penauta;30/10/2021 20:00;5.751599789
Penauta;30/10/2021 21:00;5.511499882
Penauta;30/10/2021 22:00;5.287399769
Penauta;30/10/2021 23:00;5.015399933
Penauta;31/10/2021 0:00;4.876699924
Penauta;31/10/2021 1:00;4.86070013
Penauta;31/10/2021 2:00;4.84469986
Penauta;31/10/2021 3:00;4.903399944
Penauta;31/10/2021 4:00;5.047399998
Penauta;31/10/2021 5:00;5.111400127
Penauta;31/10/2021 6:00;5.223400116
Penauta;31/10/2021 7:00;5.474199772
Penauta;31/10/2021 8:00;5.708899975
Penauta;31/10/2021 9:00;6.023700237
Penauta;31/10/2021 10:00;6.423900127
Penauta;31/10/2021 11:00;6.770800114
Penauta;31/10/2021 12:00;7.384500027
Penauta;31/10/2021 13:00;7.667500019
Penauta;31/10/2021 14:00;7.678100109
Penauta;31/10/2021 15:00;7.640799999
Penauta;31/10/2021 16:00;7.421899796
Penauta;31/10/2021 17:00;7.06430006
Penauta;31/10/2021 18:00;6.562600136
Penauta;31/10/2021 19:00;6.05039978
Penauta;31/10/2021 20:00;5.61289978
Penauta;31/10/2021 21:00;5.30880022
Penauta;31/10/2021 22:00;5.015399933
Penauta;31/10/2021 23:00;4.828700066
Penauta;01/11/2021 0:00;4.722000122
Penauta;01/11/2021 1:00;4.620699883
Penauta;01/11/2021 2:00;4.460700035
Penauta;01/11/2021 3:00;4.066100121
Penauta;01/11/2021 4:00;3.618200064
Penauta;01/11/2021 5:00;3.244999886
Penauta;01/11/2021 6:00;2.813199997
Penauta;01/11/2021 7:00;2.584000111
Penauta;01/11/2021 8:00;2.338799953
Penauta;01/11/2021 9:00;2.093600035
Penauta;01/11/2021 10:00;2.136300087
Penauta;01/11/2021 11:00;2.568000078
Penauta;01/11/2021 12:00;3.415600061
Penauta;01/11/2021 13:00;4.10340023
Penauta;01/11/2021 14:00;4.567399979
Penauta;01/11/2021 15:00;4.647399902
Penauta;01/11/2021 16:00;4.45539999
Penauta;01/11/2021 17:00;4.178100109
Penauta;01/11/2021 18:00;3.543499947
Penauta;01/11/2021 19:00;2.818500042
Penauta;01/11/2021 20:00;2.440099955
Penauta;01/11/2021 21:00;2.237499952
Penauta;01/11/2021 22:00;2.072299957
Penauta;01/11/2021 23:00;1.99240005
Penauta;02/11/2021 0:00;1.971099973
Penauta;02/11/2021 1:00;1.981699944
Penauta;02/11/2021 2:00;1.997699976
Penauta;02/11/2021 3:00;2.019000053
Penauta;02/11/2021 4:00;2.029700041
Penauta;02/11/2021 5:00;2.040299892
Penauta;02/11/2021 6:00;2.045700073
Penauta;02/11/2021 7:00;2.061700106
Penauta;02/11/2021 8:00;2.045700073
Penauta;02/11/2021 9:00;2.045700073
Penauta;02/11/2021 10:00;2.402800083
Penauta;02/11/2021 11:00;2.919800043
Penauta;02/11/2021 12:00;3.255599976
Penauta;02/11/2021 13:00;3.404900074
Penauta;02/11/2021 14:00;3.404900074
Penauta;02/11/2021 15:00;3.767499924
Penauta;02/11/2021 16:00;3.591500044
Penauta;02/11/2021 17:00;2.775899887
Penauta;02/11/2021 18:00;2.456099987
Penauta;02/11/2021 19:00;2.306799889
Penauta;02/11/2021 20:00;2.200200081
Penauta;02/11/2021 21:00;2.130899906
Penauta;02/11/2021 22:00;2.093600035
Penauta;02/11/2021 23:00;2.072299957
Penauta;03/11/2021 0:00;2.056299925
Penauta;03/11/2021 1:00;2.029700041
Penauta;03/11/2021 2:00;2.019000053
Penauta;03/11/2021 3:00;2.019000053
Penauta;03/11/2021 4:00;2.003000021
Penauta;03/11/2021 5:00;1.997699976
Penauta;03/11/2021 6:00;1.987100005
Penauta;03/11/2021 7:00;1.99240005
Penauta;03/11/2021 8:00;1.997699976
Penauta;03/11/2021 9:00;2.019000053
Penauta;03/11/2021 10:00;2.045700073
Penauta;03/11/2021 11:00;2.098999977
Penauta;03/11/2021 12:00;2.146899939
Penauta;03/11/2021 13:00;2.194900036
Penauta;03/11/2021 14:00;2.242899895
Penauta;03/11/2021 15:00;2.258899927
Penauta;03/11/2021 16:00;2.269500017
Penauta;03/11/2021 17:00;2.28550005
Penauta;03/11/2021 18:00;2.264199972
Penauta;03/11/2021 19:00;2.210900068
Penauta;03/11/2021 20:00;2.162899971
Penauta;03/11/2021 21:00;2.141599894
Penauta;03/11/2021 22:00;2.120300055
Penauta;03/11/2021 23:00;2.104300022
Penauta;04/11/2021 0:00;2.093600035
Penauta;04/11/2021 1:00;2.08829999
Penauta;04/11/2021 2:00;2.082999945
Penauta;04/11/2021 3:00;2.072299957
Penauta;04/11/2021 4:00;2.066999912
Penauta;04/11/2021 5:00;1.96570003
Penauta;04/11/2021 6:00;1.768599987
Penauta;04/11/2021 7:00;1.58739996
Penauta;04/11/2021 8:00;1.507500052
Penauta;04/11/2021 9:00;1.475499988
Penauta;04/11/2021 10:00;1.480800033
Penauta;04/11/2021 11:00;1.518100023
Penauta;04/11/2021 12:00;1.582100034
Penauta;04/11/2021 13:00;1.651299953
Penauta;04/11/2021 14:00;1.720600009
Penauta;04/11/2021 15:00;1.768599987
Penauta;04/11/2021 16:00;1.805899978
Penauta;04/11/2021 17:00;1.827200055
Penauta;04/11/2021 18:00;1.800500035
Penauta;04/11/2021 19:00;1.752599955
Penauta;04/11/2021 20:00;1.720600009
Penauta;04/11/2021 21:00;1.672600031
Penauta;04/11/2021 22:00;1.640699983
Penauta;04/11/2021 23:00;1.619400024
Penauta;05/11/2021 0:00;1.62469995
Penauta;05/11/2021 1:00;1.62469995
Penauta;05/11/2021 2:00;1.619400024
Penauta;05/11/2021 3:00;1.571400046
Penauta;05/11/2021 4:00;1.486199975
Penauta;05/11/2021 5:00;1.438199997
Penauta;05/11/2021 6:00;1.406200051
Penauta;05/11/2021 7:00;1.368899941
Penauta;05/11/2021 8:00;1.390200019
Penauta;05/11/2021 9:00;1.42750001
Penauta;05/11/2021 10:00;1.486199975
Penauta;05/11/2021 11:00;1.576699972
Penauta;05/11/2021 12:00;1.661999941
Penauta;05/11/2021 13:00;1.736600041
Penauta;05/11/2021 14:00;1.79519999
Penauta;05/11/2021 15:00;1.832499981
Penauta;05/11/2021 16:00;1.827200055
Penauta;05/11/2021 17:00;1.811200023
Penauta;05/11/2021 18:00;1.784600019
Penauta;05/11/2021 19:00;1.768599987
Penauta;05/11/2021 20:00;1.741899967
Penauta;05/11/2021 21:00;1.747300029
Penauta;05/11/2021 22:00;1.7579
Penauta;05/11/2021 23:00;1.768599987
Penauta;06/11/2021 0:00;1.773900032
Penauta;06/11/2021 1:00;1.763200045
Penauta;06/11/2021 2:00;1.741899967
Penauta;06/11/2021 3:00;1.709900022
Penauta;06/11/2021 4:00;1.677999973
Penauta;06/11/2021 5:00;1.592700005
Penauta;06/11/2021 6:00;1.49150002
Penauta;06/11/2021 7:00;1.384899974
Penauta;06/11/2021 8:00;1.331599951
Penauta;06/11/2021 9:00;1.219699979
Penauta;06/11/2021 10:00;1.182399988
Penauta;06/11/2021 11:00;1.230399966
Penauta;06/11/2021 12:00;1.235700011
Penauta;06/11/2021 13:00;1.283699989
Penauta;06/11/2021 14:00;1.470199943
Penauta;06/11/2021 15:00;1.656700015
Penauta;06/11/2021 16:00;1.747300029
Penauta;06/11/2021 17:00;1.677999973
Penauta;06/11/2021 18:00;1.422199965
Penauta;06/11/2021 19:00;1.432899952
Penauta;06/11/2021 20:00;1.443500042
Penauta;06/11/2021 21:00;1.432899952
Penauta;06/11/2021 22:00;1.384899974
Penauta;06/11/2021 23:00;1.337000012
Penauta;07/11/2021 0:00;1.289000034
Penauta;07/11/2021 1:00;1.241099954
Penauta;07/11/2021 2:00;1.182399988
Penauta;07/11/2021 3:00;1.091899991
Penauta;07/11/2021 4:00;0.948000014
Penauta;07/11/2021 5:00;0.841499984
Penauta;07/11/2021 6:00;0.750899971
Penauta;07/11/2021 7:00;0.692300022
Penauta;07/11/2021 8:00;0.644400001
Penauta;07/11/2021 9:00;0.60710001
Penauta;07/11/2021 10:00;0.585799992
Penauta;07/11/2021 11:00;0.575100005
Penauta;07/11/2021 12:00;0.575100005
Penauta;07/11/2021 13:00;0.591099977
Penauta;07/11/2021 14:00;0.633700013
Penauta;07/11/2021 15:00;0.697600007
Penauta;07/11/2021 16:00;0.761600018
Penauta;07/11/2021 17:00;0.825500011
Penauta;07/11/2021 18:00;0.873399973
Penauta;07/11/2021 19:00;0.910700023
Penauta;07/11/2021 20:00;0.921400011
Penauta;07/11/2021 21:00;0.931999981
Penauta;07/11/2021 22:00;0.969299972
Penauta;07/11/2021 23:00;1.022600055
Penauta;08/11/2021 0:00;1.107900023
Penauta;08/11/2021 1:00;1.22510004
Penauta;08/11/2021 2:00;1.374300003
Penauta;08/11/2021 3:00;1.475499988
Penauta;08/11/2021 4:00;1.640699983
Penauta;08/11/2021 5:00;1.789899945
Penauta;08/11/2021 6:00;1.907099962
Penauta;08/11/2021 7:00;1.971099973
Penauta;08/11/2021 8:00;2.035000086
Penauta;08/11/2021 9:00;2.205600023
Penauta;08/11/2021 10:00;2.711899996
Penauta;08/11/2021 11:00;3.666199923
Penauta;08/11/2021 12:00;4.439400196
Penauta;08/11/2021 13:00;5.159399986
Penauta;08/11/2021 14:00;5.522200108
Penauta;08/11/2021 15:00;5.975699902
Penauta;08/11/2021 16:00;6.11439991
Penauta;08/11/2021 17:00;5.831600189
Penauta;08/11/2021 18:00;4.988699913
Penauta;08/11/2021 19:00;4.546000004
Penauta;08/11/2021 20:00;4.05009985
Penauta;08/11/2021 21:00;3.575500011
Penauta;08/11/2021 22:00;3.143699884
Penauta;08/11/2021 23:00;2.706599951
Penauta;09/11/2021 0:00;2.280200005
Penauta;09/11/2021 1:00;1.987100005
Penauta;09/11/2021 2:00;1.752599955
Penauta;09/11/2021 3:00;1.58739996
Penauta;09/11/2021 4:00;1.480800033
Penauta;09/11/2021 5:00;1.422199965
Penauta;09/11/2021 6:00;1.384899974
Penauta;09/11/2021 7:00;1.347599983
Penauta;09/11/2021 8:00;1.289000034
Penauta;09/11/2021 9:00;1.278399944
Penauta;09/11/2021 10:00;1.646000028
Penauta;09/11/2021 11:00;2.823800087
Penauta;09/11/2021 12:00;3.682199955
Penauta;09/11/2021 13:00;4.588699818
Penauta;09/11/2021 14:00;5.052700043
Penauta;09/11/2021 15:00;5.154099941
Penauta;09/11/2021 16:00;5.042099953
Penauta;09/11/2021 17:00;4.764699936
Penauta;09/11/2021 18:00;4.151400089
Penauta;09/11/2021 19:00;3.410200119
Penauta;09/11/2021 20:00;2.957099915
Penauta;09/11/2021 21:00;2.615999937
Penauta;09/11/2021 22:00;2.328099966
Penauta;09/11/2021 23:00;2.056299925
Penauta;10/11/2021 0:00;1.853800058
Penauta;10/11/2021 1:00;1.683300018
Penauta;10/11/2021 2:00;1.582100034
Penauta;10/11/2021 3:00;1.496799946
Penauta;10/11/2021 4:00;1.363600016
Penauta;10/11/2021 5:00;1.273000002
Penauta;10/11/2021 6:00;1.256999969
Penauta;10/11/2021 7:00;1.22510004
Penauta;10/11/2021 8:00;1.166499972
Penauta;10/11/2021 9:00;1.113199949
Penauta;10/11/2021 10:00;1.29429996
Penauta;10/11/2021 11:00;2.184200048
Penauta;10/11/2021 12:00;3.255599976
Penauta;10/11/2021 13:00;3.65019989
Penauta;10/11/2021 14:00;3.863399982
Penauta;10/11/2021 15:00;4.082099915
Penauta;10/11/2021 16:00;4.002099991
Penauta;10/11/2021 17:00;3.730099916
Penauta;10/11/2021 18:00;3.197000027
Penauta;10/11/2021 19:00;2.471999884
Penauta;10/11/2021 20:00;2.061700106
Penauta;10/11/2021 21:00;1.773900032
Penauta;10/11/2021 22:00;1.592700005
Penauta;10/11/2021 23:00;1.443500042
Penauta;11/11/2021 0:00;1.315600038
Penauta;11/11/2021 1:00;1.22510004
Penauta;11/11/2021 2:00;1.139799953
Penauta;11/11/2021 3:00;1.059900045
Penauta;11/11/2021 4:00;0.963999987
Penauta;11/11/2021 5:00;0.868099988
Penauta;11/11/2021 6:00;0.766900003
Penauta;11/11/2021 7:00;0.692300022
Penauta;11/11/2021 8:00;0.638999999
Penauta;11/11/2021 9:00;0.601800025
Penauta;11/11/2021 10:00;0.617699981
Penauta;11/11/2021 11:00;0.729600012
Penauta;11/11/2021 12:00;0.995999992
Penauta;11/11/2021 13:00;1.677999973
Penauta;11/11/2021 14:00;2.57859993
Penauta;11/11/2021 15:00;3.586199999
Penauta;11/11/2021 16:00;4.332699776
Penauta;11/11/2021 17:00;4.412700176
Penauta;11/11/2021 18:00;4.098100185
Penauta;11/11/2021 19:00;3.46359992
Penauta;11/11/2021 20:00;3.015700102
Penauta;11/11/2021 21:00;2.631900072
Penauta;11/11/2021 22:00;2.338799953
Penauta;11/11/2021 23:00;2.120300055
Penauta;12/11/2021 0:00;1.949800014
Penauta;12/11/2021 1:00;1.768599987
Penauta;12/11/2021 2:00;1.656700015
Penauta;12/11/2021 3:00;1.63530004
Penauta;12/11/2021 4:00;1.560700059
Penauta;12/11/2021 5:00;1.438199997
Penauta;12/11/2021 6:00;1.347599983
Penauta;12/11/2021 7:00;1.273000002
Penauta;12/11/2021 8:00;1.182399988
Penauta;12/11/2021 9:00;1.177099943
Penauta;12/11/2021 10:00;1.656700015
Penauta;12/11/2021 11:00;2.759900093
Penauta;12/11/2021 12:00;3.847500086
Penauta;12/11/2021 13:00;4.412700176
Penauta;12/11/2021 14:00;4.716700077
Penauta;12/11/2021 15:00;4.88740015
Penauta;12/11/2021 16:00;4.86070013
Penauta;12/11/2021 17:00;4.593999863
Penauta;12/11/2021 18:00;4.092700005
Penauta;12/11/2021 19:00;3.410200119
Penauta;12/11/2021 20:00;2.845200062
Penauta;12/11/2021 21:00;2.424099922
Penauta;12/11/2021 22:00;2.072299957
Penauta;12/11/2021 23:00;1.688599944
Penauta;13/11/2021 0:00;1.395599961
Penauta;13/11/2021 1:00;1.18780005
Penauta;13/11/2021 2:00;1.134500027
Penauta;13/11/2021 3:00;1.086500049
Penauta;13/11/2021 4:00;1.065199971
Penauta;13/11/2021 5:00;1.001299977
Penauta;13/11/2021 6:00;0.937399983
Penauta;13/11/2021 7:00;0.830799997
Penauta;13/11/2021 8:00;0.814800024
Penauta;13/11/2021 9:00;0.963999987
Penauta;13/11/2021 10:00;1.901800036
Penauta;13/11/2021 11:00;2.930500031
Penauta;13/11/2021 12:00;3.778100014
Penauta;13/11/2021 13:00;4.092700005
Penauta;13/11/2021 14:00;4.215400219
Penauta;13/11/2021 15:00;4.332699776
Penauta;13/11/2021 16:00;4.028800011
Penauta;13/11/2021 17:00;3.666199923
Penauta;13/11/2021 18:00;3.143699884
Penauta;13/11/2021 19:00;2.429399967
Penauta;13/11/2021 20:00;1.875100017
Penauta;13/11/2021 21:00;1.651299953
Penauta;13/11/2021 22:00;1.571400046
Penauta;13/11/2021 23:00;1.438199997
Penauta;14/11/2021 0:00;1.273000002
Penauta;14/11/2021 1:00;1.262400031
Penauta;14/11/2021 2:00;1.198400021
Penauta;14/11/2021 3:00;1.097200036
Penauta;14/11/2021 4:00;0.980000019
Penauta;14/11/2021 5:00;0.878799975
Penauta;14/11/2021 6:00;0.804199994
Penauta;14/11/2021 7:00;0.766900003
Penauta;14/11/2021 8:00;0.734899998
Penauta;14/11/2021 9:00;0.708299994
Penauta;14/11/2021 10:00;0.708299994
Penauta;14/11/2021 11:00;0.793500006
Penauta;14/11/2021 12:00;0.985300004
Penauta;14/11/2021 13:00;1.438199997
Penauta;14/11/2021 14:00;2.035000086
Penauta;14/11/2021 15:00;2.637300014
Penauta;14/11/2021 16:00;3.255599976
Penauta;14/11/2021 17:00;3.319600105
Penauta;14/11/2021 18:00;3.074399948
Penauta;14/11/2021 19:00;2.653300047
Penauta;14/11/2021 20:00;2.301500082
Penauta;14/11/2021 21:00;2.003000021
Penauta;14/11/2021 22:00;1.7579
Penauta;14/11/2021 23:00;1.544800043
Penauta;15/11/2021 0:00;1.475499988
Penauta;15/11/2021 1:00;1.672600031
Penauta;15/11/2021 2:00;1.454200029
Penauta;15/11/2021 3:00;1.256999969
Penauta;15/11/2021 4:00;1.432899952
Penauta;15/11/2021 5:00;1.390200019
Penauta;15/11/2021 6:00;1.193099976
Penauta;15/11/2021 7:00;1.059900045
Penauta;15/11/2021 8:00;0.916100025
Penauta;15/11/2021 9:00;0.873399973
Penauta;15/11/2021 10:00;1.171800017
Penauta;15/11/2021 11:00;2.082999945
Penauta;15/11/2021 12:00;2.786499977
Penauta;15/11/2021 13:00;3.6875
Penauta;15/11/2021 14:00;4.449999809
Penauta;15/11/2021 15:00;4.711400032
Penauta;15/11/2021 16:00;4.647399902
Penauta;15/11/2021 17:00;4.08739996
Penauta;15/11/2021 18:00;3.340899944
Penauta;15/11/2021 19:00;2.781199932
Penauta;15/11/2021 20:00;2.328099966
Penauta;15/11/2021 21:00;2.040299892
Penauta;15/11/2021 22:00;1.848500013
Penauta;15/11/2021 23:00;1.715299964
Penauta;16/11/2021 0:00;1.58739996
Penauta;16/11/2021 1:00;1.422199965
Penauta;16/11/2021 2:00;1.166499972
Penauta;16/11/2021 3:00;0.948000014
Penauta;16/11/2021 4:00;0.782899976
Penauta;16/11/2021 5:00;0.633700013
Penauta;16/11/2021 6:00;0.537800014
Penauta;16/11/2021 7:00;0.489899993
Penauta;16/11/2021 8:00;0.442000002
Penauta;16/11/2021 9:00;0.420599997
Penauta;16/11/2021 10:00;0.46329999
Penauta;16/11/2021 11:00;0.532500029
Penauta;16/11/2021 12:00;0.873399973
Penauta;16/11/2021 13:00;1.699300051
Penauta;16/11/2021 14:00;2.450700045
Penauta;16/11/2021 15:00;2.989099979
Penauta;16/11/2021 16:00;3.159699917
Penauta;16/11/2021 17:00;2.978399992
Penauta;16/11/2021 18:00;2.402800083
Penauta;16/11/2021 19:00;1.896499991
Penauta;16/11/2021 20:00;1.566100001
Penauta;16/11/2021 21:00;1.289000034
Penauta;16/11/2021 22:00;1.065199971
Penauta;16/11/2021 23:00;0.878799975
Penauta;17/11/2021 0:00;0.718999982
Penauta;17/11/2021 1:00;0.596400023
Penauta;17/11/2021 2:00;0.495200008
Penauta;17/11/2021 3:00;0.425999999
Penauta;17/11/2021 4:00;0.372700006
Penauta;17/11/2021 5:00;0.303499997
Penauta;17/11/2021 6:00;0.255499989
Penauta;17/11/2021 7:00;0.196899995
Penauta;17/11/2021 8:00;0.116999999
Penauta;17/11/2021 9:00;0.031800002
Penauta;17/11/2021 10:00;0.047800001
Penauta;17/11/2021 11:00;0.116999999
Penauta;17/11/2021 12:00;0.207599998
Penauta;17/11/2021 13:00;0.447299987
Penauta;17/11/2021 14:00;0.820200026
Penauta;17/11/2021 15:00;1.081200004
Penauta;17/11/2021 16:00;1.203799963
Penauta;17/11/2021 17:00;1.16110003
Penauta;17/11/2021 18:00;1.0546
Penauta;17/11/2021 19:00;0.857500017
Penauta;17/11/2021 20:00;0.665700018
Penauta;17/11/2021 21:00;0.527199984
Penauta;17/11/2021 22:00;0.404700011
Penauta;17/11/2021 23:00;0.282200009
Penauta;18/11/2021 0:00;0.149000004
Penauta;18/11/2021 1:00;0.0105
Penauta;18/11/2021 2:00;-0.122599997
Penauta;18/11/2021 3:00;-0.239800006
Penauta;18/11/2021 4:00;-0.346300006
Penauta;18/11/2021 5:00;-0.420899987
Penauta;18/11/2021 6:00;-0.463499993
Penauta;18/11/2021 7:00;-0.506099999
Penauta;18/11/2021 8:00;-0.522000015
Penauta;18/11/2021 9:00;-0.527400017
Penauta;18/11/2021 10:00;-0.399599999
Penauta;18/11/2021 11:00;-0.218500003
Penauta;18/11/2021 12:00;-0.069399998
Penauta;18/11/2021 13:00;0.0744
Penauta;18/11/2021 14:00;0.266200006
Penauta;18/11/2021 15:00;0.532500029
Penauta;18/11/2021 16:00;0.761600018
Penauta;18/11/2021 17:00;0.894800007
Penauta;18/11/2021 18:00;0.900099993
Penauta;18/11/2021 19:00;0.804199994
Penauta;18/11/2021 20:00;0.686999977
Penauta;18/11/2021 21:00;0.575100005
Penauta;18/11/2021 22:00;0.46329999
Penauta;18/11/2021 23:00;0.356700003
Penauta;19/11/2021 0:00;0.250200003
Penauta;19/11/2021 1:00;0.149000004
Penauta;19/11/2021 2:00;0.047800001
Penauta;19/11/2021 3:00;-0.048099998
Penauta;19/11/2021 4:00;-0.143900007
Penauta;19/11/2021 5:00;-0.229100004
Penauta;19/11/2021 6:00;-0.3037
Penauta;19/11/2021 7:00;-0.362300009
Penauta;19/11/2021 8:00;-0.394199997
Penauta;19/11/2021 9:00;-0.404900014
Penauta;19/11/2021 10:00;-0.319700003
Penauta;19/11/2021 11:00;-0.1919
Penauta;19/11/2021 12:00;-0.069399998
Penauta;19/11/2021 13:00;0.085100003
Penauta;19/11/2021 14:00;0.319400012
Penauta;19/11/2021 15:00;0.617699981
Penauta;19/11/2021 16:00;0.905399978
Penauta;19/11/2021 17:00;1.070600033
Penauta;19/11/2021 18:00;1.049299955
Penauta;19/11/2021 19:00;0.894800007
Penauta;19/11/2021 20:00;0.7403
Penauta;19/11/2021 21:00;0.601800025
Penauta;19/11/2021 22:00;0.50059998
Penauta;19/11/2021 23:00;0.442000002
Penauta;20/11/2021 0:00;0.442000002
Penauta;20/11/2021 1:00;0.442000002
Penauta;20/11/2021 2:00;0.425999999
Penauta;20/11/2021 3:00;0.372700006
Penauta;20/11/2021 4:00;0.335399985
Penauta;20/11/2021 5:00;0.319400012
Penauta;20/11/2021 6:00;0.303499997
Penauta;20/11/2021 7:00;0.271499991
Penauta;20/11/2021 8:00;0.271499991
Penauta;20/11/2021 9:00;0.271499991
Penauta;20/11/2021 10:00;0.282200009
Penauta;20/11/2021 11:00;0.388700008
Penauta;20/11/2021 12:00;0.804199994
Penauta;20/11/2021 13:00;1.523399949
Penauta;20/11/2021 14:00;2.344099998
Penauta;20/11/2021 15:00;3.426199913
Penauta;20/11/2021 16:00;3.559499979
Penauta;20/11/2021 17:00;3.239599943
Penauta;20/11/2021 18:00;2.637300014
Penauta;20/11/2021 19:00;2.082999945
Penauta;20/11/2021 20:00;1.672600031
Penauta;20/11/2021 21:00;1.358299971
Penauta;20/11/2021 22:00;1.102499962
Penauta;20/11/2021 23:00;0.910700023
Penauta;21/11/2021 0:00;0.750899971
Penauta;21/11/2021 1:00;0.628400028
Penauta;21/11/2021 2:00;0.537800014
Penauta;21/11/2021 3:00;0.46329999
Penauta;21/11/2021 4:00;0.399300009
Penauta;21/11/2021 5:00;0.335399985
Penauta;21/11/2021 6:00;0.276800007
Penauta;21/11/2021 7:00;0.2236
Penauta;21/11/2021 8:00;0.170300007
Penauta;21/11/2021 9:00;0.127700001
Penauta;21/11/2021 10:00;0.095700003
Penauta;21/11/2021 11:00;0.133000001
Penauta;21/11/2021 12:00;0.244900003
Penauta;21/11/2021 13:00;0.495200008
Penauta;21/11/2021 14:00;0.846800029
Penauta;21/11/2021 15:00;1.177099943
Penauta;21/11/2021 16:00;1.507500052
Penauta;21/11/2021 17:00;1.656700015
Penauta;21/11/2021 18:00;1.619400024
Penauta;21/11/2021 19:00;1.534100056
Penauta;21/11/2021 20:00;1.352900028
Penauta;21/11/2021 21:00;1.145200014
Penauta;21/11/2021 22:00;0.948000014
Penauta;21/11/2021 23:00;0.782899976
Penauta;22/11/2021 0:00;0.676299989
Penauta;22/11/2021 1:00;0.585799992
Penauta;22/11/2021 2:00;0.484600008
Penauta;22/11/2021 3:00;0.393999994
Penauta;22/11/2021 4:00;0.319400012
Penauta;22/11/2021 5:00;0.282200009
Penauta;22/11/2021 6:00;0.271499991
Penauta;22/11/2021 7:00;0.250200003
Penauta;22/11/2021 8:00;0.239500001
Penauta;22/11/2021 9:00;0.2289
Penauta;22/11/2021 10:00;0.218199998
Penauta;22/11/2021 11:00;0.218199998
Penauta;22/11/2021 12:00;0.2289
Penauta;22/11/2021 13:00;0.250200003
Penauta;22/11/2021 14:00;0.282200009
Penauta;22/11/2021 15:00;0.314099997
Penauta;22/11/2021 16:00;0.351399988
Penauta;22/11/2021 17:00;0.372700006
Penauta;22/11/2021 18:00;0.388700008
Penauta;22/11/2021 19:00;0.409999996
Penauta;22/11/2021 20:00;0.420599997
Penauta;22/11/2021 21:00;0.4366
Penauta;22/11/2021 22:00;0.452600002
Penauta;22/11/2021 23:00;0.46329999
Penauta;23/11/2021 0:00;0.479200006
Penauta;23/11/2021 1:00;0.495200008
Penauta;23/11/2021 2:00;0.511200011
Penauta;23/11/2021 3:00;0.521899998
Penauta;23/11/2021 4:00;0.521899998
Penauta;23/11/2021 5:00;0.527199984
Penauta;23/11/2021 6:00;0.537800014
Penauta;23/11/2021 7:00;0.532500029
Penauta;23/11/2021 8:00;0.511200011
Penauta;23/11/2021 9:00;0.511200011
Penauta;23/11/2021 10:00;0.516499996
Penauta;23/11/2021 11:00;0.532500029
Penauta;23/11/2021 12:00;0.548500001
Penauta;23/11/2021 13:00;0.575100005
Penauta;23/11/2021 14:00;0.60710001
Penauta;23/11/2021 15:00;0.623099983
Penauta;23/11/2021 16:00;0.617699981
Penauta;23/11/2021 17:00;0.585799992
Penauta;23/11/2021 18:00;0.543200016
Penauta;23/11/2021 19:00;0.489899993
Penauta;23/11/2021 20:00;0.46329999
Penauta;23/11/2021 21:00;0.425999999
Penauta;23/11/2021 22:00;0.399300009
Penauta;23/11/2021 23:00;0.372700006
Penauta;24/11/2021 0:00;0.362100005
Penauta;24/11/2021 1:00;0.356700003
Penauta;24/11/2021 2:00;0.340799987
Penauta;24/11/2021 3:00;0.324800014
Penauta;24/11/2021 4:00;0.308800012
Penauta;24/11/2021 5:00;0.292800009
Penauta;24/11/2021 6:00;0.287499994
Penauta;24/11/2021 7:00;0.287499994
Penauta;24/11/2021 8:00;0.292800009
Penauta;24/11/2021 9:00;0.287499994
Penauta;24/11/2021 10:00;0.298099995
Penauta;24/11/2021 11:00;0.319400012
Penauta;24/11/2021 12:00;0.356700003
Penauta;24/11/2021 13:00;0.388700008
Penauta;24/11/2021 14:00;0.425999999
Penauta;24/11/2021 15:00;0.457899988
Penauta;24/11/2021 16:00;0.484600008
Penauta;24/11/2021 17:00;0.505900025
Penauta;24/11/2021 18:00;0.516499996
Penauta;24/11/2021 19:00;0.527199984
Penauta;24/11/2021 20:00;0.537800014
Penauta;24/11/2021 21:00;0.543200016
Penauta;24/11/2021 22:00;0.548500001
Penauta;24/11/2021 23:00;0.548500001
Penauta;25/11/2021 0:00;0.50059998
Penauta;25/11/2021 1:00;0.452600002
Penauta;25/11/2021 2:00;0.393999994
Penauta;25/11/2021 3:00;0.351399988
Penauta;25/11/2021 4:00;0.324800014
Penauta;25/11/2021 5:00;0.314099997
Penauta;25/11/2021 6:00;0.314099997
Penauta;25/11/2021 7:00;0.324800014
Penauta;25/11/2021 8:00;0.340799987
Penauta;25/11/2021 9:00;0.351399988
Penauta;25/11/2021 10:00;0.362100005
Penauta;25/11/2021 11:00;0.377999991
Penauta;25/11/2021 12:00;0.404700011
Penauta;25/11/2021 13:00;0.4366
Penauta;25/11/2021 14:00;0.47389999
Penauta;25/11/2021 15:00;0.505900025
Penauta;25/11/2021 16:00;0.521899998
Penauta;25/11/2021 17:00;0.516499996
Penauta;25/11/2021 18:00;0.516499996
Penauta;25/11/2021 19:00;0.495200008
Penauta;25/11/2021 20:00;0.47389999
Penauta;25/11/2021 21:00;0.447299987
Penauta;25/11/2021 22:00;0.420599997
Penauta;25/11/2021 23:00;0.404700011
Penauta;26/11/2021 0:00;0.383399993
Penauta;26/11/2021 1:00;0.356700003
Penauta;26/11/2021 2:00;0.346100003
Penauta;26/11/2021 3:00;0.324800014
Penauta;26/11/2021 4:00;0.314099997
Penauta;26/11/2021 5:00;0.303499997
Penauta;26/11/2021 6:00;0.298099995
Penauta;26/11/2021 7:00;0.287499994
Penauta;26/11/2021 8:00;0.266200006
Penauta;26/11/2021 9:00;0.234200001
Penauta;26/11/2021 10:00;0.191599995
Penauta;26/11/2021 11:00;0.149000004
Penauta;26/11/2021 12:00;0.138300002
Penauta;26/11/2021 13:00;0.143700004
Penauta;26/11/2021 14:00;0.170300007
Penauta;26/11/2021 15:00;0.196899995
Penauta;26/11/2021 16:00;0.2289
Penauta;26/11/2021 17:00;0.250200003
Penauta;26/11/2021 18:00;0.260899991
Penauta;26/11/2021 19:00;0.276800007
Penauta;26/11/2021 20:00;0.287499994
Penauta;26/11/2021 21:00;0.292800009
Penauta;26/11/2021 22:00;0.303499997
Penauta;26/11/2021 23:00;0.324800014
Penauta;27/11/2021 0:00;0.340799987
Penauta;27/11/2021 1:00;0.356700003
Penauta;27/11/2021 2:00;0.372700006
Penauta;27/11/2021 3:00;0.388700008
Penauta;27/11/2021 4:00;0.404700011
Penauta;27/11/2021 5:00;0.415300012
Penauta;27/11/2021 6:00;0.425999999
Penauta;27/11/2021 7:00;0.431300014
Penauta;27/11/2021 8:00;0.4366
Penauta;27/11/2021 9:00;0.4366
Penauta;27/11/2021 10:00;0.431300014
Penauta;27/11/2021 11:00;0.420599997
Penauta;27/11/2021 12:00;0.409999996
Penauta;27/11/2021 13:00;0.404700011
Penauta;27/11/2021 14:00;0.404700011
Penauta;27/11/2021 15:00;0.404700011
Penauta;27/11/2021 16:00;0.404700011
Penauta;27/11/2021 17:00;0.399300009
Penauta;27/11/2021 18:00;0.388700008
Penauta;27/11/2021 19:00;0.367399991
Penauta;27/11/2021 20:00;0.346100003
Penauta;27/11/2021 21:00;0.319400012
Penauta;27/11/2021 22:00;0.298099995
Penauta;27/11/2021 23:00;0.282200009
Penauta;28/11/2021 0:00;0.271499991
Penauta;28/11/2021 1:00;0.266200006
Penauta;28/11/2021 2:00;0.260899991
Penauta;28/11/2021 3:00;0.260899991
Penauta;28/11/2021 4:00;0.266200006
Penauta;28/11/2021 5:00;0.271499991
Penauta;28/11/2021 6:00;0.282200009
Penauta;28/11/2021 7:00;0.287499994
Penauta;28/11/2021 8:00;0.303499997
Penauta;28/11/2021 9:00;0.319400012
Penauta;28/11/2021 10:00;0.335399985
Penauta;28/11/2021 11:00;0.335399985
Penauta;28/11/2021 12:00;0.356700003
Penauta;28/11/2021 13:00;0.377999991
Penauta;28/11/2021 14:00;0.404700011
Penauta;28/11/2021 15:00;0.431300014
Penauta;28/11/2021 16:00;0.457899988
Penauta;28/11/2021 17:00;0.47389999
Penauta;28/11/2021 18:00;0.484600008
Penauta;28/11/2021 19:00;0.489899993
Penauta;28/11/2021 20:00;0.495200008
Penauta;28/11/2021 21:00;0.511200011
Penauta;28/11/2021 22:00;0.521899998
Penauta;28/11/2021 23:00;0.537800014
Penauta;29/11/2021 0:00;0.548500001
Penauta;29/11/2021 1:00;0.559099972
Penauta;29/11/2021 2:00;0.564499974
Penauta;29/11/2021 3:00;0.575100005
Penauta;29/11/2021 4:00;0.585799992
Penauta;29/11/2021 5:00;0.591099977
Penauta;29/11/2021 6:00;0.596400023
Penauta;29/11/2021 7:00;0.601800025
Penauta;29/11/2021 8:00;0.617699981
Penauta;29/11/2021 9:00;0.623099983
Penauta;29/11/2021 10:00;0.638999999
Penauta;29/11/2021 11:00;0.654999971
Penauta;29/11/2021 12:00;0.671000004
Penauta;29/11/2021 13:00;0.686999977
Penauta;29/11/2021 14:00;0.703000009
Penauta;29/11/2021 15:00;0.718999982
Penauta;29/11/2021 16:00;0.729600012
Penauta;29/11/2021 17:00;0.734899998
Penauta;29/11/2021 18:00;0.734899998
Penauta;29/11/2021 19:00;0.734899998
Penauta;29/11/2021 20:00;0.729600012
Penauta;29/11/2021 21:00;0.724300027
Penauta;29/11/2021 22:00;0.708299994
Penauta;29/11/2021 23:00;0.697600007
Penauta;30/11/2021 0:00;0.681699991
Penauta;30/11/2021 1:00;0.671000004
Penauta;30/11/2021 2:00;0.649699986
Penauta;30/11/2021 3:00;0.628400028
Penauta;30/11/2021 4:00;0.612399995
Penauta;30/11/2021 5:00;0.596400023
Penauta;30/11/2021 6:00;0.585799992
Penauta;30/11/2021 7:00;0.575100005
Penauta;30/11/2021 8:00;0.569800019
Penauta;30/11/2021 9:00;0.585799992
Penauta;30/11/2021 10:00;0.60710001
Penauta;30/11/2021 11:00;0.617699981
Penauta;30/11/2021 12:00;0.644400001
Penauta;30/11/2021 13:00;0.671000004
Penauta;30/11/2021 14:00;0.703000009
Penauta;30/11/2021 15:00;0.729600012
Penauta;30/11/2021 16:00;0.7403
Penauta;30/11/2021 17:00;0.756200016
Penauta;30/11/2021 18:00;0.756200016
Penauta;30/11/2021 19:00;0.756200016
Penauta;30/11/2021 20:00;0.750899971
Penauta;30/11/2021 21:00;0.756200016
Penauta;30/11/2021 22:00;0.756200016
Penauta;30/11/2021 23:00;0.756200016
Penauta;01/12/2021 0:00;0.756200016
Penauta;01/12/2021 1:00;0.756200016
Penauta;01/12/2021 2:00;0.756200016
Penauta;01/12/2021 3:00;0.756200016
Penauta;01/12/2021 4:00;0.756200016
Penauta;01/12/2021 5:00;0.756200016
Penauta;01/12/2021 6:00;0.756200016
Penauta;01/12/2021 7:00;0.756200016
Penauta;01/12/2021 8:00;0.756200016
Penauta;01/12/2021 9:00;0.761600018
Penauta;01/12/2021 10:00;0.761600018
Penauta;01/12/2021 11:00;0.772199988
Penauta;01/12/2021 12:00;0.766900003
Penauta;01/12/2021 13:00;0.750899971
Penauta;01/12/2021 14:00;0.750899971
Penauta;01/12/2021 15:00;0.750899971
Penauta;01/12/2021 16:00;0.750899971
Penauta;01/12/2021 17:00;0.745599985
Penauta;01/12/2021 18:00;0.734899998
Penauta;01/12/2021 19:00;0.71359998
Penauta;01/12/2021 20:00;0.692300022
Penauta;01/12/2021 21:00;0.676299989
Penauta;01/12/2021 22:00;0.671000004
Penauta;01/12/2021 23:00;0.660399973
Penauta;02/12/2021 0:00;0.649699986
Penauta;02/12/2021 1:00;0.644400001
Penauta;02/12/2021 2:00;0.633700013
Penauta;02/12/2021 3:00;0.623099983
Penauta;02/12/2021 4:00;0.601800025
Penauta;02/12/2021 5:00;0.564499974
Penauta;02/12/2021 6:00;0.532500029
Penauta;02/12/2021 7:00;0.495200008
Penauta;02/12/2021 8:00;0.457899988
Penauta;02/12/2021 9:00;0.431300014
Penauta;02/12/2021 10:00;0.409999996
Penauta;02/12/2021 11:00;0.415300012
Penauta;02/12/2021 12:00;0.442000002
Penauta;02/12/2021 13:00;0.489899993
Penauta;02/12/2021 14:00;0.537800014
Penauta;02/12/2021 15:00;0.564499974
Penauta;02/12/2021 16:00;0.575100005
Penauta;02/12/2021 17:00;0.569800019
Penauta;02/12/2021 18:00;0.543200016
Penauta;02/12/2021 19:00;0.50059998
Penauta;02/12/2021 20:00;0.452600002
Penauta;02/12/2021 21:00;0.409999996
Penauta;02/12/2021 22:00;0.356700003
Penauta;02/12/2021 23:00;0.314099997
Penauta;03/12/2021 0:00;0.282200009
Penauta;03/12/2021 1:00;0.260899991
Penauta;03/12/2021 2:00;0.244900003
Penauta;03/12/2021 3:00;0.234200001
Penauta;03/12/2021 4:00;0.234200001
Penauta;03/12/2021 5:00;0.239500001
Penauta;03/12/2021 6:00;0.250200003
Penauta;03/12/2021 7:00;0.260899991
Penauta;03/12/2021 8:00;0.276800007
Penauta;03/12/2021 9:00;0.303499997
Penauta;03/12/2021 10:00;0.346100003
Penauta;03/12/2021 11:00;0.393999994
Penauta;03/12/2021 12:00;0.452600002
Penauta;03/12/2021 13:00;0.516499996
Penauta;03/12/2021 14:00;0.575100005
Penauta;03/12/2021 15:00;0.612399995
Penauta;03/12/2021 16:00;0.628400028
Penauta;03/12/2021 17:00;0.623099983
Penauta;03/12/2021 18:00;0.601800025
Penauta;03/12/2021 19:00;0.580500007
Penauta;03/12/2021 20:00;0.564499974
Penauta;03/12/2021 21:00;0.553799987
Penauta;03/12/2021 22:00;0.543200016
Penauta;03/12/2021 23:00;0.543200016
Penauta;04/12/2021 0:00;0.543200016
Penauta;04/12/2021 1:00;0.543200016
Penauta;04/12/2021 2:00;0.548500001
Penauta;04/12/2021 3:00;0.537800014
Penauta;04/12/2021 4:00;0.532500029
Penauta;04/12/2021 5:00;0.532500029
Penauta;04/12/2021 6:00;0.548500001
Penauta;04/12/2021 7:00;0.564499974
Penauta;04/12/2021 8:00;0.575100005
Penauta;04/12/2021 9:00;0.585799992
Penauta;04/12/2021 10:00;0.60710001
Penauta;04/12/2021 11:00;0.644400001
Penauta;04/12/2021 12:00;0.676299989
Penauta;04/12/2021 13:00;0.697600007
Penauta;04/12/2021 14:00;0.734899998
Penauta;04/12/2021 15:00;0.750899971
Penauta;04/12/2021 16:00;0.761600018
Penauta;04/12/2021 17:00;0.745599985
Penauta;04/12/2021 18:00;0.718999982
Penauta;04/12/2021 19:00;0.686999977
Penauta;04/12/2021 20:00;0.644400001
Penauta;04/12/2021 21:00;0.601800025
Penauta;04/12/2021 22:00;0.543200016
Penauta;04/12/2021 23:00;0.479200006
Penauta;05/12/2021 0:00;0.399300009
Penauta;05/12/2021 1:00;0.356700003
Penauta;05/12/2021 2:00;0.324800014
Penauta;05/12/2021 3:00;0.298099995
Penauta;05/12/2021 4:00;0.282200009
Penauta;05/12/2021 5:00;0.260899991
Penauta;05/12/2021 6:00;0.244900003
Penauta;05/12/2021 7:00;0.2289
Penauta;05/12/2021 8:00;0.212899998
Penauta;05/12/2021 9:00;0.207599998
Penauta;05/12/2021 10:00;0.202299997
Penauta;05/12/2021 11:00;0.2236
Penauta;05/12/2021 12:00;0.260899991
Penauta;05/12/2021 13:00;0.303499997
Penauta;05/12/2021 14:00;0.351399988
Penauta;05/12/2021 15:00;0.383399993
Penauta;05/12/2021 16:00;0.409999996
Penauta;05/12/2021 17:00;0.409999996
Penauta;05/12/2021 18:00;0.388700008
Penauta;05/12/2021 19:00;0.362100005
Penauta;05/12/2021 20:00;0.335399985
Penauta;05/12/2021 21:00;0.319400012
Penauta;05/12/2021 22:00;0.319400012
Penauta;05/12/2021 23:00;0.314099997
Penauta;06/12/2021 0:00;0.324800014
Penauta;06/12/2021 1:00;0.335399985
Penauta;06/12/2021 2:00;0.335399985
Penauta;06/12/2021 3:00;0.3301
Penauta;06/12/2021 4:00;0.298099995
Penauta;06/12/2021 5:00;0.260899991
Penauta;06/12/2021 6:00;0.234200001
Penauta;06/12/2021 7:00;0.244900003
Penauta;06/12/2021 8:00;0.287499994
Penauta;06/12/2021 9:00;0.3301
Penauta;06/12/2021 10:00;0.383399993
Penauta;06/12/2021 11:00;0.447299987
Penauta;06/12/2021 12:00;0.532500029
Penauta;06/12/2021 13:00;0.60710001
Penauta;06/12/2021 14:00;0.628400028
Penauta;06/12/2021 15:00;0.623099983
Penauta;06/12/2021 16:00;0.644400001
Penauta;06/12/2021 17:00;0.633700013
Penauta;06/12/2021 18:00;0.60710001
Penauta;06/12/2021 19:00;0.580500007
Penauta;06/12/2021 20:00;0.543200016
Penauta;06/12/2021 21:00;0.457899988
Penauta;06/12/2021 22:00;0.362100005
Penauta;06/12/2021 23:00;0.292800009
Penauta;07/12/2021 0:00;0.218199998
Penauta;07/12/2021 1:00;0.175600007
Penauta;07/12/2021 2:00;0.154300004
Penauta;07/12/2021 3:00;0.170300007
Penauta;07/12/2021 4:00;0.239500001
Penauta;07/12/2021 5:00;0.308800012
Penauta;07/12/2021 6:00;0.340799987
Penauta;07/12/2021 7:00;0.372700006
Penauta;07/12/2021 8:00;0.452600002
Penauta;07/12/2021 9:00;0.495200008
Penauta;07/12/2021 10:00;0.617699981
Penauta;07/12/2021 11:00;0.782899976
Penauta;07/12/2021 12:00;0.963999987
Penauta;07/12/2021 13:00;1.102499962
Penauta;07/12/2021 14:00;1.22510004
Penauta;07/12/2021 15:00;1.289000034
Penauta;07/12/2021 16:00;1.123800039
Penauta;07/12/2021 17:00;0.782899976
Penauta;07/12/2021 18:00;0.644400001
Penauta;07/12/2021 19:00;0.591099977
Penauta;07/12/2021 20:00;0.564499974
Penauta;07/12/2021 21:00;0.50059998
Penauta;07/12/2021 22:00;0.425999999
Penauta;07/12/2021 23:00;0.377999991
Penauta;08/12/2021 0:00;0.335399985
Penauta;08/12/2021 1:00;0.314099997
Penauta;08/12/2021 2:00;0.324800014
Penauta;08/12/2021 3:00;0.335399985
Penauta;08/12/2021 4:00;0.351399988
Penauta;08/12/2021 5:00;0.362100005
Penauta;08/12/2021 6:00;0.367399991
Penauta;08/12/2021 7:00;0.367399991
Penauta;08/12/2021 8:00;0.372700006
Penauta;08/12/2021 9:00;0.377999991
Penauta;08/12/2021 10:00;0.377999991
Penauta;08/12/2021 11:00;0.377999991
Penauta;08/12/2021 12:00;0.388700008
Penauta;08/12/2021 13:00;0.388700008
Penauta;08/12/2021 14:00;0.399300009
Penauta;08/12/2021 15:00;0.399300009
Penauta;08/12/2021 16:00;0.404700011
Penauta;08/12/2021 17:00;0.409999996
Penauta;08/12/2021 18:00;0.404700011
Penauta;08/12/2021 19:00;0.362100005
Penauta;08/12/2021 20:00;0.303499997
Penauta;08/12/2021 21:00;0.244900003
Penauta;08/12/2021 22:00;0.191599995
Penauta;08/12/2021 23:00;0.154300004
Penauta;09/12/2021 0:00;0.122400001
Penauta;09/12/2021 1:00;0.101099998
Penauta;09/12/2021 2:00;0.090400003
Penauta;09/12/2021 3:00;0.085100003
Penauta;09/12/2021 4:00;0.090400003
Penauta;09/12/2021 5:00;0.095700003
Penauta;09/12/2021 6:00;0.106399998
Penauta;09/12/2021 7:00;0.122400001
Penauta;09/12/2021 8:00;0.149000004
Penauta;09/12/2021 9:00;0.175600007
Penauta;09/12/2021 10:00;0.202299997
Penauta;09/12/2021 11:00;0.239500001
Penauta;09/12/2021 12:00;0.282200009
Penauta;09/12/2021 13:00;0.340799987
Penauta;09/12/2021 14:00;0.377999991
Penauta;09/12/2021 15:00;0.388700008
Penauta;09/12/2021 16:00;0.393999994
Penauta;09/12/2021 17:00;0.383399993
Penauta;09/12/2021 18:00;0.372700006
Penauta;09/12/2021 19:00;0.362100005
Penauta;09/12/2021 20:00;0.351399988
Penauta;09/12/2021 21:00;0.346100003
Penauta;09/12/2021 22:00;0.340799987
Penauta;09/12/2021 23:00;0.3301
Penauta;10/12/2021 0:00;0.324800014
Penauta;10/12/2021 1:00;0.308800012
Penauta;10/12/2021 2:00;0.314099997
Penauta;10/12/2021 3:00;0.340799987
Penauta;10/12/2021 4:00;0.377999991
Penauta;10/12/2021 5:00;0.431300014
Penauta;10/12/2021 6:00;0.479200006
Penauta;10/12/2021 7:00;0.495200008
Penauta;10/12/2021 8:00;0.521899998
Penauta;10/12/2021 9:00;0.548500001
Penauta;10/12/2021 10:00;0.585799992
Penauta;10/12/2021 11:00;0.766900003
Penauta;10/12/2021 12:00;0.761600018
Penauta;10/12/2021 13:00;0.671000004
Penauta;10/12/2021 14:00;0.686999977
Penauta;10/12/2021 15:00;0.617699981
Penauta;10/12/2021 16:00;0.50059998
Penauta;10/12/2021 17:00;0.47389999
Penauta;10/12/2021 18:00;0.383399993
Penauta;10/12/2021 19:00;0.244900003
Penauta;10/12/2021 20:00;0.165000007
Penauta;10/12/2021 21:00;0.116999999
Penauta;10/12/2021 22:00;0.079800002
Penauta;10/12/2021 23:00;0.079800002
Penauta;11/12/2021 0:00;0.101099998
Penauta;11/12/2021 1:00;0.127700001
Penauta;11/12/2021 2:00;0.165000007
Penauta;11/12/2021 3:00;0.218199998
Penauta;11/12/2021 4:00;0.308800012
Penauta;11/12/2021 5:00;0.47389999
Penauta;11/12/2021 6:00;0.724300027
Penauta;11/12/2021 7:00;0.931999981
Penauta;11/12/2021 8:00;1.129199982
Penauta;11/12/2021 9:00;1.299700022
Penauta;11/12/2021 10:00;1.619400024
Penauta;11/12/2021 11:00;2.242899895
Penauta;11/12/2021 12:00;2.989099979
Penauta;11/12/2021 13:00;3.468899965
Penauta;11/12/2021 14:00;3.778100014
Penauta;11/12/2021 15:00;3.511499882
Penauta;11/12/2021 16:00;2.935800076
Penauta;11/12/2021 17:00;2.381400108
Penauta;11/12/2021 18:00;1.640699983
Penauta;11/12/2021 19:00;1.139799953
Penauta;11/12/2021 20:00;0.836199999
Penauta;11/12/2021 21:00;0.638999999
Penauta;11/12/2021 22:00;0.505900025
Penauta;11/12/2021 23:00;0.415300012
Penauta;12/12/2021 0:00;0.356700003
Penauta;12/12/2021 1:00;0.298099995
Penauta;12/12/2021 2:00;0.2236
Penauta;12/12/2021 3:00;0.149000004
Penauta;12/12/2021 4:00;0.101099998
Penauta;12/12/2021 5:00;0.0744
Penauta;12/12/2021 6:00;0.053100001
Penauta;12/12/2021 7:00;0.0425
Penauta;12/12/2021 8:00;0.0372
Penauta;12/12/2021 9:00;0.0372
Penauta;12/12/2021 10:00;0.0425
Penauta;12/12/2021 11:00;0.090400003
Penauta;12/12/2021 12:00;0.186299995
Penauta;12/12/2021 13:00;0.340799987
Penauta;12/12/2021 14:00;0.553799987
Penauta;12/12/2021 15:00;0.782899976
Penauta;12/12/2021 16:00;0.963999987
Penauta;12/12/2021 17:00;1.038599968
Penauta;12/12/2021 18:00;0.974699974
Penauta;12/12/2021 19:00;0.809499979
Penauta;12/12/2021 20:00;0.644400001
Penauta;12/12/2021 21:00;0.516499996
Penauta;12/12/2021 22:00;0.415300012
Penauta;12/12/2021 23:00;0.340799987
Penauta;13/12/2021 0:00;0.271499991
Penauta;13/12/2021 1:00;0.2236
Penauta;13/12/2021 2:00;0.191599995
Penauta;13/12/2021 3:00;0.165000007
Penauta;13/12/2021 4:00;0.122400001
Penauta;13/12/2021 5:00;0.079800002
Penauta;13/12/2021 6:00;0.0372
Penauta;13/12/2021 7:00;-1E-04
Penauta;13/12/2021 8:00;-0.0427
Penauta;13/12/2021 9:00;-0.079999998
Penauta;13/12/2021 10:00;-0.112000003
Penauta;13/12/2021 11:00;-0.069399998
Penauta;13/12/2021 12:00;0.0105
Penauta;13/12/2021 13:00;0.138300002
Penauta;13/12/2021 14:00;0.292800009
Penauta;13/12/2021 15:00;0.452600002
Penauta;13/12/2021 16:00;0.569800019
Penauta;13/12/2021 17:00;0.628400028
Penauta;13/12/2021 18:00;0.591099977
Penauta;13/12/2021 19:00;0.46329999
Penauta;13/12/2021 20:00;0.335399985
Penauta;13/12/2021 21:00;0.212899998
Penauta;13/12/2021 22:00;0.111699998
Penauta;13/12/2021 23:00;0.015799999
Penauta;14/12/2021 0:00;-0.064000003
Penauta;14/12/2021 1:00;-0.143900007
Penauta;14/12/2021 2:00;-0.213200003
Penauta;14/12/2021 3:00;-0.261099994
Penauta;14/12/2021 4:00;-0.308999985
Penauta;14/12/2021 5:00;-0.351599991
Penauta;14/12/2021 6:00;-0.394199997
Penauta;14/12/2021 7:00;-0.431499988
Penauta;14/12/2021 8:00;-0.468800008
Penauta;14/12/2021 9:00;-0.479400009
Penauta;14/12/2021 10:00;-0.426200002
Penauta;14/12/2021 11:00;-0.330300003
Penauta;14/12/2021 12:00;-0.245100006
Penauta;14/12/2021 13:00;-0.159899995
Penauta;14/12/2021 14:00;-0.064000003
Penauta;14/12/2021 15:00;0.047800001
Penauta;14/12/2021 16:00;0.149000004
Penauta;14/12/2021 17:00;0.212899998
Penauta;14/12/2021 18:00;0.2236
Penauta;14/12/2021 19:00;0.165000007
Penauta;14/12/2021 20:00;0.090400003
Penauta;14/12/2021 21:00;0.031800002
Penauta;14/12/2021 22:00;-0.032099999
Penauta;14/12/2021 23:00;-0.090700001
Penauta;15/12/2021 0:00;-0.138600007
Penauta;15/12/2021 1:00;-0.170599997
Penauta;15/12/2021 2:00;-0.186499998
Penauta;15/12/2021 3:00;-0.186499998
Penauta;15/12/2021 4:00;-0.170599997
Penauta;15/12/2021 5:00;-0.186499998
Penauta;15/12/2021 6:00;-0.229100004
Penauta;15/12/2021 7:00;-0.245100006
Penauta;15/12/2021 8:00;-0.239800006
Penauta;15/12/2021 9:00;-0.207800001
Penauta;15/12/2021 10:00;-0.165199995
Penauta;15/12/2021 11:00;-0.096000001
Penauta;15/12/2021 12:00;-0.0108
Penauta;15/12/2021 13:00;0.101099998
Penauta;15/12/2021 14:00;0.239500001
Penauta;15/12/2021 15:00;0.377999991
Penauta;15/12/2021 16:00;0.489899993
Penauta;15/12/2021 17:00;0.553799987
Penauta;15/12/2021 18:00;0.548500001
Penauta;15/12/2021 19:00;0.479200006
Penauta;15/12/2021 20:00;0.420599997
Penauta;15/12/2021 21:00;0.367399991
Penauta;15/12/2021 22:00;0.287499994
Penauta;15/12/2021 23:00;0.234200001
Penauta;16/12/2021 0:00;0.207599998
Penauta;16/12/2021 1:00;0.180999994
Penauta;16/12/2021 2:00;0.143700004
Penauta;16/12/2021 3:00;0.106399998
Penauta;16/12/2021 4:00;0.053100001
Penauta;16/12/2021 5:00;-1E-04
Penauta;16/12/2021 6:00;-0.048099998
Penauta;16/12/2021 7:00;-0.090700001
Penauta;16/12/2021 8:00;-0.122599997
Penauta;16/12/2021 9:00;-0.154599994
Penauta;16/12/2021 10:00;-0.175899997
Penauta;16/12/2021 11:00;-0.154599994
Penauta;16/12/2021 12:00;-0.085299999
Penauta;16/12/2021 13:00;0.0372
Penauta;16/12/2021 14:00;0.191599995
Penauta;16/12/2021 15:00;0.346100003
Penauta;16/12/2021 16:00;0.447299987
Penauta;16/12/2021 17:00;0.495200008
Penauta;16/12/2021 18:00;0.457899988
Penauta;16/12/2021 19:00;0.340799987
Penauta;16/12/2021 20:00;0.212899998
Penauta;16/12/2021 21:00;0.095700003
Penauta;16/12/2021 22:00;-1E-04
Penauta;16/12/2021 23:00;-0.079999998
Penauta;17/12/2021 0:00;-0.143900007
Penauta;17/12/2021 1:00;-0.207800001
Penauta;17/12/2021 2:00;-0.261099994
Penauta;17/12/2021 3:00;-0.308999985
Penauta;17/12/2021 4:00;-0.356999993
Penauta;17/12/2021 5:00;-0.404900014
Penauta;17/12/2021 6:00;-0.458099991
Penauta;17/12/2021 7:00;-0.516700029
Penauta;17/12/2021 8:00;-0.564599991
Penauta;17/12/2021 9:00;-0.607200027
Penauta;17/12/2021 10:00;-0.596599996
Penauta;17/12/2021 11:00;-0.516700029
Penauta;17/12/2021 12:00;-0.442200005
Penauta;17/12/2021 13:00;-0.378300011
Penauta;17/12/2021 14:00;-0.3037
Penauta;17/12/2021 15:00;-0.202500001
Penauta;17/12/2021 16:00;-0.127900004
Penauta;17/12/2021 17:00;-0.096000001
Penauta;17/12/2021 18:00;-0.138600007
Penauta;17/12/2021 19:00;-0.234500006
Penauta;17/12/2021 20:00;-0.362300009
Penauta;17/12/2021 21:00;-0.484800011
Penauta;17/12/2021 22:00;-0.569999993
Penauta;17/12/2021 23:00;-0.633899987
Penauta;18/12/2021 0:00;-0.703100026
Penauta;18/12/2021 1:00;-0.772300005
Penauta;18/12/2021 2:00;-0.814899981
Penauta;18/12/2021 3:00;-0.830900013
Penauta;18/12/2021 4:00;-0.846899986
Penauta;18/12/2021 5:00;-0.862800002
Penauta;18/12/2021 6:00;-0.900099993
Penauta;18/12/2021 7:00;-0.942700028
Penauta;18/12/2021 8:00;-0.969299972
Penauta;18/12/2021 9:00;-1.001299977
Penauta;18/12/2021 10:00;-0.958700001
Penauta;18/12/2021 11:00;-0.788299978
Penauta;18/12/2021 12:00;-0.644500017
Penauta;18/12/2021 13:00;-0.564599991
Penauta;18/12/2021 14:00;-0.527400017
Penauta;18/12/2021 15:00;-0.511399984
Penauta;18/12/2021 16:00;-0.506099999
Penauta;18/12/2021 17:00;-0.511399984
Penauta;18/12/2021 18:00;-0.569999993
Penauta;18/12/2021 19:00;-0.607200027
Penauta;18/12/2021 20:00;-0.692399979
Penauta;18/12/2021 21:00;-0.745700002
Penauta;18/12/2021 22:00;-0.77759999
Penauta;18/12/2021 23:00;-0.814899981
Penauta;19/12/2021 0:00;-0.852199972
Penauta;19/12/2021 1:00;-0.931999981
Penauta;19/12/2021 2:00;-0.985300004
Penauta;19/12/2021 3:00;-1.006600022
Penauta;19/12/2021 4:00;-1.033200026
Penauta;19/12/2021 5:00;-1.054499984
Penauta;19/12/2021 6:00;-1.113100052
Penauta;19/12/2021 7:00;-0.99059999
Penauta;19/12/2021 8:00;-0.889400005
Penauta;19/12/2021 9:00;-0.841499984
Penauta;19/12/2021 10:00;-0.761699975
Penauta;19/12/2021 11:00;-0.617900014
Penauta;19/12/2021 12:00;-0.532700002
Penauta;19/12/2021 13:00;-0.490099996
Penauta;19/12/2021 14:00;-0.463499993
Penauta;19/12/2021 15:00;-0.442200005
Penauta;19/12/2021 16:00;-0.431499988
Penauta;19/12/2021 17:00;-0.426200002
Penauta;19/12/2021 18:00;-0.463499993
Penauta;19/12/2021 19:00;-0.580600023
Penauta;19/12/2021 20:00;-0.703100026
Penauta;19/12/2021 21:00;-0.820200026
Penauta;19/12/2021 22:00;-0.894800007
Penauta;19/12/2021 23:00;-0.942700028
Penauta;20/12/2021 0:00;-0.963999987
Penauta;20/12/2021 1:00;-0.99059999
Penauta;20/12/2021 2:00;-1.001299977
Penauta;20/12/2021 3:00;-0.958700001
Penauta;20/12/2021 4:00;-0.948000014
Penauta;20/12/2021 5:00;-0.969299972
Penauta;20/12/2021 6:00;-0.931999981
Penauta;20/12/2021 7:00;-0.841499984
Penauta;20/12/2021 8:00;-0.894800007
Penauta;20/12/2021 9:00;-0.809599996
Penauta;20/12/2021 10:00;-0.782999992
Penauta;20/12/2021 11:00;-0.703100026
Penauta;20/12/2021 12:00;-0.596599996
Penauta;20/12/2021 13:00;-0.516700029
Penauta;20/12/2021 14:00;-0.474099994
Penauta;20/12/2021 15:00;-0.452800006
Penauta;20/12/2021 16:00;-0.431499988
Penauta;20/12/2021 17:00;-0.415499985
Penauta;20/12/2021 18:00;-0.4102
Penauta;20/12/2021 19:00;-0.404900014
Penauta;20/12/2021 20:00;-0.399599999
Penauta;20/12/2021 21:00;-0.394199997
Penauta;20/12/2021 22:00;-0.394199997
Penauta;20/12/2021 23:00;-0.388900012
Penauta;21/12/2021 0:00;-0.383599997
Penauta;21/12/2021 1:00;-0.378300011
Penauta;21/12/2021 2:00;-0.378300011
Penauta;21/12/2021 3:00;-0.372900009
Penauta;21/12/2021 4:00;-0.372900009
Penauta;21/12/2021 5:00;-0.372900009
Penauta;21/12/2021 6:00;-0.367599994
Penauta;21/12/2021 7:00;-0.367599994
Penauta;21/12/2021 8:00;-0.362300009
Penauta;21/12/2021 9:00;-0.362300009
Penauta;21/12/2021 10:00;-0.362300009
Penauta;21/12/2021 11:00;-0.356999993
Penauta;21/12/2021 12:00;-0.356999993
Penauta;21/12/2021 13:00;-0.351599991
Penauta;21/12/2021 14:00;-0.346300006
Penauta;21/12/2021 15:00;-0.330300003
Penauta;21/12/2021 16:00;-0.308999985
Penauta;21/12/2021 17:00;-0.282400012
Penauta;21/12/2021 18:00;-0.271699995
Penauta;21/12/2021 19:00;-0.271699995
Penauta;21/12/2021 20:00;-0.266400009
Penauta;21/12/2021 21:00;-0.255800009
Penauta;21/12/2021 22:00;-0.239800006
Penauta;21/12/2021 23:00;-0.218500003
Penauta;22/12/2021 0:00;-0.1972
Penauta;22/12/2021 1:00;-0.175899997
Penauta;22/12/2021 2:00;-0.149299994
Penauta;22/12/2021 3:00;-0.122599997
Penauta;22/12/2021 4:00;-0.112000003
Penauta;22/12/2021 5:00;-0.090700001
Penauta;22/12/2021 6:00;-0.069399998
Penauta;22/12/2021 7:00;-0.064000003
Penauta;22/12/2021 8:00;-0.058699999
Penauta;22/12/2021 9:00;-0.064000003
Penauta;22/12/2021 10:00;-0.032099999
Penauta;22/12/2021 11:00;0.053100001
Penauta;22/12/2021 12:00;0.2289
Penauta;22/12/2021 13:00;0.362100005
Penauta;22/12/2021 14:00;0.495200008
Penauta;22/12/2021 15:00;0.623099983
Penauta;22/12/2021 16:00;0.708299994
Penauta;22/12/2021 17:00;0.516499996
Penauta;22/12/2021 18:00;0.287499994
Penauta;22/12/2021 19:00;0.127700001
Penauta;22/12/2021 20:00;0.047800001
Penauta;22/12/2021 21:00;-1E-04
Penauta;22/12/2021 22:00;0.031800002
Penauta;22/12/2021 23:00;0.0425
Penauta;23/12/2021 0:00;0.058499999
Penauta;23/12/2021 1:00;0.101099998
Penauta;23/12/2021 2:00;0.133000001
Penauta;23/12/2021 3:00;0.170300007
Penauta;23/12/2021 4:00;0.2236
Penauta;23/12/2021 5:00;0.266200006
Penauta;23/12/2021 6:00;0.324800014
Penauta;23/12/2021 7:00;0.388700008
Penauta;23/12/2021 8:00;0.4366
Penauta;23/12/2021 9:00;0.468600005
Penauta;23/12/2021 10:00;0.543200016
Penauta;23/12/2021 11:00;0.766900003
Penauta;23/12/2021 12:00;1.065199971
Penauta;23/12/2021 13:00;1.289000034
Penauta;23/12/2021 14:00;1.411599994
Penauta;23/12/2021 15:00;1.448899984
Penauta;23/12/2021 16:00;1.63530004
Penauta;23/12/2021 17:00;1.603399992
Penauta;23/12/2021 18:00;1.502099991
Penauta;23/12/2021 19:00;1.368899941
Penauta;23/12/2021 20:00;1.29429996
Penauta;23/12/2021 21:00;1.283699989
Penauta;23/12/2021 22:00;1.18780005
Penauta;23/12/2021 23:00;0.953400016
Penauta;24/12/2021 0:00;0.601800025
Penauta;24/12/2021 1:00;0.377999991
Penauta;24/12/2021 2:00;0.2289
Penauta;24/12/2021 3:00;0.143700004
Penauta;24/12/2021 4:00;0.0744
Penauta;24/12/2021 5:00;0.0265
Penauta;24/12/2021 6:00;-1E-04
Penauta;24/12/2021 7:00;-0.016100001
Penauta;24/12/2021 8:00;-0.032099999
Penauta;24/12/2021 9:00;-0.048099998
Penauta;24/12/2021 10:00;-0.064000003
Penauta;24/12/2021 11:00;-0.069399998
Penauta;24/12/2021 12:00;-0.058699999
Penauta;24/12/2021 13:00;-0.048099998
Penauta;24/12/2021 14:00;-0.0427
Penauta;24/12/2021 15:00;-0.032099999
Penauta;24/12/2021 16:00;-0.032099999
Penauta;24/12/2021 17:00;-0.026799999
Penauta;24/12/2021 18:00;-0.021400001
Penauta;24/12/2021 19:00;-0.021400001
Penauta;24/12/2021 20:00;-0.016100001
Penauta;24/12/2021 21:00;-0.0108
Penauta;24/12/2021 22:00;-0.0108
Penauta;24/12/2021 23:00;-0.0055
Penauta;25/12/2021 0:00;-1E-04
Penauta;25/12/2021 1:00;0.0052
Penauta;25/12/2021 2:00;0.0105
Penauta;25/12/2021 3:00;0.0105
Penauta;25/12/2021 4:00;0.015799999
Penauta;25/12/2021 5:00;0.021199999
Penauta;25/12/2021 6:00;0.0265
Penauta;25/12/2021 7:00;0.0265
Penauta;25/12/2021 8:00;0.031800002
Penauta;25/12/2021 9:00;0.0372
Penauta;25/12/2021 10:00;0.0425
Penauta;25/12/2021 11:00;0.047800001
Penauta;25/12/2021 12:00;0.053100001
Penauta;25/12/2021 13:00;0.058499999
Penauta;25/12/2021 14:00;0.0691
Penauta;25/12/2021 15:00;0.0744
Penauta;25/12/2021 16:00;0.079800002
Penauta;25/12/2021 17:00;0.079800002
Penauta;25/12/2021 18:00;0.079800002
Penauta;25/12/2021 19:00;0.0744
Penauta;25/12/2021 20:00;0.0744
Penauta;25/12/2021 21:00;0.0744
Penauta;25/12/2021 22:00;0.079800002
Penauta;25/12/2021 23:00;0.079800002
Penauta;26/12/2021 0:00;0.085100003
Penauta;26/12/2021 1:00;0.090400003
Penauta;26/12/2021 2:00;0.095700003
Penauta;26/12/2021 3:00;0.101099998
Penauta;26/12/2021 4:00;0.101099998
Penauta;26/12/2021 5:00;0.090400003
Penauta;26/12/2021 6:00;0.0638
Penauta;26/12/2021 7:00;0.053100001
Penauta;26/12/2021 8:00;0.058499999
Penauta;26/12/2021 9:00;0.0744
Penauta;26/12/2021 10:00;0.090400003
Penauta;26/12/2021 11:00;0.106399998
Penauta;26/12/2021 12:00;0.127700001
Penauta;26/12/2021 13:00;0.143700004
Penauta;26/12/2021 14:00;0.154300004
Penauta;26/12/2021 15:00;0.170300007
Penauta;26/12/2021 16:00;0.180999994
Penauta;26/12/2021 17:00;0.180999994
Penauta;26/12/2021 18:00;0.170300007
Penauta;26/12/2021 19:00;0.154300004
Penauta;26/12/2021 20:00;0.159700006
Penauta;26/12/2021 21:00;0.186299995
Penauta;26/12/2021 22:00;0.207599998
Penauta;26/12/2021 23:00;0.2289
Penauta;27/12/2021 0:00;0.255499989
Penauta;27/12/2021 1:00;0.282200009
Penauta;27/12/2021 2:00;0.319400012
Penauta;27/12/2021 3:00;0.351399988
Penauta;27/12/2021 4:00;0.314099997
Penauta;27/12/2021 5:00;0.239500001
Penauta;27/12/2021 6:00;0.175600007
Penauta;27/12/2021 7:00;0.143700004
Penauta;27/12/2021 8:00;0.101099998
Penauta;27/12/2021 9:00;0.0744
Penauta;27/12/2021 10:00;0.090400003
Penauta;27/12/2021 11:00;0.159700006
Penauta;27/12/2021 12:00;0.282200009
Penauta;27/12/2021 13:00;0.431300014
Penauta;27/12/2021 14:00;0.580500007
Penauta;27/12/2021 15:00;0.60710001
Penauta;27/12/2021 16:00;0.601800025
Penauta;27/12/2021 17:00;0.569800019
Penauta;27/12/2021 18:00;0.479200006
Penauta;27/12/2021 19:00;0.314099997
Penauta;27/12/2021 20:00;0.207599998
Penauta;27/12/2021 21:00;0.143700004
Penauta;27/12/2021 22:00;0.085100003
Penauta;27/12/2021 23:00;0.047800001
Penauta;28/12/2021 0:00;0.031800002
Penauta;28/12/2021 1:00;0.090400003
Penauta;28/12/2021 2:00;0.255499989
Penauta;28/12/2021 3:00;0.47389999
Penauta;28/12/2021 4:00;0.671000004
Penauta;28/12/2021 5:00;0.852100015
Penauta;28/12/2021 6:00;1.022600055
Penauta;28/12/2021 7:00;1.230399966
Penauta;28/12/2021 8:00;1.422199965
Penauta;28/12/2021 9:00;1.608700037
Penauta;28/12/2021 10:00;1.864500046
Penauta;28/12/2021 11:00;2.376100063
Penauta;28/12/2021 12:00;3.090399981
Penauta;28/12/2021 13:00;3.495500088
Penauta;28/12/2021 14:00;3.229000092
Penauta;28/12/2021 15:00;2.829200029
Penauta;28/12/2021 16:00;2.482700109
Penauta;28/12/2021 17:00;2.194900036
Penauta;28/12/2021 18:00;1.763200045
Penauta;28/12/2021 19:00;1.358299971
Penauta;28/12/2021 20:00;0.974699974
Penauta;28/12/2021 21:00;0.761600018
Penauta;28/12/2021 22:00;0.623099983
Penauta;28/12/2021 23:00;0.516499996
Penauta;29/12/2021 0:00;0.47389999
Penauta;29/12/2021 1:00;0.47389999
Penauta;29/12/2021 2:00;0.676299989
Penauta;29/12/2021 3:00;1.033300042
Penauta;29/12/2021 4:00;1.49150002
Penauta;29/12/2021 5:00;1.683300018
Penauta;29/12/2021 6:00;1.853800058
Penauta;29/12/2021 7:00;1.949800014
Penauta;29/12/2021 8:00;1.96570003
Penauta;29/12/2021 9:00;1.869799972
Penauta;29/12/2021 10:00;1.987100005
Penauta;29/12/2021 11:00;2.413399935
Penauta;29/12/2021 12:00;2.727900028
Penauta;29/12/2021 13:00;2.957099915
Penauta;29/12/2021 14:00;3.175699949
Penauta;29/12/2021 15:00;3.250299931
Penauta;29/12/2021 16:00;3.197000027
Penauta;29/12/2021 17:00;3.031699896
Penauta;29/12/2021 18:00;2.647900105
Penauta;29/12/2021 19:00;2.093600035
Penauta;29/12/2021 20:00;1.651299953
Penauta;29/12/2021 21:00;1.374300003
Penauta;29/12/2021 22:00;1.097200036
Penauta;29/12/2021 23:00;0.88410002
Penauta;30/12/2021 0:00;0.761600018
Penauta;30/12/2021 1:00;0.697600007
Penauta;30/12/2021 2:00;0.772199988
Penauta;30/12/2021 3:00;0.77759999
Penauta;30/12/2021 4:00;0.761600018
Penauta;30/12/2021 5:00;0.846800029
Penauta;30/12/2021 6:00;0.873399973
Penauta;30/12/2021 7:00;0.846800029
Penauta;30/12/2021 8:00;0.830799997
Penauta;30/12/2021 9:00;0.750899971
Penauta;30/12/2021 10:00;0.708299994
Penauta;30/12/2021 11:00;1.065199971
Penauta;30/12/2021 12:00;1.677999973
Penauta;30/12/2021 13:00;2.08829999
Penauta;30/12/2021 14:00;2.269500017
Penauta;30/12/2021 15:00;2.402800083
Penauta;30/12/2021 16:00;2.456099987
Penauta;30/12/2021 17:00;2.333499908
Penauta;30/12/2021 18:00;1.987100005
Penauta;30/12/2021 19:00;1.459499955
Penauta;30/12/2021 20:00;1.065199971
Penauta;30/12/2021 21:00;0.905399978
Penauta;30/12/2021 22:00;0.724300027
Penauta;30/12/2021 23:00;0.575100005
Penauta;31/12/2021 0:00;0.46329999
Penauta;31/12/2021 1:00;0.372700006
Penauta;31/12/2021 2:00;0.314099997
Penauta;31/12/2021 3:00;0.287499994
Penauta;31/12/2021 4:00;0.260899991
Penauta;31/12/2021 5:00;0.2289
Penauta;31/12/2021 6:00;0.202299997
Penauta;31/12/2021 7:00;0.180999994
Penauta;31/12/2021 8:00;0.175600007
Penauta;31/12/2021 9:00;0.175600007
Penauta;31/12/2021 10:00;0.175600007
Penauta;31/12/2021 11:00;0.234200001
Penauta;31/12/2021 12:00;0.372700006
Penauta;31/12/2021 13:00;0.676299989
Penauta;31/12/2021 14:00;1.134500027
Penauta;31/12/2021 15:00;1.582100034
Penauta;31/12/2021 16:00;1.949800014
Penauta;31/12/2021 17:00;2.061700106
Penauta;31/12/2021 18:00;1.773900032
Penauta;31/12/2021 19:00;1.470199943
Penauta;31/12/2021 20:00;1.219699979
Penauta;31/12/2021 21:00;0.931999981
Penauta;31/12/2021 22:00;0.750899971
Penauta;31/12/2021 23:00;0.628400028
Penauta;01/01/2022 0:00;0.591099977
Penauta;01/01/2022 1:00;0.575100005
Penauta;01/01/2022 2:00;0.532500029
Penauta;01/01/2022 3:00;0.47389999
Penauta;01/01/2022 4:00;0.516499996
Penauta;01/01/2022 5:00;0.575100005
Penauta;01/01/2022 6:00;0.553799987
Penauta;01/01/2022 7:00;0.47389999
Penauta;01/01/2022 8:00;0.409999996
Penauta;01/01/2022 9:00;0.383399993
Penauta;01/01/2022 10:00;0.447299987
Penauta;01/01/2022 11:00;0.77759999
Penauta;01/01/2022 12:00;1.363600016
Penauta;01/01/2022 13:00;1.96570003
Penauta;01/01/2022 14:00;2.338799953
Penauta;01/01/2022 15:00;2.338799953
Penauta;01/01/2022 16:00;2.306799889
Penauta;01/01/2022 17:00;2.312099934
Penauta;01/01/2022 18:00;2.035000086
Penauta;01/01/2022 19:00;1.699300051
Penauta;01/01/2022 20:00;1.406200051
Penauta;01/01/2022 21:00;1.18780005
Penauta;01/01/2022 22:00;1.075899959
Penauta;01/01/2022 23:00;0.857500017
Penauta;02/01/2022 0:00;0.692300022
Penauta;02/01/2022 1:00;0.766900003
Penauta;02/01/2022 2:00;0.846800029
Penauta;02/01/2022 3:00;1.011999965
Penauta;02/01/2022 4:00;1.166499972
Penauta;02/01/2022 5:00;1.406200051
Penauta;02/01/2022 6:00;1.672600031
Penauta;02/01/2022 7:00;1.283699989
Penauta;02/01/2022 8:00;0.649699986
Penauta;02/01/2022 9:00;0.489899993
Penauta;02/01/2022 10:00;0.377999991
Penauta;02/01/2022 11:00;0.3301
Penauta;02/01/2022 12:00;0.505900025
Penauta;02/01/2022 13:00;1.310299993
Penauta;02/01/2022 14:00;2.376100063
Penauta;02/01/2022 15:00;2.653300047
Penauta;02/01/2022 16:00;2.759900093
Penauta;02/01/2022 17:00;2.477400064
Penauta;02/01/2022 18:00;1.811200023
Penauta;02/01/2022 19:00;1.193099976
Penauta;02/01/2022 20:00;0.878799975
Penauta;02/01/2022 21:00;0.644400001
Penauta;02/01/2022 22:00;0.47389999
Penauta;02/01/2022 23:00;0.362100005
Penauta;03/01/2022 0:00;0.276800007
Penauta;03/01/2022 1:00;0.2236
Penauta;03/01/2022 2:00;0.186299995
Penauta;03/01/2022 3:00;0.149000004
Penauta;03/01/2022 4:00;0.116999999
Penauta;03/01/2022 5:00;0.095700003
Penauta;03/01/2022 6:00;0.095700003
Penauta;03/01/2022 7:00;0.095700003
Penauta;03/01/2022 8:00;0.085100003
Penauta;03/01/2022 9:00;0.111699998
Penauta;03/01/2022 10:00;0.159700006
Penauta;03/01/2022 11:00;0.244900003
Penauta;03/01/2022 12:00;0.409999996
Penauta;03/01/2022 13:00;0.7403
Penauta;03/01/2022 14:00;1.470199943
Penauta;03/01/2022 15:00;2.258899927
Penauta;03/01/2022 16:00;2.519999981
Penauta;03/01/2022 17:00;2.376100063
Penauta;03/01/2022 18:00;2.120300055
Penauta;03/01/2022 19:00;1.688599944
Penauta;03/01/2022 20:00;1.352900028
Penauta;03/01/2022 21:00;1.139799953
Penauta;03/01/2022 22:00;1.102499962
Penauta;03/01/2022 23:00;1.145200014
Penauta;04/01/2022 0:00;1.251700044
Penauta;04/01/2022 1:00;1.358299971
Penauta;04/01/2022 2:00;1.422199965
Penauta;04/01/2022 3:00;1.475499988
Penauta;04/01/2022 4:00;1.566100001
Penauta;04/01/2022 5:00;1.576699972
Penauta;04/01/2022 6:00;1.027899981
Penauta;04/01/2022 7:00;0.766900003
Penauta;04/01/2022 8:00;0.660399973
Penauta;04/01/2022 9:00;0.585799992
Penauta;04/01/2022 10:00;0.553799987
Penauta;04/01/2022 11:00;0.548500001
Penauta;04/01/2022 12:00;0.452600002
Penauta;04/01/2022 13:00;0.420599997
Penauta;04/01/2022 14:00;0.409999996
Penauta;04/01/2022 15:00;0.399300009
Penauta;04/01/2022 16:00;0.393999994
Penauta;04/01/2022 17:00;0.383399993
Penauta;04/01/2022 18:00;0.340799987
Penauta;04/01/2022 19:00;0.287499994
Penauta;04/01/2022 20:00;0.250200003
Penauta;04/01/2022 21:00;0.218199998
Penauta;04/01/2022 22:00;0.191599995
Penauta;04/01/2022 23:00;0.170300007
Penauta;05/01/2022 0:00;0.165000007
Penauta;05/01/2022 1:00;0.165000007
Penauta;05/01/2022 2:00;0.165000007
Penauta;05/01/2022 3:00;0.154300004
Penauta;05/01/2022 4:00;0.138300002
Penauta;05/01/2022 5:00;0.116999999
Penauta;05/01/2022 6:00;0.101099998
Penauta;05/01/2022 7:00;0.079800002
Penauta;05/01/2022 8:00;0.0638
Penauta;05/01/2022 9:00;0.047800001
Penauta;05/01/2022 10:00;0.031800002
Penauta;05/01/2022 11:00;0.0265
Penauta;05/01/2022 12:00;0.031800002
Penauta;05/01/2022 13:00;0.0425
Penauta;05/01/2022 14:00;0.058499999
Penauta;05/01/2022 15:00;0.079800002
Penauta;05/01/2022 16:00;0.111699998
Penauta;05/01/2022 17:00;0.133000001
Penauta;05/01/2022 18:00;0.149000004
Penauta;05/01/2022 19:00;0.170300007
Penauta;05/01/2022 20:00;0.175600007
Penauta;05/01/2022 21:00;0.170300007
Penauta;05/01/2022 22:00;0.159700006
Penauta;05/01/2022 23:00;0.149000004
Penauta;06/01/2022 0:00;0.138300002
Penauta;06/01/2022 1:00;0.138300002
Penauta;06/01/2022 2:00;0.133000001
Penauta;06/01/2022 3:00;0.116999999
Penauta;06/01/2022 4:00;0.090400003
Penauta;06/01/2022 5:00;0.058499999
Penauta;06/01/2022 6:00;0.0265
Penauta;06/01/2022 7:00;-1E-04
Penauta;06/01/2022 8:00;-0.016100001
Penauta;06/01/2022 9:00;-0.0374
Penauta;06/01/2022 10:00;-0.048099998
Penauta;06/01/2022 11:00;-0.058699999
Penauta;06/01/2022 12:00;-0.058699999
Penauta;06/01/2022 13:00;-0.064000003
Penauta;06/01/2022 14:00;-0.058699999
Penauta;06/01/2022 15:00;-0.048099998
Penauta;06/01/2022 16:00;-0.0374
Penauta;06/01/2022 17:00;-0.032099999
Penauta;06/01/2022 18:00;-0.032099999
Penauta;06/01/2022 19:00;-0.0374
Penauta;06/01/2022 20:00;-0.048099998
Penauta;06/01/2022 21:00;-0.053399999
Penauta;06/01/2022 22:00;-0.058699999
Penauta;06/01/2022 23:00;-0.048099998
Penauta;07/01/2022 0:00;-0.0374
Penauta;07/01/2022 1:00;-0.026799999
Penauta;07/01/2022 2:00;-0.016100001
Penauta;07/01/2022 3:00;-1E-04
Penauta;07/01/2022 4:00;0.0052
Penauta;07/01/2022 5:00;0.015799999
Penauta;07/01/2022 6:00;0.015799999
Penauta;07/01/2022 7:00;0.0052
Penauta;07/01/2022 8:00;-0.0108
Penauta;07/01/2022 9:00;-0.021400001
Penauta;07/01/2022 10:00;-0.0374
Penauta;07/01/2022 11:00;-0.0374
Penauta;07/01/2022 12:00;-0.032099999
Penauta;07/01/2022 13:00;-0.0427
Penauta;07/01/2022 14:00;-0.0427
Penauta;07/01/2022 15:00;-0.0374
Penauta;07/01/2022 16:00;-0.032099999
Penauta;07/01/2022 17:00;-0.032099999
Penauta;07/01/2022 18:00;-0.0427
Penauta;07/01/2022 19:00;-0.064000003
Penauta;07/01/2022 20:00;-0.085299999
Penauta;07/01/2022 21:00;-0.096000001
Penauta;07/01/2022 22:00;-0.112000003
Penauta;07/01/2022 23:00;-0.127900004
Penauta;08/01/2022 0:00;-0.133300006
Penauta;08/01/2022 1:00;-0.143900007
Penauta;08/01/2022 2:00;-0.149299994
Penauta;08/01/2022 3:00;-0.159899995
Penauta;08/01/2022 4:00;-0.170599997
Penauta;08/01/2022 5:00;-0.181199998
Penauta;08/01/2022 6:00;-0.1919
Penauta;08/01/2022 7:00;-0.1972
Penauta;08/01/2022 8:00;-0.207800001
Penauta;08/01/2022 9:00;-0.213200003
Penauta;08/01/2022 10:00;-0.218500003
Penauta;08/01/2022 11:00;-0.218500003
Penauta;08/01/2022 12:00;-0.223800004
Penauta;08/01/2022 13:00;-0.223800004
Penauta;08/01/2022 14:00;-0.218500003
Penauta;08/01/2022 15:00;-0.213200003
Penauta;08/01/2022 16:00;-0.207800001
Penauta;08/01/2022 17:00;-0.207800001
Penauta;08/01/2022 18:00;-0.202500001
Penauta;08/01/2022 19:00;-0.207800001
Penauta;08/01/2022 20:00;-0.207800001
Penauta;08/01/2022 21:00;-0.202500001
Penauta;08/01/2022 22:00;-0.202500001
Penauta;08/01/2022 23:00;-0.1972
Penauta;09/01/2022 0:00;-0.1972
Penauta;09/01/2022 1:00;-0.1919
Penauta;09/01/2022 2:00;-0.186499998
Penauta;09/01/2022 3:00;-0.181199998
Penauta;09/01/2022 4:00;-0.175899997
Penauta;09/01/2022 5:00;-0.175899997
Penauta;09/01/2022 6:00;-0.170599997
Penauta;09/01/2022 7:00;-0.170599997
Penauta;09/01/2022 8:00;-0.165199995
Penauta;09/01/2022 9:00;-0.159899995
Penauta;09/01/2022 10:00;-0.159899995
Penauta;09/01/2022 11:00;-0.154599994
Penauta;09/01/2022 12:00;-0.149299994
Penauta;09/01/2022 13:00;-0.143900007
Penauta;09/01/2022 14:00;-0.133300006
Penauta;09/01/2022 15:00;-0.127900004
Penauta;09/01/2022 16:00;-0.122599997
Penauta;09/01/2022 17:00;-0.122599997
Penauta;09/01/2022 18:00;-0.117299996
Penauta;09/01/2022 19:00;-0.101300001
Penauta;09/01/2022 20:00;-0.079999998
Penauta;09/01/2022 21:00;-0.048099998
Penauta;09/01/2022 22:00;-0.016100001
Penauta;09/01/2022 23:00;0.031800002
Penauta;10/01/2022 0:00;0.085100003
Penauta;10/01/2022 1:00;0.149000004
Penauta;10/01/2022 2:00;0.207599998
Penauta;10/01/2022 3:00;0.255499989
Penauta;10/01/2022 4:00;0.244900003
Penauta;10/01/2022 5:00;0.170300007
Penauta;10/01/2022 6:00;0.218199998
Penauta;10/01/2022 7:00;0.186299995
Penauta;10/01/2022 8:00;0.090400003
Penauta;10/01/2022 9:00;0.031800002
Penauta;10/01/2022 10:00;-0.016100001
Penauta;10/01/2022 11:00;0.0425
Penauta;10/01/2022 12:00;1.033300042
Penauta;10/01/2022 13:00;1.832499981
Penauta;10/01/2022 14:00;2.258899927
Penauta;10/01/2022 15:00;2.41869998
Penauta;10/01/2022 16:00;3.079699993
Penauta;10/01/2022 17:00;3.079699993
Penauta;10/01/2022 18:00;2.546700001
Penauta;10/01/2022 19:00;1.891100049
Penauta;10/01/2022 20:00;1.555400014
Penauta;10/01/2022 21:00;1.038599968
Penauta;10/01/2022 22:00;0.46329999
Penauta;10/01/2022 23:00;0.3301
Penauta;11/01/2022 0:00;0.308800012
Penauta;11/01/2022 1:00;0.250200003
Penauta;11/01/2022 2:00;0.149000004
Penauta;11/01/2022 3:00;0.0638
Penauta;11/01/2022 4:00;-0.0055
Penauta;11/01/2022 5:00;-0.064000003
Penauta;11/01/2022 6:00;-0.112000003
Penauta;11/01/2022 7:00;-0.149299994
Penauta;11/01/2022 8:00;-0.175899997
Penauta;11/01/2022 9:00;-0.1919
Penauta;11/01/2022 10:00;-0.213200003
Penauta;11/01/2022 11:00;-0.213200003
Penauta;11/01/2022 12:00;-0.202500001
Penauta;11/01/2022 13:00;-0.138600007
Penauta;11/01/2022 14:00;0.0105
Penauta;11/01/2022 15:00;0.266200006
Penauta;11/01/2022 16:00;0.47389999
Penauta;11/01/2022 17:00;0.564499974
Penauta;11/01/2022 18:00;0.532500029
Penauta;11/01/2022 19:00;0.409999996
Penauta;11/01/2022 20:00;0.260899991
Penauta;11/01/2022 21:00;0.133000001
Penauta;11/01/2022 22:00;0.0638
Penauta;11/01/2022 23:00;0.031800002
Penauta;12/01/2022 0:00;-0.0108
Penauta;12/01/2022 1:00;-0.064000003
Penauta;12/01/2022 2:00;-0.117299996
Penauta;12/01/2022 3:00;-0.159899995
Penauta;12/01/2022 4:00;-0.1919
Penauta;12/01/2022 5:00;-0.229100004
Penauta;12/01/2022 6:00;-0.245100006
Penauta;12/01/2022 7:00;-0.261099994
Penauta;12/01/2022 8:00;-0.277099997
Penauta;12/01/2022 9:00;-0.314300001
Penauta;12/01/2022 10:00;-0.346300006
Penauta;12/01/2022 11:00;-0.346300006
Penauta;12/01/2022 12:00;-0.335599989
Penauta;12/01/2022 13:00;-0.314300001
Penauta;12/01/2022 14:00;-0.287699997
Penauta;12/01/2022 15:00;-0.255800009
Penauta;12/01/2022 16:00;-0.218500003
Penauta;12/01/2022 17:00;-0.165199995
Penauta;12/01/2022 18:00;-0.143900007
Penauta;12/01/2022 19:00;-0.218500003
Penauta;12/01/2022 20:00;-0.351599991
Penauta;12/01/2022 21:00;-0.500699997
Penauta;12/01/2022 22:00;-0.628499985
Penauta;12/01/2022 23:00;-0.719099998
Penauta;13/01/2022 0:00;-0.772300005
Penauta;13/01/2022 1:00;-0.830900013
Penauta;13/01/2022 2:00;-0.900099993
Penauta;13/01/2022 3:00;-0.974600017
Penauta;13/01/2022 4:00;-1.038499951
Penauta;13/01/2022 5:00;-1.10769999
Penauta;13/01/2022 6:00;-1.192899942
Penauta;13/01/2022 7:00;-1.278100014
Penauta;13/01/2022 8:00;-1.35800004
Penauta;13/01/2022 9:00;-1.42719996
Penauta;13/01/2022 10:00;-1.395200014
Penauta;13/01/2022 11:00;-1.128999949
Penauta;13/01/2022 12:00;-0.862800002
Penauta;13/01/2022 13:00;-0.719099998
Penauta;13/01/2022 14:00;-0.67110002
Penauta;13/01/2022 15:00;-0.655200005
Penauta;13/01/2022 16:00;-0.676500022
Penauta;13/01/2022 17:00;-0.729700029
Penauta;13/01/2022 18:00;-0.846899986
Penauta;13/01/2022 19:00;-1.043900013
Penauta;13/01/2022 20:00;-1.246199965
Penauta;13/01/2022 21:00;-1.395200014
Penauta;13/01/2022 22:00;-1.501700044
Penauta;13/01/2022 23:00;-1.608199954
Penauta;14/01/2022 0:00;-1.709300041
Penauta;14/01/2022 1:00;-1.789199948
Penauta;14/01/2022 2:00;-1.794499993
Penauta;14/01/2022 3:00;-1.826400042
Penauta;14/01/2022 4:00;-1.874300003
Penauta;14/01/2022 5:00;-1.916900039
Penauta;14/01/2022 6:00;-1.959499955
Penauta;14/01/2022 7:00;-2.002099991
Penauta;14/01/2022 8:00;-2.060600042
Penauta;14/01/2022 9:00;-2.108500004
Penauta;14/01/2022 10:00;-2.03399992
Penauta;14/01/2022 11:00;-1.672099948
Penauta;14/01/2022 12:00;-1.299399972
Penauta;14/01/2022 13:00;-1.081099987
Penauta;14/01/2022 14:00;-0.974600017
Penauta;14/01/2022 15:00;-0.905399978
Penauta;14/01/2022 16:00;-0.889400005
Penauta;14/01/2022 17:00;-0.948000014
Penauta;14/01/2022 18:00;-1.113100052
Penauta;14/01/2022 19:00;-1.395200014
Penauta;14/01/2022 20:00;-1.65079999
Penauta;14/01/2022 21:00;-1.858399987
Penauta;14/01/2022 22:00;-2.039400101
Penauta;14/01/2022 23:00;-2.214999914
Penauta;15/01/2022 0:00;-2.326800108
Penauta;15/01/2022 1:00;-2.438499928
Penauta;15/01/2022 2:00;-2.555599928
Penauta;15/01/2022 3:00;-2.651400089
Penauta;15/01/2022 4:00;-2.736599922
Penauta;15/01/2022 5:00;-2.773799896
Penauta;15/01/2022 6:00;-2.811100006
Penauta;15/01/2022 7:00;-2.826999903
Penauta;15/01/2022 8:00;-2.853600025
Penauta;15/01/2022 9:00;-2.901499987
Penauta;15/01/2022 10:00;-2.811100006
Penauta;15/01/2022 11:00;-2.198999882
Penauta;15/01/2022 12:00;-1.640100002
Penauta;15/01/2022 13:00;-1.288800001
Penauta;15/01/2022 14:00;-1.091799974
Penauta;15/01/2022 15:00;-0.974600017
Penauta;15/01/2022 16:00;-0.916100025
Penauta;15/01/2022 17:00;-0.921400011
Penauta;15/01/2022 18:00;-1.043900013
Penauta;15/01/2022 19:00;-1.310099959
Penauta;15/01/2022 20:00;-1.581599951
Penauta;15/01/2022 21:00;-1.810500026
Penauta;15/01/2022 22:00;-1.959499955
Penauta;15/01/2022 23:00;-2.103199959
Penauta;16/01/2022 0:00;-2.246900082
Penauta;16/01/2022 1:00;-2.342700005
Penauta;16/01/2022 2:00;-2.427900076
Penauta;16/01/2022 3:00;-2.502399921
Penauta;16/01/2022 4:00;-2.555599928
Penauta;16/01/2022 5:00;-2.614200115
Penauta;16/01/2022 6:00;-2.661999941
Penauta;16/01/2022 7:00;-2.619499922
Penauta;16/01/2022 8:00;-2.46510005
Penauta;16/01/2022 9:00;-2.332099915
Penauta;16/01/2022 10:00;-2.07130003
Penauta;16/01/2022 11:00;-1.661399961
Penauta;16/01/2022 12:00;-1.224900007
Penauta;16/01/2022 13:00;-0.926699996
Penauta;16/01/2022 14:00;-0.756299973
Penauta;16/01/2022 15:00;-0.665799975
Penauta;16/01/2022 16:00;-0.607200027
Penauta;16/01/2022 17:00;-0.564599991
Penauta;16/01/2022 18:00;-0.537999988
Penauta;16/01/2022 19:00;-0.532700002
Penauta;16/01/2022 20:00;-0.585900009
Penauta;16/01/2022 21:00;-0.724399984
Penauta;16/01/2022 22:00;-0.868099988
Penauta;16/01/2022 23:00;-0.995899975
Penauta;17/01/2022 0:00;-1.097100019
Penauta;17/01/2022 1:00;-1.187600017
Penauta;17/01/2022 2:00;-1.262099981
Penauta;17/01/2022 3:00;-1.331400037
Penauta;17/01/2022 4:00;-1.405900002
Penauta;17/01/2022 5:00;-1.491099954
Penauta;17/01/2022 6:00;-1.576200008
Penauta;17/01/2022 7:00;-1.703999996
Penauta;17/01/2022 8:00;-1.858399987
Penauta;17/01/2022 9:00;-1.991400003
Penauta;17/01/2022 10:00;-2.007400036
Penauta;17/01/2022 11:00;-1.709300041
Penauta;17/01/2022 12:00;-1.315400004
Penauta;17/01/2022 13:00;-1.006600022
Penauta;17/01/2022 14:00;-0.820200026
Penauta;17/01/2022 15:00;-0.66049999
Penauta;17/01/2022 16:00;-0.585900009
Penauta;17/01/2022 17:00;-0.532700002
Penauta;17/01/2022 18:00;-0.500699997
Penauta;17/01/2022 19:00;-0.479400009
Penauta;17/01/2022 20:00;-0.468800008
Penauta;17/01/2022 21:00;-0.495400012
Penauta;17/01/2022 22:00;-0.617900014
Penauta;17/01/2022 23:00;-0.793600023
Penauta;18/01/2022 0:00;-0.995899975
Penauta;18/01/2022 1:00;-1.203600049
Penauta;18/01/2022 2:00;-1.320700049
Penauta;18/01/2022 3:00;-1.384600043
Penauta;18/01/2022 4:00;-1.459100008
Penauta;18/01/2022 5:00;-1.523000002
Penauta;18/01/2022 6:00;-1.613499999
Penauta;18/01/2022 7:00;-1.677399993
Penauta;18/01/2022 8:00;-1.794499993
Penauta;18/01/2022 9:00;-1.783900023
Penauta;18/01/2022 10:00;-1.640100002
Penauta;18/01/2022 11:00;-1.235499978
Penauta;18/01/2022 12:00;-1.038499951
Penauta;18/01/2022 13:00;-0.87349999
Penauta;18/01/2022 14:00;-0.761699975
Penauta;18/01/2022 15:00;-0.697799981
Penauta;18/01/2022 16:00;-0.676500022
Penauta;18/01/2022 17:00;-0.697799981
Penauta;18/01/2022 18:00;-0.772300005
Penauta;18/01/2022 19:00;-0.916100025
Penauta;18/01/2022 20:00;-1.070500016
Penauta;18/01/2022 21:00;-1.21420002
Penauta;18/01/2022 22:00;-1.331400037
Penauta;18/01/2022 23:00;-1.432500005
Penauta;19/01/2022 0:00;-1.54429996
Penauta;19/01/2022 1:00;-1.634799957
Penauta;19/01/2022 2:00;-1.725299954
Penauta;19/01/2022 3:00;-1.815799952
Penauta;19/01/2022 4:00;-1.922199965
Penauta;19/01/2022 5:00;-1.980800033
Penauta;19/01/2022 6:00;-2.044699907
Penauta;19/01/2022 7:00;-2.113899946
Penauta;19/01/2022 8:00;-2.161799908
Penauta;19/01/2022 9:00;-2.230999947
Penauta;19/01/2022 10:00;-2.140500069
Penauta;19/01/2022 11:00;-1.698699951
Penauta;19/01/2022 12:00;-1.310099959
Penauta;19/01/2022 13:00;-1.065199971
Penauta;19/01/2022 14:00;-0.889400005
Penauta;19/01/2022 15:00;-0.76700002
Penauta;19/01/2022 16:00;-0.697799981
Penauta;19/01/2022 17:00;-0.676500022
Penauta;19/01/2022 18:00;-0.719099998
Penauta;19/01/2022 19:00;-0.841499984
Penauta;19/01/2022 20:00;-1.011899948
Penauta;19/01/2022 21:00;-1.150300026
Penauta;19/01/2022 22:00;-1.246199965
Penauta;19/01/2022 23:00;-1.288800001
Penauta;20/01/2022 0:00;-1.352699995
Penauta;20/01/2022 1:00;-1.411200047
Penauta;20/01/2022 2:00;-1.464400053
Penauta;20/01/2022 3:00;-1.469799995
Penauta;20/01/2022 4:00;-1.634799957
Penauta;20/01/2022 5:00;-1.693400025
Penauta;20/01/2022 6:00;-1.55490005
Penauta;20/01/2022 7:00;-1.491099954
Penauta;20/01/2022 8:00;-1.533699989
Penauta;20/01/2022 9:00;-1.656100035
Penauta;20/01/2022 10:00;-1.778499961
Penauta;20/01/2022 11:00;-1.54429996
Penauta;20/01/2022 12:00;-1.240800023
Penauta;20/01/2022 13:00;-1.038499951
Penauta;20/01/2022 14:00;-0.916100025
Penauta;20/01/2022 15:00;-0.809599996
Penauta;20/01/2022 16:00;-0.740400016
Penauta;20/01/2022 17:00;-0.740400016
Penauta;20/01/2022 18:00;-0.809599996
Penauta;20/01/2022 19:00;-0.969299972
Penauta;20/01/2022 20:00;-1.144999981
Penauta;20/01/2022 21:00;-1.304700017
Penauta;20/01/2022 22:00;-1.464400053
Penauta;20/01/2022 23:00;-1.634799957
Penauta;21/01/2022 0:00;-1.794499993
Penauta;21/01/2022 1:00;-1.970199943
Penauta;21/01/2022 2:00;-2.108500004
Penauta;21/01/2022 3:00;-2.252300024
Penauta;21/01/2022 4:00;-2.406599998
Penauta;21/01/2022 5:00;-2.57159996
Penauta;21/01/2022 6:00;-2.667399883
Penauta;21/01/2022 7:00;-2.752500057
Penauta;21/01/2022 8:00;-2.832299948
Penauta;21/01/2022 9:00;-2.874900103
Penauta;21/01/2022 10:00;-2.715300083
Penauta;21/01/2022 11:00;-2.060600042
Penauta;21/01/2022 12:00;-1.735900044
Penauta;21/01/2022 13:00;-1.448500037
Penauta;21/01/2022 14:00;-1.272799969
Penauta;21/01/2022 15:00;-1.166300058
Penauta;21/01/2022 16:00;-1.13440001
Penauta;21/01/2022 17:00;-1.161000013
Penauta;21/01/2022 18:00;-1.304700017
Penauta;21/01/2022 19:00;-1.523000002
Penauta;21/01/2022 20:00;-1.735900044
Penauta;21/01/2022 21:00;-1.927600026
Penauta;21/01/2022 22:00;-2.081899881
Penauta;21/01/2022 23:00;-2.140500069
Penauta;22/01/2022 0:00;-2.18840003
Penauta;22/01/2022 1:00;-2.300199986
Penauta;22/01/2022 2:00;-2.417200089
Penauta;22/01/2022 3:00;-2.507699966
Penauta;22/01/2022 4:00;-2.624799967
Penauta;22/01/2022 5:00;-2.709899902
Penauta;22/01/2022 6:00;-2.76850009
Penauta;22/01/2022 7:00;-2.869600058
Penauta;22/01/2022 8:00;-2.944099903
Penauta;22/01/2022 9:00;-2.981300116
Penauta;22/01/2022 10:00;-2.805700064
Penauta;22/01/2022 11:00;-2.289499998
Penauta;22/01/2022 12:00;-1.799800038
Penauta;22/01/2022 13:00;-1.421900034
Penauta;22/01/2022 14:00;-1.182299972
Penauta;22/01/2022 15:00;-1.011899948
Penauta;22/01/2022 16:00;-0.905399978
Penauta;22/01/2022 17:00;-0.878799975
Penauta;22/01/2022 18:00;-0.926699996
Penauta;22/01/2022 19:00;-1.033200026
Penauta;22/01/2022 20:00;-1.155699968
Penauta;22/01/2022 21:00;-1.288800001
Penauta;22/01/2022 22:00;-1.395200014
Penauta;22/01/2022 23:00;-1.459100008
Penauta;23/01/2022 0:00;-1.501700044
Penauta;23/01/2022 1:00;-1.570899963
Penauta;23/01/2022 2:00;-1.629500031
Penauta;23/01/2022 3:00;-1.698699951
Penauta;23/01/2022 4:00;-1.778499961
Penauta;23/01/2022 5:00;-1.853099942
Penauta;23/01/2022 6:00;-1.901000023
Penauta;23/01/2022 7:00;-1.986099958
Penauta;23/01/2022 8:00;-2.060600042
Penauta;23/01/2022 9:00;-2.119199991
Penauta;23/01/2022 10:00;-2.028700113
Penauta;23/01/2022 11:00;-1.634799957
Penauta;23/01/2022 12:00;-1.203600049
Penauta;23/01/2022 13:00;-0.953299999
Penauta;23/01/2022 14:00;-0.793600023
Penauta;23/01/2022 15:00;-0.692399979
Penauta;23/01/2022 16:00;-0.633899987
Penauta;23/01/2022 17:00;-0.612600029
Penauta;23/01/2022 18:00;-0.655200005
Penauta;23/01/2022 19:00;-0.77759999
Penauta;23/01/2022 20:00;-0.995899975
Penauta;23/01/2022 21:00;-1.13440001
Penauta;23/01/2022 22:00;-1.256800056
Penauta;23/01/2022 23:00;-1.405900002
Penauta;24/01/2022 0:00;-1.608199954
Penauta;24/01/2022 1:00;-1.778499961
Penauta;24/01/2022 2:00;-1.932899952
Penauta;24/01/2022 3:00;-2.07130003
Penauta;24/01/2022 4:00;-2.209700108
Penauta;24/01/2022 5:00;-2.358700037
Penauta;24/01/2022 6:00;-2.491699934
Penauta;24/01/2022 7:00;-2.635400057
Penauta;24/01/2022 8:00;-2.741899967
Penauta;24/01/2022 9:00;-2.800400019
Penauta;24/01/2022 10:00;-2.683300018
Penauta;24/01/2022 11:00;-2.087300062
Penauta;24/01/2022 12:00;-1.54429996
Penauta;24/01/2022 13:00;-1.21420002
Penauta;24/01/2022 14:00;-0.99059999
Penauta;24/01/2022 15:00;-0.852199972
Penauta;24/01/2022 16:00;-0.788299978
Penauta;24/01/2022 17:00;-0.77759999
Penauta;24/01/2022 18:00;-0.841499984
Penauta;24/01/2022 19:00;-1.022600055
Penauta;24/01/2022 20:00;-1.25150001
Penauta;24/01/2022 21:00;-1.43780005
Penauta;24/01/2022 22:00;-1.565600038
Penauta;24/01/2022 23:00;-1.735900044
Penauta;25/01/2022 0:00;-1.932899952
Penauta;25/01/2022 1:00;-2.097899914
Penauta;25/01/2022 2:00;-2.241600037
Penauta;25/01/2022 3:00;-2.358700037
Penauta;25/01/2022 4:00;-2.459800005
Penauta;25/01/2022 5:00;-2.555599928
Penauta;25/01/2022 6:00;-2.688699961
Penauta;25/01/2022 7:00;-2.747200012
Penauta;25/01/2022 8:00;-2.816400051
Penauta;25/01/2022 9:00;-2.88560009
Penauta;25/01/2022 10:00;-2.795099974
Penauta;25/01/2022 11:00;-2.353399992
Penauta;25/01/2022 12:00;-1.853099942
Penauta;25/01/2022 13:00;-1.453799963
Penauta;25/01/2022 14:00;-1.219599962
Penauta;25/01/2022 15:00;-1.059800029
Penauta;25/01/2022 16:00;-0.974600017
Penauta;25/01/2022 17:00;-0.963999987
Penauta;25/01/2022 18:00;-1.049200058
Penauta;25/01/2022 19:00;-1.283400059
Penauta;25/01/2022 20:00;-1.533699989
Penauta;25/01/2022 21:00;-1.757200003
Penauta;25/01/2022 22:00;-1.932899952
Penauta;25/01/2022 23:00;-2.018100023
Penauta;26/01/2022 0:00;-2.103199959
Penauta;26/01/2022 1:00;-2.156399965
Penauta;26/01/2022 2:00;-2.236299992
Penauta;26/01/2022 3:00;-2.342700005
Penauta;26/01/2022 4:00;-2.305500031
Penauta;26/01/2022 5:00;-2.348099947
Penauta;26/01/2022 6:00;-2.470499992
Penauta;26/01/2022 7:00;-2.518399954
Penauta;26/01/2022 8:00;-2.656699896
Penauta;26/01/2022 9:00;-2.715300083
Penauta;26/01/2022 10:00;-2.529000044
Penauta;26/01/2022 11:00;-1.954200029
Penauta;26/01/2022 12:00;-1.597499967
Penauta;26/01/2022 13:00;-1.363299966
Penauta;26/01/2022 14:00;-1.166300058
Penauta;26/01/2022 15:00;-1.022600055
Penauta;26/01/2022 16:00;-0.931999981
Penauta;26/01/2022 17:00;-0.916100025
Penauta;26/01/2022 18:00;-1.001299977
Penauta;26/01/2022 19:00;-1.203600049
Penauta;26/01/2022 20:00;-1.42719996
Penauta;26/01/2022 21:00;-1.65079999
Penauta;26/01/2022 22:00;-1.794499993
Penauta;26/01/2022 23:00;-1.922199965
Penauta;27/01/2022 0:00;-2.044699907
Penauta;27/01/2022 1:00;-2.140500069
Penauta;27/01/2022 2:00;-2.214999914
Penauta;27/01/2022 3:00;-2.321399927
Penauta;27/01/2022 4:00;-2.374700069
Penauta;27/01/2022 5:00;-2.406599998
Penauta;27/01/2022 6:00;-2.422600031
Penauta;27/01/2022 7:00;-2.449199915
Penauta;27/01/2022 8:00;-2.513000011
Penauta;27/01/2022 9:00;-2.661999941
Penauta;27/01/2022 10:00;-2.507699966
Penauta;27/01/2022 11:00;-1.9648
Penauta;27/01/2022 12:00;-1.43780005
Penauta;27/01/2022 13:00;-1.113100052
Penauta;27/01/2022 14:00;-0.916100025
Penauta;27/01/2022 15:00;-0.788299978
Penauta;27/01/2022 16:00;-0.719099998
Penauta;27/01/2022 17:00;-0.708400011
Penauta;27/01/2022 18:00;-0.750999987
Penauta;27/01/2022 19:00;-0.900099993
Penauta;27/01/2022 20:00;-1.086500049
Penauta;27/01/2022 21:00;-1.283400059
Penauta;27/01/2022 22:00;-1.453799963
Penauta;27/01/2022 23:00;-1.608199954
Penauta;28/01/2022 0:00;-1.751899958
Penauta;28/01/2022 1:00;-1.906299949
Penauta;28/01/2022 2:00;-2.060600042
Penauta;28/01/2022 3:00;-2.193700075
Penauta;28/01/2022 4:00;-2.33739996
Penauta;28/01/2022 5:00;-2.46510005
Penauta;28/01/2022 6:00;-2.566299915
Penauta;28/01/2022 7:00;-2.688699961
Penauta;28/01/2022 8:00;-2.741899967
Penauta;28/01/2022 9:00;-2.779099941
Penauta;28/01/2022 10:00;-2.592900038
Penauta;28/01/2022 11:00;-2.081899881
Penauta;28/01/2022 12:00;-1.54429996
Penauta;28/01/2022 13:00;-1.182299972
Penauta;28/01/2022 14:00;-0.958700001
Penauta;28/01/2022 15:00;-0.830900013
Penauta;28/01/2022 16:00;-0.740400016
Penauta;28/01/2022 17:00;-0.703100026
Penauta;28/01/2022 18:00;-0.782999992
Penauta;28/01/2022 19:00;-0.926699996
Penauta;28/01/2022 20:00;-1.070500016
Penauta;28/01/2022 21:00;-1.198300004
Penauta;28/01/2022 22:00;-1.278100014
Penauta;28/01/2022 23:00;-1.342000008
Penauta;29/01/2022 0:00;-1.42719996
Penauta;29/01/2022 1:00;-1.512400031
Penauta;29/01/2022 2:00;-1.608199954
Penauta;29/01/2022 3:00;-1.687999964
Penauta;29/01/2022 4:00;-1.762599945
Penauta;29/01/2022 5:00;-1.821099997
Penauta;29/01/2022 6:00;-1.88499999
Penauta;29/01/2022 7:00;-1.916900039
Penauta;29/01/2022 8:00;-1.922199965
Penauta;29/01/2022 9:00;-1.906299949
Penauta;29/01/2022 10:00;-1.725299954
Penauta;29/01/2022 11:00;-1.310099959
Penauta;29/01/2022 12:00;-0.958700001
Penauta;29/01/2022 13:00;-0.76700002
Penauta;29/01/2022 14:00;-0.655200005
Penauta;29/01/2022 15:00;-0.580600023
Penauta;29/01/2022 16:00;-0.537999988
Penauta;29/01/2022 17:00;-0.511399984
Penauta;29/01/2022 18:00;-0.495400012
Penauta;29/01/2022 19:00;-0.490099996
Penauta;29/01/2022 20:00;-0.500699997
Penauta;29/01/2022 21:00;-0.564599991
Penauta;29/01/2022 22:00;-0.67110002
Penauta;29/01/2022 23:00;-0.724399984
Penauta;30/01/2022 0:00;-0.782999992
Penauta;30/01/2022 1:00;-0.900099993
Penauta;30/01/2022 2:00;-1.065199971
Penauta;30/01/2022 3:00;-1.187600017
Penauta;30/01/2022 4:00;-1.299399972
Penauta;30/01/2022 5:00;-1.453799963
Penauta;30/01/2022 6:00;-1.55490005
Penauta;30/01/2022 7:00;-1.709300041
Penauta;30/01/2022 8:00;-1.863700032
Penauta;30/01/2022 9:00;-2.018100023
Penauta;30/01/2022 10:00;-1.901000023
Penauta;30/01/2022 11:00;-1.35800004
Penauta;30/01/2022 12:00;-0.980000019
Penauta;30/01/2022 13:00;-0.76700002
Penauta;30/01/2022 14:00;-0.655200005
Penauta;30/01/2022 15:00;-0.585900009
Penauta;30/01/2022 16:00;-0.548699975
Penauta;30/01/2022 17:00;-0.527400017
Penauta;30/01/2022 18:00;-0.527400017
Penauta;30/01/2022 19:00;-0.569999993
Penauta;30/01/2022 20:00;-0.681800008
Penauta;30/01/2022 21:00;-0.80430001
Penauta;30/01/2022 22:00;-0.931999981
Penauta;30/01/2022 23:00;-1.059800029
Penauta;31/01/2022 0:00;-1.177000046
Penauta;31/01/2022 1:00;-1.294100046
Penauta;31/01/2022 2:00;-1.448500037
Penauta;31/01/2022 3:00;-1.560299993
Penauta;31/01/2022 4:00;-1.624199986
Penauta;31/01/2022 5:00;-1.703999996
Penauta;31/01/2022 6:00;-1.762599945
Penauta;31/01/2022 7:00;-1.794499993
Penauta;31/01/2022 8:00;-1.805099964
Penauta;31/01/2022 9:00;-1.8477
Penauta;31/01/2022 10:00;-1.794499993
Penauta;31/01/2022 11:00;-1.443199992
Penauta;31/01/2022 12:00;-1.123700023
Penauta;31/01/2022 13:00;-0.910700023
Penauta;31/01/2022 14:00;-0.77759999
Penauta;31/01/2022 15:00;-0.692399979
Penauta;31/01/2022 16:00;-0.649800003
Penauta;31/01/2022 17:00;-0.644500017
Penauta;31/01/2022 18:00;-0.67110002
Penauta;31/01/2022 19:00;-0.77759999
Penauta;31/01/2022 20:00;-0.926699996
Penauta;31/01/2022 21:00;-1.075799942
Penauta;31/01/2022 22:00;-1.230200052
Penauta;31/01/2022 23:00;-1.304700017
Penauta;01/02/2022 0:00;-1.373900056
Penauta;01/02/2022 1:00;-1.539000034
Penauta;01/02/2022 2:00;-1.661399961
Penauta;01/02/2022 3:00;-1.810500026
Penauta;01/02/2022 4:00;-1.927600026
Penauta;01/02/2022 5:00;-2.055299997
Penauta;01/02/2022 6:00;-2.087300062
Penauta;01/02/2022 7:00;-2.140500069
Penauta;01/02/2022 8:00;-2.039400101
Penauta;01/02/2022 9:00;-1.959499955
Penauta;01/02/2022 10:00;-1.714599967
Penauta;01/02/2022 11:00;-1.256800056
Penauta;01/02/2022 12:00;-0.953299999
Penauta;01/02/2022 13:00;-0.761699975
Penauta;01/02/2022 14:00;-0.644500017
Penauta;01/02/2022 15:00;-0.569999993
Penauta;01/02/2022 16:00;-0.522000015
Penauta;01/02/2022 17:00;-0.490099996
Penauta;01/02/2022 18:00;-0.474099994
Penauta;01/02/2022 19:00;-0.458099991
Penauta;01/02/2022 20:00;-0.44749999
Penauta;01/02/2022 21:00;-0.442200005
Penauta;01/02/2022 22:00;-0.436800003
Penauta;01/02/2022 23:00;-0.436800003
Penauta;02/02/2022 0:00;-0.436800003
Penauta;02/02/2022 1:00;-0.431499988
Penauta;02/02/2022 2:00;-0.431499988
Penauta;02/02/2022 3:00;-0.431499988
Penauta;02/02/2022 4:00;-0.431499988
Penauta;02/02/2022 5:00;-0.431499988
Penauta;02/02/2022 6:00;-0.44749999
Penauta;02/02/2022 7:00;-0.468800008
Penauta;02/02/2022 8:00;-0.506099999
Penauta;02/02/2022 9:00;-0.543299973
Penauta;02/02/2022 10:00;-0.543299973
Penauta;02/02/2022 11:00;-0.500699997
Penauta;02/02/2022 12:00;-0.468800008
Penauta;02/02/2022 13:00;-0.442200005
Penauta;02/02/2022 14:00;-0.426200002
Penauta;02/02/2022 15:00;-0.415499985
Penauta;02/02/2022 16:00;-0.404900014
Penauta;02/02/2022 17:00;-0.394199997
Penauta;02/02/2022 18:00;-0.388900012
Penauta;02/02/2022 19:00;-0.383599997
Penauta;02/02/2022 20:00;-0.383599997
Penauta;02/02/2022 21:00;-0.388900012
Penauta;02/02/2022 22:00;-0.383599997
Penauta;02/02/2022 23:00;-0.383599997
Penauta;03/02/2022 0:00;-0.383599997
Penauta;03/02/2022 1:00;-0.383599997
Penauta;03/02/2022 2:00;-0.388900012
Penauta;03/02/2022 3:00;-0.383599997
Penauta;03/02/2022 4:00;-0.383599997
Penauta;03/02/2022 5:00;-0.383599997
Penauta;03/02/2022 6:00;-0.388900012
Penauta;03/02/2022 7:00;-0.388900012
Penauta;03/02/2022 8:00;-0.394199997
Penauta;03/02/2022 9:00;-0.4102
Penauta;03/02/2022 10:00;-0.426200002
Penauta;03/02/2022 11:00;-0.415499985
Penauta;03/02/2022 12:00;-0.388900012
Penauta;03/02/2022 13:00;-0.378300011
Penauta;03/02/2022 14:00;-0.362300009
Penauta;03/02/2022 15:00;-0.335599989
Penauta;03/02/2022 16:00;-0.324999988
Penauta;03/02/2022 17:00;-0.314300001
Penauta;03/02/2022 18:00;-0.330300003
Penauta;03/02/2022 19:00;-0.356999993
Penauta;03/02/2022 20:00;-0.372900009
Penauta;03/02/2022 21:00;-0.383599997
Penauta;03/02/2022 22:00;-0.372900009
Penauta;03/02/2022 23:00;-0.372900009
Penauta;04/02/2022 0:00;-0.372900009
Penauta;04/02/2022 1:00;-0.383599997
Penauta;04/02/2022 2:00;-0.399599999
Penauta;04/02/2022 3:00;-0.4102
Penauta;04/02/2022 4:00;-0.420899987
Penauta;04/02/2022 5:00;-0.431499988
Penauta;04/02/2022 6:00;-0.44749999
Penauta;04/02/2022 7:00;-0.468800008
Penauta;04/02/2022 8:00;-0.495400012
Penauta;04/02/2022 9:00;-0.511399984
Penauta;04/02/2022 10:00;-0.495400012
Penauta;04/02/2022 11:00;-0.452800006
Penauta;04/02/2022 12:00;-0.431499988
Penauta;04/02/2022 13:00;-0.420899987
Penauta;04/02/2022 14:00;-0.4102
Penauta;04/02/2022 15:00;-0.399599999
Penauta;04/02/2022 16:00;-0.367599994
Penauta;04/02/2022 17:00;-0.362300009
Penauta;04/02/2022 18:00;-0.367599994
Penauta;04/02/2022 19:00;-0.372900009
Penauta;04/02/2022 20:00;-0.372900009
Penauta;04/02/2022 21:00;-0.378300011
Penauta;04/02/2022 22:00;-0.378300011
Penauta;04/02/2022 23:00;-0.372900009
Penauta;05/02/2022 0:00;-0.372900009
Penauta;05/02/2022 1:00;-0.372900009
Penauta;05/02/2022 2:00;-0.372900009
Penauta;05/02/2022 3:00;-0.372900009
Penauta;05/02/2022 4:00;-0.378300011
Penauta;05/02/2022 5:00;-0.372900009
Penauta;05/02/2022 6:00;-0.378300011
Penauta;05/02/2022 7:00;-0.378300011
Penauta;05/02/2022 8:00;-0.378300011
Penauta;05/02/2022 9:00;-0.383599997
Penauta;05/02/2022 10:00;-0.383599997
Penauta;05/02/2022 11:00;-0.388900012
Penauta;05/02/2022 12:00;-0.388900012
Penauta;05/02/2022 13:00;-0.388900012
Penauta;05/02/2022 14:00;-0.383599997
Penauta;05/02/2022 15:00;-0.378300011
Penauta;05/02/2022 16:00;-0.378300011
Penauta;05/02/2022 17:00;-0.372900009
Penauta;05/02/2022 18:00;-0.362300009
Penauta;05/02/2022 19:00;-0.367599994
Penauta;05/02/2022 20:00;-0.383599997
Penauta;05/02/2022 21:00;-0.426200002
Penauta;05/02/2022 22:00;-0.516700029
Penauta;05/02/2022 23:00;-0.665799975
Penauta;06/02/2022 0:00;-0.830900013
Penauta;06/02/2022 1:00;-0.980000019
Penauta;06/02/2022 2:00;-1.123700023
Penauta;06/02/2022 3:00;-1.246199965
Penauta;06/02/2022 4:00;-1.368600011
Penauta;06/02/2022 5:00;-1.480399966
Penauta;06/02/2022 6:00;-1.592200041
Penauta;06/02/2022 7:00;-1.661399961
Penauta;06/02/2022 8:00;-1.757200003
Penauta;06/02/2022 9:00;-1.751899958
Penauta;06/02/2022 10:00;-1.597499967
Penauta;06/02/2022 11:00;-1.102399945
Penauta;06/02/2022 12:00;-0.825600028
Penauta;06/02/2022 13:00;-0.67110002
Penauta;06/02/2022 14:00;-0.585900009
Penauta;06/02/2022 15:00;-0.543299973
Penauta;06/02/2022 16:00;-0.506099999
Penauta;06/02/2022 17:00;-0.484800011
Penauta;06/02/2022 18:00;-0.468800008
Penauta;06/02/2022 19:00;-0.468800008
Penauta;06/02/2022 20:00;-0.506099999
Penauta;06/02/2022 21:00;-0.55400002
Penauta;06/02/2022 22:00;-0.612600029
Penauta;06/02/2022 23:00;-0.703100026
Penauta;07/02/2022 0:00;-0.80430001
Penauta;07/02/2022 1:00;-0.926699996
Penauta;07/02/2022 2:00;-0.980000019
Penauta;07/02/2022 3:00;-1.033200026
Penauta;07/02/2022 4:00;-1.017199993
Penauta;07/02/2022 5:00;-1.017199993
Penauta;07/02/2022 6:00;-1.033200026
Penauta;07/02/2022 7:00;-1.070500016
Penauta;07/02/2022 8:00;-1.150300026
Penauta;07/02/2022 9:00;-1.187600017
Penauta;07/02/2022 10:00;-1.065199971
Penauta;07/02/2022 11:00;-0.772300005
Penauta;07/02/2022 12:00;-0.639199972
Penauta;07/02/2022 13:00;-0.569999993
Penauta;07/02/2022 14:00;-0.516700029
Penauta;07/02/2022 15:00;-0.484800011
Penauta;07/02/2022 16:00;-0.463499993
Penauta;07/02/2022 17:00;-0.44749999
Penauta;07/02/2022 18:00;-0.436800003
Penauta;07/02/2022 19:00;-0.442200005
Penauta;07/02/2022 20:00;-0.484800011
Penauta;07/02/2022 21:00;-0.55400002
Penauta;07/02/2022 22:00;-0.639199972
Penauta;07/02/2022 23:00;-0.729700029
Penauta;08/02/2022 0:00;-0.820200026
Penauta;08/02/2022 1:00;-0.88410002
Penauta;08/02/2022 2:00;-0.862800002
Penauta;08/02/2022 3:00;-0.830900013
Penauta;08/02/2022 4:00;-0.836199999
Penauta;08/02/2022 5:00;-0.841499984
Penauta;08/02/2022 6:00;-0.830900013
Penauta;08/02/2022 7:00;-0.830900013
Penauta;08/02/2022 8:00;-0.846899986
Penauta;08/02/2022 9:00;-0.841499984
Penauta;08/02/2022 10:00;-0.724399984
Penauta;08/02/2022 11:00;-0.591300011
Penauta;08/02/2022 12:00;-0.522000015
Penauta;08/02/2022 13:00;-0.484800011
Penauta;08/02/2022 14:00;-0.442200005
Penauta;08/02/2022 15:00;-0.4102
Penauta;08/02/2022 16:00;-0.378300011
Penauta;08/02/2022 17:00;-0.340999991
Penauta;08/02/2022 18:00;-0.335599989
Penauta;08/02/2022 19:00;-0.351599991
Penauta;08/02/2022 20:00;-0.372900009
Penauta;08/02/2022 21:00;-0.383599997
Penauta;08/02/2022 22:00;-0.388900012
Penauta;08/02/2022 23:00;-0.394199997
Penauta;09/02/2022 0:00;-0.399599999
Penauta;09/02/2022 1:00;-0.431499988
Penauta;09/02/2022 2:00;-0.484800011
Penauta;09/02/2022 3:00;-0.537999988
Penauta;09/02/2022 4:00;-0.601899981
Penauta;09/02/2022 5:00;-0.66049999
Penauta;09/02/2022 6:00;-0.724399984
Penauta;09/02/2022 7:00;-0.782999992
Penauta;09/02/2022 8:00;-0.841499984
Penauta;09/02/2022 9:00;-0.900099993
Penauta;09/02/2022 10:00;-0.77759999
Penauta;09/02/2022 11:00;-0.596599996
Penauta;09/02/2022 12:00;-0.522000015
Penauta;09/02/2022 13:00;-0.479400009
Penauta;09/02/2022 14:00;-0.442200005
Penauta;09/02/2022 15:00;-0.399599999
Penauta;09/02/2022 16:00;-0.356999993
Penauta;09/02/2022 17:00;-0.330300003
Penauta;09/02/2022 18:00;-0.330300003
Penauta;09/02/2022 19:00;-0.340999991
Penauta;09/02/2022 20:00;-0.367599994
Penauta;09/02/2022 21:00;-0.383599997
Penauta;09/02/2022 22:00;-0.383599997
Penauta;09/02/2022 23:00;-0.383599997
Penauta;10/02/2022 0:00;-0.388900012
Penauta;10/02/2022 1:00;-0.404900014
Penauta;10/02/2022 2:00;-0.458099991
Penauta;10/02/2022 3:00;-0.511399984
Penauta;10/02/2022 4:00;-0.580600023
Penauta;10/02/2022 5:00;-0.66049999
Penauta;10/02/2022 6:00;-0.724399984
Penauta;10/02/2022 7:00;-0.756299973
Penauta;10/02/2022 8:00;-0.77759999
Penauta;10/02/2022 9:00;-0.745700002
Penauta;10/02/2022 10:00;-0.644500017
Penauta;10/02/2022 11:00;-0.537999988
Penauta;10/02/2022 12:00;-0.490099996
Penauta;10/02/2022 13:00;-0.458099991
Penauta;10/02/2022 14:00;-0.436800003
Penauta;10/02/2022 15:00;-0.351599991
Penauta;10/02/2022 16:00;-0.287699997
Penauta;10/02/2022 17:00;-0.271699995
Penauta;10/02/2022 18:00;-0.271699995
Penauta;10/02/2022 19:00;-0.335599989
Penauta;10/02/2022 20:00;-0.351599991
Penauta;10/02/2022 21:00;-0.367599994
Penauta;10/02/2022 22:00;-0.372900009
Penauta;10/02/2022 23:00;-0.372900009
Penauta;11/02/2022 0:00;-0.372900009
Penauta;11/02/2022 1:00;-0.372900009
Penauta;11/02/2022 2:00;-0.372900009
Penauta;11/02/2022 3:00;-0.372900009
Penauta;11/02/2022 4:00;-0.372900009
Penauta;11/02/2022 5:00;-0.372900009
Penauta;11/02/2022 6:00;-0.378300011
Penauta;11/02/2022 7:00;-0.378300011
Penauta;11/02/2022 8:00;-0.378300011
Penauta;11/02/2022 9:00;-0.378300011
Penauta;11/02/2022 10:00;-0.372900009
Penauta;11/02/2022 11:00;-0.372900009
Penauta;11/02/2022 12:00;-0.372900009
Penauta;11/02/2022 13:00;-0.372900009
Penauta;11/02/2022 14:00;-0.372900009
Penauta;11/02/2022 15:00;-0.372900009
Penauta;11/02/2022 16:00;-0.372900009
Penauta;11/02/2022 17:00;-0.372900009
Penauta;11/02/2022 18:00;-0.367599994
Penauta;11/02/2022 19:00;-0.372900009
Penauta;11/02/2022 20:00;-0.367599994
Penauta;11/02/2022 21:00;-0.367599994
Penauta;11/02/2022 22:00;-0.367599994
Penauta;11/02/2022 23:00;-0.367599994
Penauta;12/02/2022 0:00;-0.367599994
Penauta;12/02/2022 1:00;-0.367599994
Penauta;12/02/2022 2:00;-0.367599994
Penauta;12/02/2022 3:00;-0.372900009
Penauta;12/02/2022 4:00;-0.372900009
Penauta;12/02/2022 5:00;-0.367599994
Penauta;12/02/2022 6:00;-0.372900009
Penauta;12/02/2022 7:00;-0.372900009
Penauta;12/02/2022 8:00;-0.372900009
Penauta;12/02/2022 9:00;-0.367599994
Penauta;12/02/2022 10:00;-0.372900009
Penauta;12/02/2022 11:00;-0.367599994
Penauta;12/02/2022 12:00;-0.372900009
Penauta;12/02/2022 13:00;-0.372900009
Penauta;12/02/2022 14:00;-0.367599994
Penauta;12/02/2022 15:00;-0.356999993
Penauta;12/02/2022 16:00;-0.330300003
Penauta;12/02/2022 17:00;-0.3037
Penauta;12/02/2022 18:00;-0.308999985
Penauta;12/02/2022 19:00;-0.340999991
Penauta;12/02/2022 20:00;-0.362300009
Penauta;12/02/2022 21:00;-0.362300009
Penauta;12/02/2022 22:00;-0.362300009
Penauta;12/02/2022 23:00;-0.362300009
Penauta;13/02/2022 0:00;-0.367599994
Penauta;13/02/2022 1:00;-0.367599994
Penauta;13/02/2022 2:00;-0.367599994
Penauta;13/02/2022 3:00;-0.367599994
Penauta;13/02/2022 4:00;-0.372900009
Penauta;13/02/2022 5:00;-0.372900009
Penauta;13/02/2022 6:00;-0.378300011
Penauta;13/02/2022 7:00;-0.383599997
Penauta;13/02/2022 8:00;-0.399599999
Penauta;13/02/2022 9:00;-0.452800006
Penauta;13/02/2022 10:00;-0.468800008
Penauta;13/02/2022 11:00;-0.44749999
Penauta;13/02/2022 12:00;-0.426200002
Penauta;13/02/2022 13:00;-0.415499985
Penauta;13/02/2022 14:00;-0.4102
Penauta;13/02/2022 15:00;-0.399599999
Penauta;13/02/2022 16:00;-0.394199997
Penauta;13/02/2022 17:00;-0.394199997
Penauta;13/02/2022 18:00;-0.388900012
Penauta;13/02/2022 19:00;-0.388900012
Penauta;13/02/2022 20:00;-0.388900012
Penauta;13/02/2022 21:00;-0.388900012
Penauta;13/02/2022 22:00;-0.388900012
Penauta;13/02/2022 23:00;-0.383599997
Penauta;14/02/2022 0:00;-0.383599997
Penauta;14/02/2022 1:00;-0.383599997
Penauta;14/02/2022 2:00;-0.383599997
Penauta;14/02/2022 3:00;-0.383599997
Penauta;14/02/2022 4:00;-0.383599997
Penauta;14/02/2022 5:00;-0.388900012
Penauta;14/02/2022 6:00;-0.394199997
Penauta;14/02/2022 7:00;-0.394199997
Penauta;14/02/2022 8:00;-0.404900014
Penauta;14/02/2022 9:00;-0.404900014
Penauta;14/02/2022 10:00;-0.415499985
Penauta;14/02/2022 11:00;-0.415499985
Penauta;14/02/2022 12:00;-0.415499985
Penauta;14/02/2022 13:00;-0.415499985
Penauta;14/02/2022 14:00;-0.4102
Penauta;14/02/2022 15:00;-0.4102
Penauta;14/02/2022 16:00;-0.404900014
Penauta;14/02/2022 17:00;-0.404900014
Penauta;14/02/2022 18:00;-0.404900014
Penauta;14/02/2022 19:00;-0.404900014
Penauta;14/02/2022 20:00;-0.4102
Penauta;14/02/2022 21:00;-0.415499985
Penauta;14/02/2022 22:00;-0.426200002
Penauta;14/02/2022 23:00;-0.436800003
Penauta;15/02/2022 0:00;-0.452800006
Penauta;15/02/2022 1:00;-0.463499993
Penauta;15/02/2022 2:00;-0.484800011
Penauta;15/02/2022 3:00;-0.527400017
Penauta;15/02/2022 4:00;-0.575299978
Penauta;15/02/2022 5:00;-0.628499985
Penauta;15/02/2022 6:00;-0.692399979
Penauta;15/02/2022 7:00;-0.740400016
Penauta;15/02/2022 8:00;-0.798900008
Penauta;15/02/2022 9:00;-0.836199999
Penauta;15/02/2022 10:00;-0.836199999
Penauta;15/02/2022 11:00;-0.798900008
Penauta;15/02/2022 12:00;-0.745700002
Penauta;15/02/2022 13:00;-0.687099993
Penauta;15/02/2022 14:00;-0.639199972
Penauta;15/02/2022 15:00;-0.612600029
Penauta;15/02/2022 16:00;-0.596599996
Penauta;15/02/2022 17:00;-0.580600023
Penauta;15/02/2022 18:00;-0.569999993
Penauta;15/02/2022 19:00;-0.569999993
Penauta;15/02/2022 20:00;-0.585900009
Penauta;15/02/2022 21:00;-0.596599996
Penauta;15/02/2022 22:00;-0.607200027
Penauta;15/02/2022 23:00;-0.617900014
Penauta;16/02/2022 0:00;-0.628499985
Penauta;16/02/2022 1:00;-0.628499985
Penauta;16/02/2022 2:00;-0.612600029
Penauta;16/02/2022 3:00;-0.591300011
Penauta;16/02/2022 4:00;-0.580600023
Penauta;16/02/2022 5:00;-0.564599991
Penauta;16/02/2022 6:00;-0.559300005
Penauta;16/02/2022 7:00;-0.548699975
Penauta;16/02/2022 8:00;-0.537999988
Penauta;16/02/2022 9:00;-0.532700002
Penauta;16/02/2022 10:00;-0.522000015
Penauta;16/02/2022 11:00;-0.516700029
Penauta;16/02/2022 12:00;-0.500699997
Penauta;16/02/2022 13:00;-0.490099996
Penauta;16/02/2022 14:00;-0.474099994
Penauta;16/02/2022 15:00;-0.458099991
Penauta;16/02/2022 16:00;-0.436800003
Penauta;16/02/2022 17:00;-0.415499985
Penauta;16/02/2022 18:00;-0.399599999
Penauta;16/02/2022 19:00;-0.394199997
Penauta;16/02/2022 20:00;-0.388900012
Penauta;16/02/2022 21:00;-0.388900012
Penauta;16/02/2022 22:00;-0.383599997
Penauta;16/02/2022 23:00;-0.378300011
Penauta;17/02/2022 0:00;-0.378300011
Penauta;17/02/2022 1:00;-0.378300011
Penauta;17/02/2022 2:00;-0.378300011
Penauta;17/02/2022 3:00;-0.378300011
Penauta;17/02/2022 4:00;-0.383599997
Penauta;17/02/2022 5:00;-0.404900014
Penauta;17/02/2022 6:00;-0.44749999
Penauta;17/02/2022 7:00;-0.495400012
Penauta;17/02/2022 8:00;-0.537999988
Penauta;17/02/2022 9:00;-0.532700002
Penauta;17/02/2022 10:00;-0.468800008
Penauta;17/02/2022 11:00;-0.436800003
Penauta;17/02/2022 12:00;-0.420899987
Penauta;17/02/2022 13:00;-0.404900014
Penauta;17/02/2022 14:00;-0.399599999
Penauta;17/02/2022 15:00;-0.362300009
Penauta;17/02/2022 16:00;-0.293000013
Penauta;17/02/2022 17:00;-0.223800004
Penauta;17/02/2022 18:00;-0.218500003
Penauta;17/02/2022 19:00;-0.282400012
Penauta;17/02/2022 20:00;-0.319700003
Penauta;17/02/2022 21:00;-0.346300006
Penauta;17/02/2022 22:00;-0.346300006
Penauta;17/02/2022 23:00;-0.346300006
Penauta;18/02/2022 0:00;-0.340999991
Penauta;18/02/2022 1:00;-0.340999991
Penauta;18/02/2022 2:00;-0.351599991
Penauta;18/02/2022 3:00;-0.351599991
Penauta;18/02/2022 4:00;-0.356999993
Penauta;18/02/2022 5:00;-0.356999993
Penauta;18/02/2022 6:00;-0.351599991
Penauta;18/02/2022 7:00;-0.351599991
Penauta;18/02/2022 8:00;-0.356999993
Penauta;18/02/2022 9:00;-0.367599994
Penauta;18/02/2022 10:00;-0.356999993
Penauta;18/02/2022 11:00;-0.340999991
Penauta;18/02/2022 12:00;-0.314300001
Penauta;18/02/2022 13:00;-0.255800009
Penauta;18/02/2022 14:00;0.159700006
Penauta;18/02/2022 15:00;0.468600005
Penauta;18/02/2022 16:00;0.495200008
Penauta;18/02/2022 17:00;0.180999994
Penauta;18/02/2022 18:00;-0.165199995
Penauta;18/02/2022 19:00;-0.324999988
Penauta;18/02/2022 20:00;-0.362300009
Penauta;18/02/2022 21:00;-0.362300009
Penauta;18/02/2022 22:00;-0.356999993
Penauta;18/02/2022 23:00;-0.362300009
Penauta;19/02/2022 0:00;-0.362300009
Penauta;19/02/2022 1:00;-0.362300009
Penauta;19/02/2022 2:00;-0.362300009
Penauta;19/02/2022 3:00;-0.362300009
Penauta;19/02/2022 4:00;-0.362300009
Penauta;19/02/2022 5:00;-0.362300009
Penauta;19/02/2022 6:00;-0.362300009
Penauta;19/02/2022 7:00;-0.362300009
Penauta;19/02/2022 8:00;-0.367599994
Penauta;19/02/2022 9:00;-0.367599994
Penauta;19/02/2022 10:00;-0.367599994
Penauta;19/02/2022 11:00;-0.367599994
Penauta;19/02/2022 12:00;-0.367599994
Penauta;19/02/2022 13:00;-0.367599994
Penauta;19/02/2022 14:00;-0.367599994
Penauta;19/02/2022 15:00;-0.362300009
Penauta;19/02/2022 16:00;-0.356999993
Penauta;19/02/2022 17:00;-0.362300009
Penauta;19/02/2022 18:00;-0.362300009
Penauta;19/02/2022 19:00;-0.362300009
Penauta;19/02/2022 20:00;-0.362300009
Penauta;19/02/2022 21:00;-0.367599994
Penauta;19/02/2022 22:00;-0.367599994
Penauta;19/02/2022 23:00;-0.372900009
Penauta;20/02/2022 0:00;-0.378300011
Penauta;20/02/2022 1:00;-0.383599997
Penauta;20/02/2022 2:00;-0.394199997
Penauta;20/02/2022 3:00;-0.399599999
Penauta;20/02/2022 4:00;-0.415499985
Penauta;20/02/2022 5:00;-0.436800003
Penauta;20/02/2022 6:00;-0.452800006
Penauta;20/02/2022 7:00;-0.474099994
Penauta;20/02/2022 8:00;-0.500699997
Penauta;20/02/2022 9:00;-0.522000015
Penauta;20/02/2022 10:00;-0.495400012
Penauta;20/02/2022 11:00;-0.452800006
Penauta;20/02/2022 12:00;-0.426200002
Penauta;20/02/2022 13:00;-0.4102
Penauta;20/02/2022 14:00;-0.394199997
Penauta;20/02/2022 15:00;-0.362300009
Penauta;20/02/2022 16:00;-0.3037
Penauta;20/02/2022 17:00;-0.271699995
Penauta;20/02/2022 18:00;-0.308999985
Penauta;20/02/2022 19:00;-0.362300009
Penauta;20/02/2022 20:00;-0.367599994
Penauta;20/02/2022 21:00;-0.367599994
Penauta;20/02/2022 22:00;-0.362300009
Penauta;20/02/2022 23:00;-0.367599994
Penauta;21/02/2022 0:00;-0.383599997
Penauta;21/02/2022 1:00;-0.420899987
Penauta;21/02/2022 2:00;-0.495400012
Penauta;21/02/2022 3:00;-0.559300005
Penauta;21/02/2022 4:00;-0.543299973
Penauta;21/02/2022 5:00;-0.495400012
Penauta;21/02/2022 6:00;-0.479400009
Penauta;21/02/2022 7:00;-0.468800008
Penauta;21/02/2022 8:00;-0.458099991
Penauta;21/02/2022 9:00;-0.458099991
Penauta;21/02/2022 10:00;-0.436800003
Penauta;21/02/2022 11:00;-0.415499985
Penauta;21/02/2022 12:00;-0.404900014
Penauta;21/02/2022 13:00;-0.383599997
Penauta;21/02/2022 14:00;-0.255800009
Penauta;21/02/2022 15:00;-0.079999998
Penauta;21/02/2022 16:00;-0.106600001
Penauta;21/02/2022 17:00;-0.223800004
Penauta;21/02/2022 18:00;-0.324999988
Penauta;21/02/2022 19:00;-0.356999993
Penauta;21/02/2022 20:00;-0.362300009
Penauta;21/02/2022 21:00;-0.367599994
Penauta;21/02/2022 22:00;-0.378300011
Penauta;21/02/2022 23:00;-0.4102
Penauta;22/02/2022 0:00;-0.463499993
Penauta;22/02/2022 1:00;-0.55400002
Penauta;22/02/2022 2:00;-0.633899987
Penauta;22/02/2022 3:00;-0.67110002
Penauta;22/02/2022 4:00;-0.649800003
Penauta;22/02/2022 5:00;-0.612600029
Penauta;22/02/2022 6:00;-0.617900014
Penauta;22/02/2022 7:00;-0.692399979
Penauta;22/02/2022 8:00;-0.750999987
Penauta;22/02/2022 9:00;-0.77759999
Penauta;22/02/2022 10:00;-0.575299978
Penauta;22/02/2022 11:00;-0.479400009
Penauta;22/02/2022 12:00;-0.436800003
Penauta;22/02/2022 13:00;-0.415499985
Penauta;22/02/2022 14:00;-0.335599989
Penauta;22/02/2022 15:00;-0.149299994
Penauta;22/02/2022 16:00;0.0052
Penauta;22/02/2022 17:00;-0.0374
Penauta;22/02/2022 18:00;-0.1972
Penauta;22/02/2022 19:00;-0.293000013
Penauta;22/02/2022 20:00;-0.330300003
Penauta;22/02/2022 21:00;-0.351599991
Penauta;22/02/2022 22:00;-0.367599994
Penauta;22/02/2022 23:00;-0.362300009
Penauta;23/02/2022 0:00;-0.367599994
Penauta;23/02/2022 1:00;-0.367599994
Penauta;23/02/2022 2:00;-0.362300009
Penauta;23/02/2022 3:00;-0.367599994
Penauta;23/02/2022 4:00;-0.367599994
Penauta;23/02/2022 5:00;-0.372900009
Penauta;23/02/2022 6:00;-0.394199997
Penauta;23/02/2022 7:00;-0.484800011
Penauta;23/02/2022 8:00;-0.55400002
Penauta;23/02/2022 9:00;-0.543299973
Penauta;23/02/2022 10:00;-0.463499993
Penauta;23/02/2022 11:00;-0.426200002
Penauta;23/02/2022 12:00;-0.4102
Penauta;23/02/2022 13:00;-0.394199997
Penauta;23/02/2022 14:00;-0.351599991
Penauta;23/02/2022 15:00;-0.053399999
Penauta;23/02/2022 16:00;0.505900025
Penauta;23/02/2022 17:00;0.788200021
Penauta;23/02/2022 18:00;0.633700013
Penauta;23/02/2022 19:00;0.106399998
Penauta;23/02/2022 20:00;-0.207800001
Penauta;23/02/2022 21:00;-0.287699997
Penauta;23/02/2022 22:00;-0.330300003
Penauta;23/02/2022 23:00;-0.356999993
Penauta;24/02/2022 0:00;-0.362300009
Penauta;24/02/2022 1:00;-0.362300009
Penauta;24/02/2022 2:00;-0.362300009
Penauta;24/02/2022 3:00;-0.356999993
Penauta;24/02/2022 4:00;-0.362300009
Penauta;24/02/2022 5:00;-0.362300009
Penauta;24/02/2022 6:00;-0.362300009
Penauta;24/02/2022 7:00;-0.362300009
Penauta;24/02/2022 8:00;-0.367599994
Penauta;24/02/2022 9:00;-0.367599994
Penauta;24/02/2022 10:00;-0.367599994
Penauta;24/02/2022 11:00;-0.362300009
Penauta;24/02/2022 12:00;-0.367599994
Penauta;24/02/2022 13:00;-0.356999993
Penauta;24/02/2022 14:00;-0.282400012
Penauta;24/02/2022 15:00;0.287499994
Penauta;24/02/2022 16:00;0.830799997
Penauta;24/02/2022 17:00;0.521899998
Penauta;24/02/2022 18:00;0.047800001
Penauta;24/02/2022 19:00;-0.207800001
Penauta;24/02/2022 20:00;-0.324999988
Penauta;24/02/2022 21:00;-0.356999993
Penauta;24/02/2022 22:00;-0.356999993
Penauta;24/02/2022 23:00;-0.362300009
Penauta;25/02/2022 0:00;-0.362300009
Penauta;25/02/2022 1:00;-0.362300009
Penauta;25/02/2022 2:00;-0.367599994
Penauta;25/02/2022 3:00;-0.378300011
Penauta;25/02/2022 4:00;-0.388900012
Penauta;25/02/2022 5:00;-0.431499988
Penauta;25/02/2022 6:00;-0.527400017
Penauta;25/02/2022 7:00;-0.687099993
Penauta;25/02/2022 8:00;-0.809599996
Penauta;25/02/2022 9:00;-0.830900013
Penauta;25/02/2022 10:00;-0.623199999
Penauta;25/02/2022 11:00;-0.474099994
Penauta;25/02/2022 12:00;-0.431499988
Penauta;25/02/2022 13:00;-0.4102
Penauta;25/02/2022 14:00;-0.399599999
Penauta;25/02/2022 15:00;-0.388900012
Penauta;25/02/2022 16:00;-0.383599997
Penauta;25/02/2022 17:00;-0.346300006
Penauta;25/02/2022 18:00;-0.282400012
Penauta;25/02/2022 19:00;-0.271699995
Penauta;25/02/2022 20:00;-0.3037
Penauta;25/02/2022 21:00;-0.340999991
Penauta;25/02/2022 22:00;-0.362300009
Penauta;25/02/2022 23:00;-0.362300009
Penauta;26/02/2022 0:00;-0.372900009
Penauta;26/02/2022 1:00;-0.415499985
Penauta;26/02/2022 2:00;-0.500699997
Penauta;26/02/2022 3:00;-0.607200027
Penauta;26/02/2022 4:00;-0.740400016
Penauta;26/02/2022 5:00;-0.857500017
Penauta;26/02/2022 6:00;-0.948000014
Penauta;26/02/2022 7:00;-1.006600022
Penauta;26/02/2022 8:00;-1.054499984
Penauta;26/02/2022 9:00;-0.969299972
Penauta;26/02/2022 10:00;-0.687099993
Penauta;26/02/2022 11:00;-0.516700029
Penauta;26/02/2022 12:00;-0.463499993
Penauta;26/02/2022 13:00;-0.436800003
Penauta;26/02/2022 14:00;-0.420899987
Penauta;26/02/2022 15:00;-0.4102
Penauta;26/02/2022 16:00;-0.399599999
Penauta;26/02/2022 17:00;-0.388900012
Penauta;26/02/2022 18:00;-0.383599997
Penauta;26/02/2022 19:00;-0.378300011
Penauta;26/02/2022 20:00;-0.378300011
Penauta;26/02/2022 21:00;-0.378300011
Penauta;26/02/2022 22:00;-0.372900009
Penauta;26/02/2022 23:00;-0.372900009
Penauta;27/02/2022 0:00;-0.372900009
Penauta;27/02/2022 1:00;-0.372900009
Penauta;27/02/2022 2:00;-0.367599994
Penauta;27/02/2022 3:00;-0.367599994
Penauta;27/02/2022 4:00;-0.367599994
Penauta;27/02/2022 5:00;-0.372900009
Penauta;27/02/2022 6:00;-0.367599994
Penauta;27/02/2022 7:00;-0.367599994
Penauta;27/02/2022 8:00;-0.367599994
Penauta;27/02/2022 9:00;-0.367599994
Penauta;27/02/2022 10:00;-0.367599994
Penauta;27/02/2022 11:00;-0.367599994
Penauta;27/02/2022 12:00;-0.367599994
Penauta;27/02/2022 13:00;-0.266400009
Penauta;27/02/2022 14:00;-0.0108
Penauta;27/02/2022 15:00;0.425999999
Penauta;27/02/2022 16:00;0.841499984
Penauta;27/02/2022 17:00;1.097200036
Penauta;27/02/2022 18:00;0.788200021
Penauta;27/02/2022 19:00;0.186299995
Penauta;27/02/2022 20:00;-0.143900007
Penauta;27/02/2022 21:00;-0.266400009
Penauta;27/02/2022 22:00;-0.324999988
Penauta;27/02/2022 23:00;-0.346300006
Penauta;28/02/2022 0:00;-0.351599991
Penauta;28/02/2022 1:00;-0.356999993
Penauta;28/02/2022 2:00;-0.356999993
Penauta;28/02/2022 3:00;-0.356999993
Penauta;28/02/2022 4:00;-0.356999993
Penauta;28/02/2022 5:00;-0.362300009
Penauta;28/02/2022 6:00;-0.362300009
Penauta;28/02/2022 7:00;-0.362300009
Penauta;28/02/2022 8:00;-0.362300009
Penauta;28/02/2022 9:00;-0.367599994
Penauta;28/02/2022 10:00;-0.367599994
Penauta;28/02/2022 11:00;-0.362300009
Penauta;28/02/2022 12:00;-0.356999993
Penauta;28/02/2022 13:00;-0.3037
Penauta;28/02/2022 14:00;1.070600033
Penauta;28/02/2022 15:00;2.647900105
Penauta;28/02/2022 16:00;3.015700102
Penauta;28/02/2022 17:00;2.994400024
Penauta;28/02/2022 18:00;2.4454
Penauta;28/02/2022 19:00;1.58739996
Penauta;28/02/2022 20:00;0.612399995
Penauta;28/02/2022 21:00;0.207599998
Penauta;28/02/2022 22:00;0.0052
Penauta;28/02/2022 23:00;-0.058699999
Penauta;01/03/2022 0:00;-0.112000003
Penauta;01/03/2022 1:00;-0.101300001
Penauta;01/03/2022 2:00;-0.069399998
Penauta;01/03/2022 3:00;-0.127900004
Penauta;01/03/2022 4:00;-0.1919
Penauta;01/03/2022 5:00;-0.218500003
Penauta;01/03/2022 6:00;-0.234500006
Penauta;01/03/2022 7:00;-0.250400007
Penauta;01/03/2022 8:00;-0.245100006
Penauta;01/03/2022 9:00;-0.223800004
Penauta;01/03/2022 10:00;-0.122599997
Penauta;01/03/2022 11:00;0.303499997
Penauta;01/03/2022 12:00;1.16110003
Penauta;01/03/2022 13:00;2.807800055
Penauta;01/03/2022 14:00;3.207700014
Penauta;01/03/2022 15:00;3.058399916
Penauta;01/03/2022 16:00;2.22149992
Penauta;01/03/2022 17:00;2.003000021
Penauta;01/03/2022 18:00;1.82190001
Penauta;01/03/2022 19:00;1.352900028
Penauta;01/03/2022 20:00;0.931999981
Penauta;01/03/2022 21:00;0.543200016
Penauta;01/03/2022 22:00;0.303499997
Penauta;01/03/2022 23:00;0.175600007
Penauta;02/03/2022 0:00;0.085100003
Penauta;02/03/2022 1:00;-0.0427
Penauta;02/03/2022 2:00;-0.149299994
Penauta;02/03/2022 3:00;-0.213200003
Penauta;02/03/2022 4:00;-0.255800009
Penauta;02/03/2022 5:00;-0.271699995
Penauta;02/03/2022 6:00;-0.277099997
Penauta;02/03/2022 7:00;-0.282400012
Penauta;02/03/2022 8:00;-0.282400012
Penauta;02/03/2022 9:00;-0.282400012
Penauta;02/03/2022 10:00;-0.282400012
Penauta;02/03/2022 11:00;-0.282400012
Penauta;02/03/2022 12:00;-0.277099997
Penauta;02/03/2022 13:00;-0.271699995
Penauta;02/03/2022 14:00;-0.266400009
Penauta;02/03/2022 15:00;-0.250400007
Penauta;02/03/2022 16:00;-0.202500001
Penauta;02/03/2022 17:00;-0.096000001
Penauta;02/03/2022 18:00;-0.048099998
Penauta;02/03/2022 19:00;-0.0427
Penauta;02/03/2022 20:00;-0.079999998
Penauta;02/03/2022 21:00;-0.112000003
Penauta;02/03/2022 22:00;-0.122599997
Penauta;02/03/2022 23:00;-0.133300006
Penauta;03/03/2022 0:00;-0.127900004
Penauta;03/03/2022 1:00;-0.101300001
Penauta;03/03/2022 2:00;-0.079999998
Penauta;03/03/2022 3:00;-0.053399999
Penauta;03/03/2022 4:00;-0.0427
Penauta;03/03/2022 5:00;-0.016100001
Penauta;03/03/2022 6:00;-0.0055
Penauta;03/03/2022 7:00;-0.053399999
Penauta;03/03/2022 8:00;-0.112000003
Penauta;03/03/2022 9:00;-0.143900007
Penauta;03/03/2022 10:00;-0.159899995
Penauta;03/03/2022 11:00;-0.165199995
Penauta;03/03/2022 12:00;-0.154599994
Penauta;03/03/2022 13:00;-0.159899995
Penauta;03/03/2022 14:00;-0.159899995
Penauta;03/03/2022 15:00;-0.159899995
Penauta;03/03/2022 16:00;-0.170599997
Penauta;03/03/2022 17:00;-0.1919
Penauta;03/03/2022 18:00;-0.223800004
Penauta;03/03/2022 19:00;-0.255800009
Penauta;03/03/2022 20:00;-0.266400009
Penauta;03/03/2022 21:00;-0.277099997
Penauta;03/03/2022 22:00;-0.287699997
Penauta;03/03/2022 23:00;-0.293000013
Penauta;04/03/2022 0:00;-0.298400015
Penauta;04/03/2022 1:00;-0.3037
Penauta;04/03/2022 2:00;-0.308999985
Penauta;04/03/2022 3:00;-0.314300001
Penauta;04/03/2022 4:00;-0.314300001
Penauta;04/03/2022 5:00;-0.314300001
Penauta;04/03/2022 6:00;-0.319700003
Penauta;04/03/2022 7:00;-0.319700003
Penauta;04/03/2022 8:00;-0.319700003
Penauta;04/03/2022 9:00;-0.324999988
Penauta;04/03/2022 10:00;-0.324999988
Penauta;04/03/2022 11:00;-0.319700003
Penauta;04/03/2022 12:00;-0.314300001
Penauta;04/03/2022 13:00;-0.314300001
Penauta;04/03/2022 14:00;-0.308999985
Penauta;04/03/2022 15:00;-0.3037
Penauta;04/03/2022 16:00;-0.3037
Penauta;04/03/2022 17:00;-0.298400015
Penauta;04/03/2022 18:00;-0.298400015
Penauta;04/03/2022 19:00;-0.298400015
Penauta;04/03/2022 20:00;-0.3037
Penauta;04/03/2022 21:00;-0.3037
Penauta;04/03/2022 22:00;-0.308999985
Penauta;04/03/2022 23:00;-0.314300001
Penauta;05/03/2022 0:00;-0.319700003
Penauta;05/03/2022 1:00;-0.319700003
Penauta;05/03/2022 2:00;-0.330300003
Penauta;05/03/2022 3:00;-0.335599989
Penauta;05/03/2022 4:00;-0.335599989
Penauta;05/03/2022 5:00;-0.335599989
Penauta;05/03/2022 6:00;-0.340999991
Penauta;05/03/2022 7:00;-0.340999991
Penauta;05/03/2022 8:00;-0.340999991
Penauta;05/03/2022 9:00;-0.346300006
Penauta;05/03/2022 10:00;-0.340999991
Penauta;05/03/2022 11:00;-0.340999991
Penauta;05/03/2022 12:00;-0.340999991
Penauta;05/03/2022 13:00;-0.340999991
Penauta;05/03/2022 14:00;-0.335599989
Penauta;05/03/2022 15:00;-0.330300003
Penauta;05/03/2022 16:00;-0.330300003
Penauta;05/03/2022 17:00;-0.324999988
Penauta;05/03/2022 18:00;-0.319700003
Penauta;05/03/2022 19:00;-0.319700003
Penauta;05/03/2022 20:00;-0.319700003
Penauta;05/03/2022 21:00;-0.324999988
Penauta;05/03/2022 22:00;-0.330300003
Penauta;05/03/2022 23:00;-0.330300003
Penauta;06/03/2022 0:00;-0.335599989
Penauta;06/03/2022 1:00;-0.335599989
Penauta;06/03/2022 2:00;-0.340999991
Penauta;06/03/2022 3:00;-0.346300006
Penauta;06/03/2022 4:00;-0.351599991
Penauta;06/03/2022 5:00;-0.351599991
Penauta;06/03/2022 6:00;-0.351599991
Penauta;06/03/2022 7:00;-0.351599991
Penauta;06/03/2022 8:00;-0.356999993
Penauta;06/03/2022 9:00;-0.362300009
Penauta;06/03/2022 10:00;-0.362300009
Penauta;06/03/2022 11:00;-0.356999993
Penauta;06/03/2022 12:00;-0.356999993
Penauta;06/03/2022 13:00;-0.356999993
Penauta;06/03/2022 14:00;-0.346300006
Penauta;06/03/2022 15:00;-0.340999991
Penauta;06/03/2022 16:00;-0.335599989
Penauta;06/03/2022 17:00;-0.330300003
Penauta;06/03/2022 18:00;-0.330300003
Penauta;06/03/2022 19:00;-0.330300003
Penauta;06/03/2022 20:00;-0.330300003
Penauta;06/03/2022 21:00;-0.335599989
Penauta;06/03/2022 22:00;-0.340999991
Penauta;06/03/2022 23:00;-0.346300006
Penauta;07/03/2022 0:00;-0.351599991
Penauta;07/03/2022 1:00;-0.356999993
Penauta;07/03/2022 2:00;-0.362300009
Penauta;07/03/2022 3:00;-0.362300009
Penauta;07/03/2022 4:00;-0.367599994
Penauta;07/03/2022 5:00;-0.372900009
Penauta;07/03/2022 6:00;-0.372900009
Penauta;07/03/2022 7:00;-0.383599997
Penauta;07/03/2022 8:00;-0.383599997
Penauta;07/03/2022 9:00;-0.383599997
Penauta;07/03/2022 10:00;-0.383599997
Penauta;07/03/2022 11:00;-0.378300011
Penauta;07/03/2022 12:00;-0.378300011
Penauta;07/03/2022 13:00;-0.372900009
Penauta;07/03/2022 14:00;-0.372900009
Penauta;07/03/2022 15:00;-0.367599994
Penauta;07/03/2022 16:00;-0.362300009
Penauta;07/03/2022 17:00;-0.362300009
Penauta;07/03/2022 18:00;-0.362300009
Penauta;07/03/2022 19:00;-0.362300009
Penauta;07/03/2022 20:00;-0.362300009
Penauta;07/03/2022 21:00;-0.362300009
Penauta;07/03/2022 22:00;-0.362300009
Penauta;07/03/2022 23:00;-0.367599994
Penauta;08/03/2022 0:00;-0.367599994
Penauta;08/03/2022 1:00;-0.372900009
Penauta;08/03/2022 2:00;-0.372900009
Penauta;08/03/2022 3:00;-0.378300011
Penauta;08/03/2022 4:00;-0.378300011
Penauta;08/03/2022 5:00;-0.378300011
Penauta;08/03/2022 6:00;-0.383599997
Penauta;08/03/2022 7:00;-0.383599997
Penauta;08/03/2022 8:00;-0.383599997
Penauta;08/03/2022 9:00;-0.388900012
Penauta;08/03/2022 10:00;-0.388900012
Penauta;08/03/2022 11:00;-0.383599997
Penauta;08/03/2022 12:00;-0.383599997
Penauta;08/03/2022 13:00;-0.378300011
Penauta;08/03/2022 14:00;-0.372900009
Penauta;08/03/2022 15:00;-0.372900009
Penauta;08/03/2022 16:00;-0.367599994
Penauta;08/03/2022 17:00;-0.367599994
Penauta;08/03/2022 18:00;-0.367599994
Penauta;08/03/2022 19:00;-0.362300009
Penauta;08/03/2022 20:00;-0.362300009
Penauta;08/03/2022 21:00;-0.362300009
Penauta;08/03/2022 22:00;-0.362300009
Penauta;08/03/2022 23:00;-0.362300009
Penauta;09/03/2022 0:00;-0.367599994
Penauta;09/03/2022 1:00;-0.372900009
Penauta;09/03/2022 2:00;-0.378300011
Penauta;09/03/2022 3:00;-0.378300011
Penauta;09/03/2022 4:00;-0.383599997
Penauta;09/03/2022 5:00;-0.388900012
Penauta;09/03/2022 6:00;-0.388900012
Penauta;09/03/2022 7:00;-0.394199997
Penauta;09/03/2022 8:00;-0.394199997
Penauta;09/03/2022 9:00;-0.399599999
Penauta;09/03/2022 10:00;-0.399599999
Penauta;09/03/2022 11:00;-0.399599999
Penauta;09/03/2022 12:00;-0.394199997
Penauta;09/03/2022 13:00;-0.394199997
Penauta;09/03/2022 14:00;-0.388900012
Penauta;09/03/2022 15:00;-0.383599997
Penauta;09/03/2022 16:00;-0.383599997
Penauta;09/03/2022 17:00;-0.383599997
Penauta;09/03/2022 18:00;-0.378300011
Penauta;09/03/2022 19:00;-0.372900009
Penauta;09/03/2022 20:00;-0.372900009
Penauta;09/03/2022 21:00;-0.372900009
Penauta;09/03/2022 22:00;-0.372900009
Penauta;09/03/2022 23:00;-0.367599994
Penauta;10/03/2022 0:00;-0.367599994
Penauta;10/03/2022 1:00;-0.367599994
Penauta;10/03/2022 2:00;-0.367599994
Penauta;10/03/2022 3:00;-0.367599994
Penauta;10/03/2022 4:00;-0.367599994
Penauta;10/03/2022 5:00;-0.367599994
Penauta;10/03/2022 6:00;-0.372900009
Penauta;10/03/2022 7:00;-0.378300011
Penauta;10/03/2022 8:00;-0.383599997
Penauta;10/03/2022 9:00;-0.388900012
Penauta;10/03/2022 10:00;-0.394199997
Penauta;10/03/2022 11:00;-0.399599999
Penauta;10/03/2022 12:00;-0.404900014
Penauta;10/03/2022 13:00;-0.399599999
Penauta;10/03/2022 14:00;-0.394199997
Penauta;10/03/2022 15:00;-0.388900012
Penauta;10/03/2022 16:00;-0.383599997
Penauta;10/03/2022 17:00;-0.383599997
Penauta;10/03/2022 18:00;-0.383599997
Penauta;10/03/2022 19:00;-0.378300011
Penauta;10/03/2022 20:00;-0.378300011
Penauta;10/03/2022 21:00;-0.372900009
Penauta;10/03/2022 22:00;-0.372900009
Penauta;10/03/2022 23:00;-0.372900009
Penauta;11/03/2022 0:00;-0.372900009
Penauta;11/03/2022 1:00;-0.367599994
Penauta;11/03/2022 2:00;-0.367599994
Penauta;11/03/2022 3:00;-0.362300009
Penauta;11/03/2022 4:00;-0.367599994
Penauta;11/03/2022 5:00;-0.367599994
Penauta;11/03/2022 6:00;-0.362300009
Penauta;11/03/2022 7:00;-0.367599994
Penauta;11/03/2022 8:00;-0.367599994
Penauta;11/03/2022 9:00;-0.362300009
Penauta;11/03/2022 10:00;-0.362300009
Penauta;11/03/2022 11:00;-0.362300009
Penauta;11/03/2022 12:00;-0.362300009
Penauta;11/03/2022 13:00;-0.362300009
Penauta;11/03/2022 14:00;-0.362300009
Penauta;11/03/2022 15:00;-0.362300009
Penauta;11/03/2022 16:00;-0.356999993
Penauta;11/03/2022 17:00;-0.356999993
Penauta;11/03/2022 18:00;-0.356999993
Penauta;11/03/2022 19:00;-0.356999993
Penauta;11/03/2022 20:00;-0.356999993
Penauta;11/03/2022 21:00;-0.356999993
Penauta;11/03/2022 22:00;-0.356999993
Penauta;11/03/2022 23:00;-0.356999993
Penauta;12/03/2022 0:00;-0.356999993
Penauta;12/03/2022 1:00;-0.351599991
Penauta;12/03/2022 2:00;-0.356999993
Penauta;12/03/2022 3:00;-0.356999993
Penauta;12/03/2022 4:00;-0.356999993
Penauta;12/03/2022 5:00;-0.356999993
Penauta;12/03/2022 6:00;-0.362300009
Penauta;12/03/2022 7:00;-0.367599994
Penauta;12/03/2022 8:00;-0.372900009
Penauta;12/03/2022 9:00;-0.383599997
Penauta;12/03/2022 10:00;-0.388900012
Penauta;12/03/2022 11:00;-0.399599999
Penauta;12/03/2022 12:00;-0.404900014
Penauta;12/03/2022 13:00;-0.4102
Penauta;12/03/2022 14:00;-0.404900014
Penauta;12/03/2022 15:00;-0.404900014
Penauta;12/03/2022 16:00;-0.404900014
Penauta;12/03/2022 17:00;-0.399599999
Penauta;12/03/2022 18:00;-0.394199997
Penauta;12/03/2022 19:00;-0.394199997
Penauta;12/03/2022 20:00;-0.388900012
Penauta;12/03/2022 21:00;-0.388900012
Penauta;12/03/2022 22:00;-0.388900012
Penauta;12/03/2022 23:00;-0.388900012
Penauta;13/03/2022 0:00;-0.388900012
Penauta;13/03/2022 1:00;-0.388900012
Penauta;13/03/2022 2:00;-0.388900012
Penauta;13/03/2022 3:00;-0.388900012
Penauta;13/03/2022 4:00;-0.394199997
Penauta;13/03/2022 5:00;-0.394199997
Penauta;13/03/2022 6:00;-0.399599999
Penauta;13/03/2022 7:00;-0.399599999
Penauta;13/03/2022 8:00;-0.404900014
Penauta;13/03/2022 9:00;-0.4102
Penauta;13/03/2022 10:00;-0.415499985
Penauta;13/03/2022 11:00;-0.426200002
Penauta;13/03/2022 12:00;-0.426200002
Penauta;13/03/2022 13:00;-0.431499988
Penauta;13/03/2022 14:00;-0.426200002
Penauta;13/03/2022 15:00;-0.420899987
Penauta;13/03/2022 16:00;-0.415499985
Penauta;13/03/2022 17:00;-0.4102
Penauta;13/03/2022 18:00;-0.404900014
Penauta;13/03/2022 19:00;-0.404900014
Penauta;13/03/2022 20:00;-0.404900014
Penauta;13/03/2022 21:00;-0.404900014
Penauta;13/03/2022 22:00;-0.404900014
Penauta;13/03/2022 23:00;-0.4102
Penauta;14/03/2022 0:00;-0.415499985
Penauta;14/03/2022 1:00;-0.415499985
Penauta;14/03/2022 2:00;-0.415499985
Penauta;14/03/2022 3:00;-0.415499985
Penauta;14/03/2022 4:00;-0.420899987
Penauta;14/03/2022 5:00;-0.420899987
Penauta;14/03/2022 6:00;-0.420899987
Penauta;14/03/2022 7:00;-0.426200002
Penauta;14/03/2022 8:00;-0.426200002
Penauta;14/03/2022 9:00;-0.426200002
Penauta;14/03/2022 10:00;-0.426200002
Penauta;14/03/2022 11:00;-0.426200002
Penauta;14/03/2022 12:00;-0.420899987
Penauta;14/03/2022 13:00;-0.420899987
Penauta;14/03/2022 14:00;-0.4102
Penauta;14/03/2022 15:00;-0.4102
Penauta;14/03/2022 16:00;-0.399599999
Penauta;14/03/2022 17:00;-0.399599999
Penauta;14/03/2022 18:00;-0.394199997
Penauta;14/03/2022 19:00;-0.394199997
Penauta;14/03/2022 20:00;-0.388900012
Penauta;14/03/2022 21:00;-0.388900012
Penauta;14/03/2022 22:00;-0.388900012
Penauta;14/03/2022 23:00;-0.383599997
Penauta;15/03/2022 0:00;-0.388900012
Penauta;15/03/2022 1:00;-0.383599997
Penauta;15/03/2022 2:00;-0.383599997
Penauta;15/03/2022 3:00;-0.383599997
Penauta;15/03/2022 4:00;-0.383599997
Penauta;15/03/2022 5:00;-0.383599997
Penauta;15/03/2022 6:00;-0.383599997
Penauta;15/03/2022 7:00;-0.378300011
Penauta;15/03/2022 8:00;-0.378300011
Penauta;15/03/2022 9:00;-0.378300011
Penauta;15/03/2022 10:00;-0.378300011
Penauta;15/03/2022 11:00;-0.372900009
Penauta;15/03/2022 12:00;-0.372900009
Penauta;15/03/2022 13:00;-0.372900009
Penauta;15/03/2022 14:00;-0.372900009
Penauta;15/03/2022 15:00;-0.367599994
Penauta;15/03/2022 16:00;-0.367599994
Penauta;15/03/2022 17:00;-0.367599994
Penauta;15/03/2022 18:00;-0.362300009
Penauta;15/03/2022 19:00;-0.362300009
Penauta;15/03/2022 20:00;-0.362300009
Penauta;15/03/2022 21:00;-0.362300009
Penauta;15/03/2022 22:00;-0.356999993
Penauta;15/03/2022 23:00;-0.356999993
Penauta;16/03/2022 0:00;-0.356999993
Penauta;16/03/2022 1:00;-0.351599991
Penauta;16/03/2022 2:00;-0.356999993
Penauta;16/03/2022 3:00;-0.356999993
Penauta;16/03/2022 4:00;-0.351599991
Penauta;16/03/2022 5:00;-0.351599991
Penauta;16/03/2022 6:00;-0.351599991
Penauta;16/03/2022 7:00;-0.351599991
Penauta;16/03/2022 8:00;-0.351599991
Penauta;16/03/2022 9:00;-0.351599991
Penauta;16/03/2022 10:00;-0.351599991
Penauta;16/03/2022 11:00;-0.351599991
Penauta;16/03/2022 12:00;-0.351599991
Penauta;16/03/2022 13:00;-0.351599991
Penauta;16/03/2022 14:00;-0.351599991
Penauta;16/03/2022 15:00;-0.346300006
Penauta;16/03/2022 16:00;-0.346300006
Penauta;16/03/2022 17:00;-0.351599991
Penauta;16/03/2022 18:00;-0.346300006
Penauta;16/03/2022 19:00;-0.346300006
Penauta;16/03/2022 20:00;-0.351599991
Penauta;16/03/2022 21:00;-0.351599991
Penauta;16/03/2022 22:00;-0.351599991
Penauta;16/03/2022 23:00;-0.351599991
Penauta;17/03/2022 0:00;-0.346300006
Penauta;17/03/2022 1:00;-0.346300006
Penauta;17/03/2022 2:00;-0.351599991
Penauta;17/03/2022 3:00;-0.351599991
Penauta;17/03/2022 4:00;-0.351599991
Penauta;17/03/2022 5:00;-0.351599991
Penauta;17/03/2022 6:00;-0.351599991
Penauta;17/03/2022 7:00;-0.356999993
Penauta;17/03/2022 8:00;-0.356999993
Penauta;17/03/2022 9:00;-0.356999993
Penauta;17/03/2022 10:00;-0.362300009
Penauta;17/03/2022 11:00;-0.367599994
Penauta;17/03/2022 12:00;-0.388900012
Penauta;17/03/2022 13:00;-0.404900014
Penauta;17/03/2022 14:00;-0.420899987
Penauta;17/03/2022 15:00;-0.420899987
Penauta;17/03/2022 16:00;-0.420899987
Penauta;17/03/2022 17:00;-0.436800003
Penauta;17/03/2022 18:00;-0.463499993
Penauta;17/03/2022 19:00;-0.527400017
Penauta;17/03/2022 20:00;-0.655200005
Penauta;17/03/2022 21:00;-0.782999992
Penauta;17/03/2022 22:00;-0.868099988
Penauta;17/03/2022 23:00;-0.931999981
Penauta;18/03/2022 0:00;-0.980000019
Penauta;18/03/2022 1:00;-1.006600022
Penauta;18/03/2022 2:00;-1.054499984
Penauta;18/03/2022 3:00;-1.070500016
Penauta;18/03/2022 4:00;-1.070500016
Penauta;18/03/2022 5:00;-1.038499951
Penauta;18/03/2022 6:00;-0.985300004
Penauta;18/03/2022 7:00;-0.862800002
Penauta;18/03/2022 8:00;-0.77759999
Penauta;18/03/2022 9:00;-0.703100026
Penauta;18/03/2022 10:00;-0.649800003
Penauta;18/03/2022 11:00;-0.591300011
Penauta;18/03/2022 12:00;-0.532700002
Penauta;18/03/2022 13:00;-0.490099996
Penauta;18/03/2022 14:00;-0.458099991
Penauta;18/03/2022 15:00;-0.436800003
Penauta;18/03/2022 16:00;-0.426200002
Penauta;18/03/2022 17:00;-0.415499985
Penauta;18/03/2022 18:00;-0.4102
Penauta;18/03/2022 19:00;-0.404900014
Penauta;18/03/2022 20:00;-0.399599999
Penauta;18/03/2022 21:00;-0.394199997
Penauta;18/03/2022 22:00;-0.394199997
Penauta;18/03/2022 23:00;-0.388900012
Penauta;19/03/2022 0:00;-0.388900012
Penauta;19/03/2022 1:00;-0.388900012
Penauta;19/03/2022 2:00;-0.383599997
Penauta;19/03/2022 3:00;-0.383599997
Penauta;19/03/2022 4:00;-0.383599997
Penauta;19/03/2022 5:00;-0.383599997
Penauta;19/03/2022 6:00;-0.383599997
Penauta;19/03/2022 7:00;-0.383599997
Penauta;19/03/2022 8:00;-0.383599997
Penauta;19/03/2022 9:00;-0.388900012
Penauta;19/03/2022 10:00;-0.388900012
Penauta;19/03/2022 11:00;-0.383599997
Penauta;19/03/2022 12:00;-0.383599997
Penauta;19/03/2022 13:00;-0.383599997
Penauta;19/03/2022 14:00;-0.378300011
Penauta;19/03/2022 15:00;-0.372900009
Penauta;19/03/2022 16:00;-0.372900009
Penauta;19/03/2022 17:00;-0.367599994
Penauta;19/03/2022 18:00;-0.367599994
Penauta;19/03/2022 19:00;-0.362300009
Penauta;19/03/2022 20:00;-0.367599994
Penauta;19/03/2022 21:00;-0.362300009
Penauta;19/03/2022 22:00;-0.362300009
Penauta;19/03/2022 23:00;-0.362300009
Penauta;20/03/2022 0:00;-0.362300009
Penauta;20/03/2022 1:00;-0.362300009
Penauta;20/03/2022 2:00;-0.362300009
Penauta;20/03/2022 3:00;-0.362300009
Penauta;20/03/2022 4:00;-0.362300009
Penauta;20/03/2022 5:00;-0.362300009
Penauta;20/03/2022 6:00;-0.362300009
Penauta;20/03/2022 7:00;-0.362300009
Penauta;20/03/2022 8:00;-0.362300009
Penauta;20/03/2022 9:00;-0.362300009
Penauta;20/03/2022 10:00;-0.362300009
Penauta;20/03/2022 11:00;-0.362300009
Penauta;20/03/2022 12:00;-0.362300009
Penauta;20/03/2022 13:00;-0.362300009
Penauta;20/03/2022 14:00;-0.362300009
Penauta;20/03/2022 15:00;-0.356999993
Penauta;20/03/2022 16:00;-0.356999993
Penauta;20/03/2022 17:00;-0.351599991
Penauta;20/03/2022 18:00;-0.356999993
Penauta;20/03/2022 19:00;-0.356999993
Penauta;20/03/2022 20:00;-0.356999993
Penauta;20/03/2022 21:00;-0.356999993
Penauta;20/03/2022 22:00;-0.356999993
Penauta;20/03/2022 23:00;-0.356999993
Penauta;21/03/2022 0:00;-0.356999993
Penauta;21/03/2022 1:00;-0.356999993
Penauta;21/03/2022 2:00;-0.356999993
Penauta;21/03/2022 3:00;-0.356999993
Penauta;21/03/2022 4:00;-0.356999993
Penauta;21/03/2022 5:00;-0.356999993
Penauta;21/03/2022 6:00;-0.356999993
Penauta;21/03/2022 7:00;-0.356999993
Penauta;21/03/2022 8:00;-0.356999993
Penauta;21/03/2022 9:00;-0.351599991
Penauta;21/03/2022 10:00;-0.351599991
Penauta;21/03/2022 11:00;-0.356999993
Penauta;21/03/2022 12:00;-0.356999993
Penauta;21/03/2022 13:00;-0.356999993
Penauta;21/03/2022 14:00;-0.356999993
Penauta;21/03/2022 15:00;-0.351599991
Penauta;21/03/2022 16:00;-0.351599991
Penauta;21/03/2022 17:00;-0.351599991
Penauta;21/03/2022 18:00;-0.351599991
Penauta;21/03/2022 19:00;-0.351599991
Penauta;21/03/2022 20:00;-0.351599991
Penauta;21/03/2022 21:00;-0.356999993
Penauta;21/03/2022 22:00;-0.356999993
Penauta;21/03/2022 23:00;-0.351599991
Penauta;22/03/2022 0:00;-0.351599991
Penauta;22/03/2022 1:00;-0.351599991
Penauta;22/03/2022 2:00;-0.351599991
Penauta;22/03/2022 3:00;-0.351599991
Penauta;22/03/2022 4:00;-0.351599991
Penauta;22/03/2022 5:00;-0.351599991
Penauta;22/03/2022 6:00;-0.351599991
Penauta;22/03/2022 7:00;-0.351599991
Penauta;22/03/2022 8:00;-0.351599991
Penauta;22/03/2022 9:00;-0.351599991
Penauta;22/03/2022 10:00;-0.351599991
Penauta;22/03/2022 11:00;-0.351599991
Penauta;22/03/2022 12:00;-0.351599991
Penauta;22/03/2022 13:00;-0.351599991
Penauta;22/03/2022 14:00;-0.351599991
Penauta;22/03/2022 15:00;-0.351599991
Penauta;22/03/2022 16:00;-0.351599991
Penauta;22/03/2022 17:00;-0.351599991
Penauta;22/03/2022 18:00;-0.351599991
Penauta;22/03/2022 19:00;-0.351599991
Penauta;22/03/2022 20:00;-0.351599991
Penauta;22/03/2022 21:00;-0.351599991
Penauta;22/03/2022 22:00;-0.351599991
Penauta;22/03/2022 23:00;-0.351599991
Penauta;23/03/2022 0:00;-0.351599991
Penauta;23/03/2022 1:00;-0.351599991
Penauta;23/03/2022 2:00;-0.351599991
Penauta;23/03/2022 3:00;-0.351599991
Penauta;23/03/2022 4:00;-0.351599991
Penauta;23/03/2022 5:00;-0.351599991
Penauta;23/03/2022 6:00;-0.351599991
Penauta;23/03/2022 7:00;-0.351599991
Penauta;23/03/2022 8:00;-0.351599991
Penauta;23/03/2022 9:00;-0.351599991
Penauta;23/03/2022 10:00;-0.351599991
Penauta;23/03/2022 11:00;-0.351599991
Penauta;23/03/2022 12:00;-0.346300006
Penauta;23/03/2022 13:00;-0.346300006
Penauta;23/03/2022 14:00;-0.351599991
Penauta;23/03/2022 15:00;-0.351599991
Penauta;23/03/2022 16:00;-0.351599991
Penauta;23/03/2022 17:00;-0.351599991
Penauta;23/03/2022 18:00;-0.351599991
Penauta;23/03/2022 19:00;-0.351599991
Penauta;23/03/2022 20:00;-0.351599991
Penauta;23/03/2022 21:00;-0.351599991
Penauta;23/03/2022 22:00;-0.351599991
Penauta;23/03/2022 23:00;-0.346300006
Penauta;24/03/2022 0:00;-0.351599991
Penauta;24/03/2022 1:00;-0.351599991
Penauta;24/03/2022 2:00;-0.351599991
Penauta;24/03/2022 3:00;-0.351599991
Penauta;24/03/2022 4:00;-0.351599991
Penauta;24/03/2022 5:00;-0.351599991
Penauta;24/03/2022 6:00;-0.346300006
Penauta;24/03/2022 7:00;-0.346300006
Penauta;24/03/2022 8:00;-0.351599991
Penauta;24/03/2022 9:00;-0.346300006
Penauta;24/03/2022 10:00;-0.351599991
Penauta;24/03/2022 11:00;-0.346300006
Penauta;24/03/2022 12:00;-0.351599991
Penauta;24/03/2022 13:00;-0.346300006
Penauta;24/03/2022 14:00;-0.351599991
Penauta;24/03/2022 15:00;-0.351599991
Penauta;24/03/2022 16:00;-0.346300006
Penauta;24/03/2022 17:00;-0.346300006
Penauta;24/03/2022 18:00;-0.351599991
Penauta;24/03/2022 19:00;-0.351599991
Penauta;24/03/2022 20:00;-0.346300006
Penauta;24/03/2022 21:00;-0.351599991
Penauta;24/03/2022 22:00;-0.346300006
Penauta;24/03/2022 23:00;-0.346300006
Penauta;25/03/2022 0:00;-0.346300006
Penauta;25/03/2022 1:00;-0.346300006
Penauta;25/03/2022 2:00;-0.346300006
Penauta;25/03/2022 3:00;-0.346300006
Penauta;25/03/2022 4:00;-0.346300006
Penauta;25/03/2022 5:00;-0.346300006
Penauta;25/03/2022 6:00;-0.346300006
Penauta;25/03/2022 7:00;-0.346300006
Penauta;25/03/2022 8:00;-0.346300006
Penauta;25/03/2022 9:00;-0.351599991
Penauta;25/03/2022 10:00;-0.351599991
Penauta;25/03/2022 11:00;-0.346300006
Penauta;25/03/2022 12:00;-0.346300006
Penauta;25/03/2022 13:00;-0.346300006
Penauta;25/03/2022 14:00;-0.346300006
Penauta;25/03/2022 15:00;-0.346300006
Penauta;25/03/2022 16:00;-0.346300006
Penauta;25/03/2022 17:00;-0.346300006
Penauta;25/03/2022 18:00;-0.346300006
Penauta;25/03/2022 19:00;-0.346300006
Penauta;25/03/2022 20:00;-0.346300006
Penauta;25/03/2022 21:00;-0.346300006
Penauta;25/03/2022 22:00;-0.346300006
Penauta;25/03/2022 23:00;-0.346300006
Penauta;26/03/2022 0:00;-0.346300006
Penauta;26/03/2022 1:00;-0.346300006
Penauta;26/03/2022 2:00;-0.346300006
Penauta;26/03/2022 3:00;-0.346300006
Penauta;26/03/2022 4:00;-0.346300006
Penauta;26/03/2022 5:00;-0.346300006
Penauta;26/03/2022 6:00;-0.346300006
Penauta;26/03/2022 7:00;-0.346300006
Penauta;26/03/2022 8:00;-0.346300006
Penauta;26/03/2022 9:00;-0.346300006
Penauta;26/03/2022 10:00;-0.346300006
Penauta;26/03/2022 11:00;-0.346300006
Penauta;26/03/2022 12:00;-0.346300006
Penauta;26/03/2022 13:00;-0.346300006
Penauta;26/03/2022 14:00;-0.340999991
Penauta;26/03/2022 15:00;-0.346300006
Penauta;26/03/2022 16:00;-0.346300006
Penauta;26/03/2022 17:00;-0.346300006
Penauta;26/03/2022 18:00;-0.346300006
Penauta;26/03/2022 19:00;-0.346300006
Penauta;26/03/2022 20:00;-0.346300006
Penauta;26/03/2022 21:00;-0.346300006
Penauta;26/03/2022 22:00;-0.340999991
Penauta;26/03/2022 23:00;-0.346300006
Penauta;27/03/2022 0:00;-0.346300006
Penauta;27/03/2022 1:00;-0.346300006
Penauta;27/03/2022 2:00;-0.346300006
Penauta;27/03/2022 3:00;-0.346300006
Penauta;27/03/2022 4:00;-0.346300006
Penauta;27/03/2022 5:00;-0.340999991
Penauta;27/03/2022 6:00;-0.340999991
Penauta;27/03/2022 7:00;-0.340999991
Penauta;27/03/2022 8:00;-0.340999991
Penauta;27/03/2022 9:00;-0.340999991
Penauta;27/03/2022 10:00;-0.346300006
Penauta;27/03/2022 11:00;-0.340999991
Penauta;27/03/2022 12:00;-0.340999991
Penauta;27/03/2022 13:00;-0.335599989
Penauta;27/03/2022 14:00;-0.324999988
Penauta;27/03/2022 15:00;-0.3037
Penauta;27/03/2022 16:00;-0.271699995
Penauta;27/03/2022 17:00;-0.202500001
Penauta;27/03/2022 18:00;-0.149299994
Penauta;27/03/2022 19:00;-0.133300006
Penauta;27/03/2022 20:00;-0.218500003
Penauta;27/03/2022 21:00;-0.250400007
Penauta;27/03/2022 22:00;-0.245100006
Penauta;27/03/2022 23:00;-0.261099994
Penauta;28/03/2022 0:00;-0.271699995
Penauta;28/03/2022 1:00;-0.255800009
Penauta;28/03/2022 2:00;-0.255800009
Penauta;28/03/2022 3:00;-0.266400009
Penauta;28/03/2022 4:00;-0.282400012
Penauta;28/03/2022 5:00;-0.293000013
Penauta;28/03/2022 6:00;-0.3037
Penauta;28/03/2022 7:00;-0.319700003
Penauta;28/03/2022 8:00;-0.319700003
Penauta;28/03/2022 9:00;-0.3037
Penauta;28/03/2022 10:00;-0.170599997
Penauta;28/03/2022 11:00;0.202299997
Penauta;28/03/2022 12:00;0.894800007
Penauta;28/03/2022 13:00;1.827200055
Penauta;28/03/2022 14:00;2.040299892
Penauta;28/03/2022 15:00;2.647900105
Penauta;28/03/2022 16:00;3.788800001
Penauta;28/03/2022 17:00;3.447599888
Penauta;28/03/2022 18:00;2.871799946
Penauta;28/03/2022 19:00;2.381400108
Penauta;28/03/2022 20:00;1.752599955
Penauta;28/03/2022 21:00;1.251700044
Penauta;28/03/2022 22:00;0.889400005
Penauta;28/03/2022 23:00;0.612399995
Penauta;29/03/2022 0:00;0.409999996
Penauta;29/03/2022 1:00;0.303499997
Penauta;29/03/2022 2:00;0.127700001
Penauta;29/03/2022 3:00;0.0052
Penauta;29/03/2022 4:00;-0.074699998
Penauta;29/03/2022 5:00;-0.122599997
Penauta;29/03/2022 6:00;-0.149299994
Penauta;29/03/2022 7:00;-0.159899995
Penauta;29/03/2022 8:00;-0.159899995
Penauta;29/03/2022 9:00;-0.138600007
Penauta;29/03/2022 10:00;-0.079999998
Penauta;29/03/2022 11:00;0.170300007
Penauta;29/03/2022 12:00;1.811200023
Penauta;29/03/2022 13:00;2.194900036
Penauta;29/03/2022 14:00;4.007400036
Penauta;29/03/2022 15:00;3.4368999
Penauta;29/03/2022 16:00;3.101000071
Penauta;29/03/2022 17:00;2.216200113
Penauta;29/03/2022 18:00;2.280200005
Penauta;29/03/2022 19:00;1.640699983
Penauta;29/03/2022 20:00;1.065199971
Penauta;29/03/2022 21:00;0.734899998
Penauta;29/03/2022 22:00;0.356700003
Penauta;29/03/2022 23:00;0.175600007
Penauta;30/03/2022 0:00;0.0638
Penauta;30/03/2022 1:00;-0.026799999
Penauta;30/03/2022 2:00;-0.090700001
Penauta;30/03/2022 3:00;-0.133300006
Penauta;30/03/2022 4:00;-0.170599997
Penauta;30/03/2022 5:00;-0.207800001
Penauta;30/03/2022 6:00;-0.239800006
Penauta;30/03/2022 7:00;-0.261099994
Penauta;30/03/2022 8:00;-0.282400012
Penauta;30/03/2022 9:00;-0.287699997
Penauta;30/03/2022 10:00;-0.298400015
Penauta;30/03/2022 11:00;-0.293000013
Penauta;30/03/2022 12:00;-0.261099994
Penauta;30/03/2022 13:00;0.0425
Penauta;30/03/2022 14:00;0.282200009
Penauta;30/03/2022 15:00;0.409999996
Penauta;30/03/2022 16:00;0.0744
Penauta;30/03/2022 17:00;-0.079999998
Penauta;30/03/2022 18:00;-0.154599994
Penauta;30/03/2022 19:00;-0.202500001
Penauta;30/03/2022 20:00;-0.234500006
Penauta;30/03/2022 21:00;-0.255800009
Penauta;30/03/2022 22:00;-0.271699995
Penauta;30/03/2022 23:00;-0.287699997
Penauta;31/03/2022 0:00;-0.298400015
Penauta;31/03/2022 1:00;-0.308999985
Penauta;31/03/2022 2:00;-0.319700003
Penauta;31/03/2022 3:00;-0.319700003
Penauta;31/03/2022 4:00;-0.324999988
Penauta;31/03/2022 5:00;-0.324999988
Penauta;31/03/2022 6:00;-0.324999988
Penauta;31/03/2022 7:00;-0.330300003
Penauta;31/03/2022 8:00;-0.324999988
Penauta;31/03/2022 9:00;-0.324999988
Penauta;31/03/2022 10:00;-0.324999988
Penauta;31/03/2022 11:00;-0.324999988
Penauta;31/03/2022 12:00;-0.324999988
Penauta;31/03/2022 13:00;-0.319700003
Penauta;31/03/2022 14:00;-0.319700003
Penauta;31/03/2022 15:00;-0.319700003
Penauta;31/03/2022 16:00;-0.314300001
Penauta;31/03/2022 17:00;-0.314300001
Penauta;31/03/2022 18:00;-0.319700003
Penauta;31/03/2022 19:00;-0.314300001
Penauta;31/03/2022 20:00;-0.314300001
Penauta;31/03/2022 21:00;-0.314300001
Penauta;31/03/2022 22:00;-0.308999985
Penauta;31/03/2022 23:00;-0.314300001
Penauta;01/04/2022 0:00;-0.314300001
Penauta;01/04/2022 1:00;-0.314300001
Penauta;01/04/2022 2:00;-0.319700003
Penauta;01/04/2022 3:00;-0.324999988
Penauta;01/04/2022 4:00;-0.330300003
Penauta;01/04/2022 5:00;-0.335599989
Penauta;01/04/2022 6:00;-0.335599989
Penauta;01/04/2022 7:00;-0.340999991
Penauta;01/04/2022 8:00;-0.340999991
Penauta;01/04/2022 9:00;-0.346300006
Penauta;01/04/2022 10:00;-0.346300006
Penauta;01/04/2022 11:00;-0.351599991
Penauta;01/04/2022 12:00;-0.351599991
Penauta;01/04/2022 13:00;-0.351599991
Penauta;01/04/2022 14:00;-0.346300006
Penauta;01/04/2022 15:00;-0.351599991
Penauta;01/04/2022 16:00;-0.346300006
Penauta;01/04/2022 17:00;-0.346300006
Penauta;01/04/2022 18:00;-0.346300006
Penauta;01/04/2022 19:00;-0.346300006
Penauta;01/04/2022 20:00;-0.351599991
Penauta;01/04/2022 21:00;-0.356999993
Penauta;01/04/2022 22:00;-0.362300009
Penauta;01/04/2022 23:00;-0.372900009
Penauta;02/04/2022 0:00;-0.383599997
Penauta;02/04/2022 1:00;-0.388900012
Penauta;02/04/2022 2:00;-0.399599999
Penauta;02/04/2022 3:00;-0.404900014
Penauta;02/04/2022 4:00;-0.404900014
Penauta;02/04/2022 5:00;-0.415499985
Penauta;02/04/2022 6:00;-0.420899987
Penauta;02/04/2022 7:00;-0.426200002
Penauta;02/04/2022 8:00;-0.436800003
Penauta;02/04/2022 9:00;-0.452800006
Penauta;02/04/2022 10:00;-0.458099991
Penauta;02/04/2022 11:00;-0.452800006
Penauta;02/04/2022 12:00;-0.436800003
Penauta;02/04/2022 13:00;-0.420899987
Penauta;02/04/2022 14:00;-0.415499985
Penauta;02/04/2022 15:00;-0.404900014
Penauta;02/04/2022 16:00;-0.394199997
Penauta;02/04/2022 17:00;-0.388900012
Penauta;02/04/2022 18:00;-0.383599997
Penauta;02/04/2022 19:00;-0.383599997
Penauta;02/04/2022 20:00;-0.388900012
Penauta;02/04/2022 21:00;-0.394199997
Penauta;02/04/2022 22:00;-0.4102
Penauta;02/04/2022 23:00;-0.426200002
Penauta;03/04/2022 0:00;-0.44749999
Penauta;03/04/2022 1:00;-0.474099994
Penauta;03/04/2022 2:00;-0.511399984
Penauta;03/04/2022 3:00;-0.527400017
Penauta;03/04/2022 4:00;-0.537999988
Penauta;03/04/2022 5:00;-0.543299973
Penauta;03/04/2022 6:00;-0.55400002
Penauta;03/04/2022 7:00;-0.564599991
Penauta;03/04/2022 8:00;-0.575299978
Penauta;03/04/2022 9:00;-0.575299978
Penauta;03/04/2022 10:00;-0.564599991
Penauta;03/04/2022 11:00;-0.537999988
Penauta;03/04/2022 12:00;-0.511399984
Penauta;03/04/2022 13:00;-0.490099996
Penauta;03/04/2022 14:00;-0.468800008
Penauta;03/04/2022 15:00;-0.452800006
Penauta;03/04/2022 16:00;-0.442200005
Penauta;03/04/2022 17:00;-0.431499988
Penauta;03/04/2022 18:00;-0.426200002
Penauta;03/04/2022 19:00;-0.426200002
Penauta;03/04/2022 20:00;-0.431499988
Penauta;03/04/2022 21:00;-0.436800003
Penauta;03/04/2022 22:00;-0.458099991
Penauta;03/04/2022 23:00;-0.474099994
Penauta;04/04/2022 0:00;-0.495400012
Penauta;04/04/2022 1:00;-0.516700029
Penauta;04/04/2022 2:00;-0.537999988
Penauta;04/04/2022 3:00;-0.559300005
Penauta;04/04/2022 4:00;-0.575299978
Penauta;04/04/2022 5:00;-0.585900009
Penauta;04/04/2022 6:00;-0.601899981
Penauta;04/04/2022 7:00;-0.612600029
Penauta;04/04/2022 8:00;-0.623199999
Penauta;04/04/2022 9:00;-0.617900014
Penauta;04/04/2022 10:00;-0.596599996
Penauta;04/04/2022 11:00;-0.564599991
Penauta;04/04/2022 12:00;-0.532700002
Penauta;04/04/2022 13:00;-0.506099999
Penauta;04/04/2022 14:00;-0.490099996
Penauta;04/04/2022 15:00;-0.468800008
Penauta;04/04/2022 16:00;-0.452800006
Penauta;04/04/2022 17:00;-0.442200005
Penauta;04/04/2022 18:00;-0.426200002
Penauta;04/04/2022 19:00;-0.420899987
Penauta;04/04/2022 20:00;-0.415499985
Penauta;04/04/2022 21:00;-0.4102
Penauta;04/04/2022 22:00;-0.4102
Penauta;04/04/2022 23:00;-0.4102
Penauta;05/04/2022 0:00;-0.426200002
Penauta;05/04/2022 1:00;-0.474099994
Penauta;05/04/2022 2:00;-0.543299973
Penauta;05/04/2022 3:00;-0.623199999
Penauta;05/04/2022 4:00;-0.713699996
Penauta;05/04/2022 5:00;-0.80430001
Penauta;05/04/2022 6:00;-0.905399978
Penauta;05/04/2022 7:00;-0.995899975
Penauta;05/04/2022 8:00;-1.075799942
Penauta;05/04/2022 9:00;-1.118399978
Penauta;05/04/2022 10:00;-1.001299977
Penauta;05/04/2022 11:00;-0.836199999
Penauta;05/04/2022 12:00;-0.697799981
Penauta;05/04/2022 13:00;-0.596599996
Penauta;05/04/2022 14:00;-0.537999988
Penauta;05/04/2022 15:00;-0.484800011
Penauta;05/04/2022 16:00;-0.458099991
Penauta;05/04/2022 17:00;-0.431499988
Penauta;05/04/2022 18:00;-0.420899987
Penauta;05/04/2022 19:00;-0.4102
Penauta;05/04/2022 20:00;-0.399599999
Penauta;05/04/2022 21:00;-0.394199997
Penauta;05/04/2022 22:00;-0.394199997
Penauta;05/04/2022 23:00;-0.388900012
Penauta;06/04/2022 0:00;-0.383599997
Penauta;06/04/2022 1:00;-0.383599997
Penauta;06/04/2022 2:00;-0.388900012
Penauta;06/04/2022 3:00;-0.383599997
Penauta;06/04/2022 4:00;-0.388900012
Penauta;06/04/2022 5:00;-0.394199997
Penauta;06/04/2022 6:00;-0.4102
Penauta;06/04/2022 7:00;-0.436800003
Penauta;06/04/2022 8:00;-0.490099996
Penauta;06/04/2022 9:00;-0.522000015
Penauta;06/04/2022 10:00;-0.484800011
Penauta;06/04/2022 11:00;-0.458099991
Penauta;06/04/2022 12:00;-0.442200005
Penauta;06/04/2022 13:00;-0.420899987
Penauta;06/04/2022 14:00;-0.378300011
Penauta;06/04/2022 15:00;-0.154599994
Penauta;06/04/2022 16:00;-0.016100001
Penauta;06/04/2022 17:00;0.0425
Penauta;06/04/2022 18:00;-0.186499998
Penauta;06/04/2022 19:00;-0.287699997
Penauta;06/04/2022 20:00;-0.362300009
Penauta;06/04/2022 21:00;-0.362300009
Penauta;06/04/2022 22:00;-0.362300009
Penauta;06/04/2022 23:00;-0.362300009
Penauta;07/04/2022 0:00;-0.362300009
Penauta;07/04/2022 1:00;-0.362300009
Penauta;07/04/2022 2:00;-0.356999993
Penauta;07/04/2022 3:00;-0.367599994
Penauta;07/04/2022 4:00;-0.362300009
Penauta;07/04/2022 5:00;-0.362300009
Penauta;07/04/2022 6:00;-0.362300009
Penauta;07/04/2022 7:00;-0.367599994
Penauta;07/04/2022 8:00;-0.367599994
Penauta;07/04/2022 9:00;-0.367599994
Penauta;07/04/2022 10:00;-0.367599994
Penauta;07/04/2022 11:00;-0.367599994
Penauta;07/04/2022 12:00;-0.362300009
Penauta;07/04/2022 13:00;-0.362300009
Penauta;07/04/2022 14:00;-0.351599991
Penauta;07/04/2022 15:00;0.521899998
Penauta;07/04/2022 16:00;0.756200016
Penauta;07/04/2022 17:00;0.4366
Penauta;07/04/2022 18:00;0.324800014
Penauta;07/04/2022 19:00;0.0372
Penauta;07/04/2022 20:00;-0.117299996
Penauta;07/04/2022 21:00;-0.229100004
Penauta;07/04/2022 22:00;-0.261099994
Penauta;07/04/2022 23:00;-0.298400015
Penauta;08/04/2022 0:00;-0.356999993
Penauta;08/04/2022 1:00;-0.356999993
Penauta;08/04/2022 2:00;-0.351599991
Penauta;08/04/2022 3:00;-0.351599991
Penauta;08/04/2022 4:00;-0.351599991
Penauta;08/04/2022 5:00;-0.356999993
Penauta;08/04/2022 6:00;-0.351599991
Penauta;08/04/2022 7:00;-0.356999993
Penauta;08/04/2022 8:00;-0.356999993
Penauta;08/04/2022 9:00;-0.356999993
Penauta;08/04/2022 10:00;-0.356999993
Penauta;08/04/2022 11:00;-0.351599991
Penauta;08/04/2022 12:00;-0.351599991
Penauta;08/04/2022 13:00;0.255499989
Penauta;08/04/2022 14:00;0.862800002
Penauta;08/04/2022 15:00;0.820200026
Penauta;08/04/2022 16:00;0.793500006
Penauta;08/04/2022 17:00;0.628400028
Penauta;08/04/2022 18:00;0.399300009
Penauta;08/04/2022 19:00;0.106399998
Penauta;08/04/2022 20:00;-0.1972
Penauta;08/04/2022 21:00;-0.324999988
Penauta;08/04/2022 22:00;-0.346300006
Penauta;08/04/2022 23:00;-0.346300006
Penauta;09/04/2022 0:00;-0.346300006
Penauta;09/04/2022 1:00;-0.351599991
Penauta;09/04/2022 2:00;-0.351599991
Penauta;09/04/2022 3:00;-0.351599991
Penauta;09/04/2022 4:00;-0.351599991
Penauta;09/04/2022 5:00;-0.351599991
Penauta;09/04/2022 6:00;-0.351599991
Penauta;09/04/2022 7:00;-0.351599991
Penauta;09/04/2022 8:00;-0.351599991
Penauta;09/04/2022 9:00;-0.351599991
Penauta;09/04/2022 10:00;-0.340999991
Penauta;09/04/2022 11:00;0.324800014
Penauta;09/04/2022 12:00;3.106400013
Penauta;09/04/2022 13:00;5.74090004
Penauta;09/04/2022 14:00;6.722700119
Penauta;09/04/2022 15:00;6.669400215
Penauta;09/04/2022 16:00;6.397200108
Penauta;09/04/2022 17:00;5.820899963
Penauta;09/04/2022 18:00;4.481999874
Penauta;09/04/2022 19:00;3.271600008
Penauta;09/04/2022 20:00;2.141599894
Penauta;09/04/2022 21:00;1.065199971
Penauta;09/04/2022 22:00;0.431300014
Penauta;09/04/2022 23:00;0.180999994
Penauta;10/04/2022 0:00;0.0052
Penauta;10/04/2022 1:00;-0.106600001
Penauta;10/04/2022 2:00;-0.181199998
Penauta;10/04/2022 3:00;-0.229100004
Penauta;10/04/2022 4:00;-0.255800009
Penauta;10/04/2022 5:00;-0.277099997
Penauta;10/04/2022 6:00;-0.287699997
Penauta;10/04/2022 7:00;-0.282400012
Penauta;10/04/2022 8:00;-0.271699995
Penauta;10/04/2022 9:00;-0.239800006
Penauta;10/04/2022 10:00;-0.122599997
Penauta;10/04/2022 11:00;0.729600012
Penauta;10/04/2022 12:00;2.109600067
Penauta;10/04/2022 13:00;3.122400045
Penauta;10/04/2022 14:00;4.823400021
Penauta;10/04/2022 15:00;4.481999874
Penauta;10/04/2022 16:00;3.815500021
Penauta;10/04/2022 17:00;3.884799957
Penauta;10/04/2022 18:00;3.65019989
Penauta;10/04/2022 19:00;3.308900118
Penauta;10/04/2022 20:00;2.930500031
Penauta;10/04/2022 21:00;2.429399967
Penauta;10/04/2022 22:00;1.923099995
Penauta;10/04/2022 23:00;1.752599955
Penauta;11/04/2022 0:00;1.566100001
Penauta;11/04/2022 1:00;1.32099998
Penauta;11/04/2022 2:00;0.857500017
Penauta;11/04/2022 3:00;0.479200006
Penauta;11/04/2022 4:00;0.298099995
Penauta;11/04/2022 5:00;0.159700006
Penauta;11/04/2022 6:00;0.053100001
Penauta;11/04/2022 7:00;0.0105
Penauta;11/04/2022 8:00;0.0052
Penauta;11/04/2022 9:00;0.031800002
Penauta;11/04/2022 10:00;0.079800002
Penauta;11/04/2022 11:00;0.0638
Penauta;11/04/2022 12:00;0.095700003
Penauta;11/04/2022 13:00;-1E-04
Penauta;11/04/2022 14:00;0.0372
Penauta;11/04/2022 15:00;0.159700006
Penauta;11/04/2022 16:00;0.234200001
Penauta;11/04/2022 17:00;0.399300009
Penauta;11/04/2022 18:00;0.287499994
Penauta;11/04/2022 19:00;0.282200009
Penauta;11/04/2022 20:00;0.095700003
Penauta;11/04/2022 21:00;0.0052
Penauta;11/04/2022 22:00;-0.0374
Penauta;11/04/2022 23:00;-0.064000003
Penauta;12/04/2022 0:00;-0.074699998
Penauta;12/04/2022 1:00;-0.090700001
Penauta;12/04/2022 2:00;-0.101300001
Penauta;12/04/2022 3:00;-0.112000003
Penauta;12/04/2022 4:00;-0.127900004
Penauta;12/04/2022 5:00;-0.138600007
Penauta;12/04/2022 6:00;-0.154599994
Penauta;12/04/2022 7:00;-0.165199995
Penauta;12/04/2022 8:00;-0.159899995
Penauta;12/04/2022 9:00;-0.149299994
Penauta;12/04/2022 10:00;-0.138600007
Penauta;12/04/2022 11:00;-0.133300006
Penauta;12/04/2022 12:00;-0.127900004
Penauta;12/04/2022 13:00;-0.127900004
Penauta;12/04/2022 14:00;-0.127900004
Penauta;12/04/2022 15:00;-0.117299996
Penauta;12/04/2022 16:00;-0.106600001
Penauta;12/04/2022 17:00;-0.117299996
Penauta;12/04/2022 18:00;-0.117299996
Penauta;12/04/2022 19:00;-0.122599997
Penauta;12/04/2022 20:00;-0.133300006
Penauta;12/04/2022 21:00;-0.138600007
Penauta;12/04/2022 22:00;-0.143900007
Penauta;12/04/2022 23:00;-0.149299994
Penauta;13/04/2022 0:00;-0.154599994
Penauta;13/04/2022 1:00;-0.159899995
Penauta;13/04/2022 2:00;-0.170599997
Penauta;13/04/2022 3:00;-0.181199998
Penauta;13/04/2022 4:00;-0.1919
Penauta;13/04/2022 5:00;-0.202500001
Penauta;13/04/2022 6:00;-0.213200003
Penauta;13/04/2022 7:00;-0.223800004
Penauta;13/04/2022 8:00;-0.234500006
Penauta;13/04/2022 9:00;-0.213200003
Penauta;13/04/2022 10:00;-0.175899997
Penauta;13/04/2022 11:00;-0.122599997
Penauta;13/04/2022 12:00;-0.026799999
Penauta;13/04/2022 13:00;0.0425
Penauta;13/04/2022 14:00;0.159700006
Penauta;13/04/2022 15:00;0.388700008
Penauta;13/04/2022 16:00;0.649699986
Penauta;13/04/2022 17:00;0.889400005
Penauta;13/04/2022 18:00;1.033300042
Penauta;13/04/2022 19:00;1.075899959
Penauta;13/04/2022 20:00;0.921400011
Penauta;13/04/2022 21:00;0.729600012
Penauta;13/04/2022 22:00;0.47389999
Penauta;13/04/2022 23:00;0.207599998
Penauta;14/04/2022 0:00;0.0265
Penauta;14/04/2022 1:00;-0.106600001
Penauta;14/04/2022 2:00;-0.186499998
Penauta;14/04/2022 3:00;-0.234500006
Penauta;14/04/2022 4:00;-0.266400009
Penauta;14/04/2022 5:00;-0.287699997
Penauta;14/04/2022 6:00;-0.298400015
Penauta;14/04/2022 7:00;-0.3037
Penauta;14/04/2022 8:00;-0.308999985
Penauta;14/04/2022 9:00;-0.308999985
Penauta;14/04/2022 10:00;-0.255800009
Penauta;14/04/2022 11:00;0.420599997
Penauta;14/04/2022 12:00;3.906100035
Penauta;14/04/2022 13:00;7.550000191
Penauta;14/04/2022 14:00;9.295999527
Penauta;14/04/2022 15:00;8.938199997
Penauta;14/04/2022 16:00;7.768899918
Penauta;14/04/2022 17:00;7.672800064
Penauta;14/04/2022 18:00;6.631999969
Penauta;14/04/2022 19:00;5.772900105
Penauta;14/04/2022 20:00;4.780700207
Penauta;14/04/2022 21:00;3.666199923
Penauta;14/04/2022 22:00;2.807800055
Penauta;14/04/2022 23:00;2.57859993
Penauta;15/04/2022 0:00;2.061700106
Penauta;15/04/2022 1:00;1.672600031
Penauta;15/04/2022 2:00;1.326300025
Penauta;15/04/2022 3:00;0.990700006
Penauta;15/04/2022 4:00;0.628400028
Penauta;15/04/2022 5:00;0.399300009
Penauta;15/04/2022 6:00;0.4366
Penauta;15/04/2022 7:00;0.383399993
Penauta;15/04/2022 8:00;0.362100005
Penauta;15/04/2022 9:00;2.536000013
Penauta;15/04/2022 10:00;6.215799809
Penauta;15/04/2022 11:00;9.434900284
Penauta;15/04/2022 12:00;10.51399994
Penauta;15/04/2022 13:00;11.01620007
Penauta;15/04/2022 14:00;10.86130047
Penauta;15/04/2022 15:00;11.05360031
Penauta;15/04/2022 16:00;11.20330048
Penauta;15/04/2022 17:00;10.80780029
Penauta;15/04/2022 18:00;9.482999802
Penauta;15/04/2022 19:00;8.70320034
Penauta;15/04/2022 20:00;7.811600208
Penauta;15/04/2022 21:00;6.599999905
Penauta;15/04/2022 22:00;5.660900116
Penauta;15/04/2022 23:00;4.903399944
Penauta;16/04/2022 0:00;4.274099827
Penauta;16/04/2022 1:00;3.730099916
Penauta;16/04/2022 2:00;3.255599976
Penauta;16/04/2022 3:00;2.887799978
Penauta;16/04/2022 4:00;2.514699936
Penauta;16/04/2022 5:00;2.210900068
Penauta;16/04/2022 6:00;1.933799982
Penauta;16/04/2022 7:00;1.672600031
Penauta;16/04/2022 8:00;1.987100005
Penauta;16/04/2022 9:00;4.487400055
Penauta;16/04/2022 10:00;7.806300163
Penauta;16/04/2022 11:00;10.8132
Penauta;16/04/2022 12:00;12.92980003
Penauta;16/04/2022 13:00;14.30420017
Penauta;16/04/2022 14:00;14.90330029
Penauta;16/04/2022 15:00;14.95680046
Penauta;16/04/2022 16:00;14.25599957
Penauta;16/04/2022 17:00;13.19180012
Penauta;16/04/2022 18:00;11.93550014
Penauta;16/04/2022 19:00;10.62080002
Penauta;16/04/2022 20:00;9.263999939
Penauta;16/04/2022 21:00;7.832900047
Penauta;16/04/2022 22:00;6.48789978
Penauta;16/04/2022 23:00;5.383500099
Penauta;17/04/2022 0:00;4.51940012
Penauta;17/04/2022 1:00;3.751499891
Penauta;17/04/2022 2:00;3.085000038
Penauta;17/04/2022 3:00;2.568000078
Penauta;17/04/2022 4:00;2.22149992
Penauta;17/04/2022 5:00;1.949800014
Penauta;17/04/2022 6:00;1.768599987
Penauta;17/04/2022 7:00;1.651299953
Penauta;17/04/2022 8:00;1.672600031
Penauta;17/04/2022 9:00;2.312099934
Penauta;17/04/2022 10:00;4.983399868
Penauta;17/04/2022 11:00;7.614099979
Penauta;17/04/2022 12:00;10.25220013
Penauta;17/04/2022 13:00;12.41119957
Penauta;17/04/2022 14:00;13.12230015
Penauta;17/04/2022 15:00;13.56610012
Penauta;17/04/2022 16:00;13.34150028
Penauta;17/04/2022 17:00;12.72130013
Penauta;17/04/2022 18:00;11.41699982
Penauta;17/04/2022 19:00;10.03849983
Penauta;17/04/2022 20:00;8.548399925
Penauta;17/04/2022 21:00;6.957499981
Penauta;17/04/2022 22:00;5.61289978
Penauta;17/04/2022 23:00;4.487400055
Penauta;18/04/2022 0:00;3.71420002
Penauta;18/04/2022 1:00;3.154299974
Penauta;18/04/2022 2:00;2.64260006
Penauta;18/04/2022 3:00;2.178900003
Penauta;18/04/2022 4:00;2.045700073
Penauta;18/04/2022 5:00;1.864500046
Penauta;18/04/2022 6:00;1.640699983
Penauta;18/04/2022 7:00;1.502099991
Penauta;18/04/2022 8:00;2.0776999
Penauta;18/04/2022 9:00;4.423399925
Penauta;18/04/2022 10:00;7.683499813
Penauta;18/04/2022 11:00;10.30029964
Penauta;18/04/2022 12:00;12.41660023
Penauta;18/04/2022 13:00;13.81750011
Penauta;18/04/2022 14:00;13.71580029
Penauta;18/04/2022 15:00;12.57159996
Penauta;18/04/2022 16:00;12.38980007
Penauta;18/04/2022 17:00;11.98359966
Penauta;18/04/2022 18:00;10.01179981
Penauta;18/04/2022 19:00;8.00909996
Penauta;18/04/2022 20:00;6.509300232
Penauta;18/04/2022 21:00;5.383500099
Penauta;18/04/2022 22:00;4.380700111
Penauta;18/04/2022 23:00;3.468899965
Penauta;19/04/2022 0:00;3.079699993
Penauta;19/04/2022 1:00;2.813199997
Penauta;19/04/2022 2:00;2.568000078
Penauta;19/04/2022 3:00;2.344099998
Penauta;19/04/2022 4:00;2.146899939
Penauta;19/04/2022 5:00;1.971099973
Penauta;19/04/2022 6:00;1.832499981
Penauta;19/04/2022 7:00;1.688599944
Penauta;19/04/2022 8:00;1.592700005
Penauta;19/04/2022 9:00;1.539399981
Penauta;19/04/2022 10:00;1.555400014
Penauta;19/04/2022 11:00;1.63530004
Penauta;19/04/2022 12:00;1.901800036
Penauta;19/04/2022 13:00;2.11500001
Penauta;19/04/2022 14:00;2.386800051
Penauta;19/04/2022 15:00;3.340899944
Penauta;19/04/2022 16:00;4.396699905
Penauta;19/04/2022 17:00;3.852799892
Penauta;19/04/2022 18:00;2.855799913
Penauta;19/04/2022 19:00;2.157599926
Penauta;19/04/2022 20:00;1.667299986
Penauta;19/04/2022 21:00;1.342300057
Penauta;19/04/2022 22:00;1.139799953
Penauta;19/04/2022 23:00;0.963999987
Penauta;20/04/2022 0:00;0.809499979
Penauta;20/04/2022 1:00;0.692300022
Penauta;20/04/2022 2:00;0.591099977
Penauta;20/04/2022 3:00;0.505900025
Penauta;20/04/2022 4:00;0.431300014
Penauta;20/04/2022 5:00;0.367399991
Penauta;20/04/2022 6:00;0.308800012
Penauta;20/04/2022 7:00;0.260899991
Penauta;20/04/2022 8:00;0.207599998
Penauta;20/04/2022 9:00;0.180999994
Penauta;20/04/2022 10:00;0.175600007
Penauta;20/04/2022 11:00;0.180999994
Penauta;20/04/2022 12:00;0.196899995
Penauta;20/04/2022 13:00;0.244900003
Penauta;20/04/2022 14:00;0.292800009
Penauta;20/04/2022 15:00;0.324800014
Penauta;20/04/2022 16:00;0.351399988
Penauta;20/04/2022 17:00;0.388700008
Penauta;20/04/2022 18:00;0.377999991
Penauta;20/04/2022 19:00;0.3301
Penauta;20/04/2022 20:00;0.244900003
Penauta;20/04/2022 21:00;0.138300002
Penauta;20/04/2022 22:00;0.047800001
Penauta;20/04/2022 23:00;-0.016100001
Penauta;21/04/2022 0:00;-0.069399998
Penauta;21/04/2022 1:00;-0.112000003
Penauta;21/04/2022 2:00;-0.138600007
Penauta;21/04/2022 3:00;-0.165199995
Penauta;21/04/2022 4:00;-0.186499998
Penauta;21/04/2022 5:00;-0.202500001
Penauta;21/04/2022 6:00;-0.213200003
Penauta;21/04/2022 7:00;-0.218500003
Penauta;21/04/2022 8:00;-0.223800004
Penauta;21/04/2022 9:00;-0.218500003
Penauta;21/04/2022 10:00;-0.186499998
Penauta;21/04/2022 11:00;-0.122599997
Penauta;21/04/2022 12:00;0.495200008
Penauta;21/04/2022 13:00;1.576699972
Penauta;21/04/2022 14:00;3.223700047
Penauta;21/04/2022 15:00;5.255400181
Penauta;21/04/2022 16:00;6.898799896
Penauta;21/04/2022 17:00;6.343800068
Penauta;21/04/2022 18:00;5.730199814
Penauta;21/04/2022 19:00;4.620699883
Penauta;21/04/2022 20:00;3.335599899
Penauta;21/04/2022 21:00;2.424099922
Penauta;21/04/2022 22:00;1.912400007
Penauta;21/04/2022 23:00;1.560700059
Penauta;22/04/2022 0:00;1.246399999
Penauta;22/04/2022 1:00;1.01730001
Penauta;22/04/2022 2:00;0.846800029
Penauta;22/04/2022 3:00;0.772199988
Penauta;22/04/2022 4:00;0.756200016
Penauta;22/04/2022 5:00;0.756200016
Penauta;22/04/2022 6:00;0.761600018
Penauta;22/04/2022 7:00;0.766900003
Penauta;22/04/2022 8:00;0.766900003
Penauta;22/04/2022 9:00;0.766900003
Penauta;22/04/2022 10:00;0.756200016
Penauta;22/04/2022 11:00;0.7403
Penauta;22/04/2022 12:00;0.71359998
Penauta;22/04/2022 13:00;0.692300022
Penauta;22/04/2022 14:00;0.665700018
Penauta;22/04/2022 15:00;0.638999999
Penauta;22/04/2022 16:00;0.60710001
Penauta;22/04/2022 17:00;0.580500007
Penauta;22/04/2022 18:00;0.559099972
Penauta;22/04/2022 19:00;0.548500001
Penauta;22/04/2022 20:00;0.548500001
Penauta;22/04/2022 21:00;0.548500001
Penauta;22/04/2022 22:00;0.543200016
Penauta;22/04/2022 23:00;0.543200016
Penauta;23/04/2022 0:00;0.537800014
Penauta;23/04/2022 1:00;0.532500029
Penauta;23/04/2022 2:00;0.532500029
Penauta;23/04/2022 3:00;0.527199984
Penauta;23/04/2022 4:00;0.527199984
Penauta;23/04/2022 5:00;0.521899998
Penauta;23/04/2022 6:00;0.516499996
Penauta;23/04/2022 7:00;0.516499996
Penauta;23/04/2022 8:00;0.511200011
Penauta;23/04/2022 9:00;0.511200011
Penauta;23/04/2022 10:00;0.505900025
Penauta;23/04/2022 11:00;0.516499996
Penauta;23/04/2022 12:00;0.527199984
Penauta;23/04/2022 13:00;0.548500001
Penauta;23/04/2022 14:00;0.591099977
Penauta;23/04/2022 15:00;0.665700018
Penauta;23/04/2022 16:00;0.756200016
Penauta;23/04/2022 17:00;0.825500011
Penauta;23/04/2022 18:00;0.836199999
Penauta;23/04/2022 19:00;0.820200026
Penauta;23/04/2022 20:00;0.766900003
Penauta;23/04/2022 21:00;0.708299994
Penauta;23/04/2022 22:00;0.649699986
Penauta;23/04/2022 23:00;0.601800025
Penauta;24/04/2022 0:00;0.564499974
Penauta;24/04/2022 1:00;0.527199984
Penauta;24/04/2022 2:00;0.50059998
Penauta;24/04/2022 3:00;0.479200006
Penauta;24/04/2022 4:00;0.452600002
Penauta;24/04/2022 5:00;0.425999999
Penauta;24/04/2022 6:00;0.393999994
Penauta;24/04/2022 7:00;0.340799987
Penauta;24/04/2022 8:00;0.308800012
Penauta;24/04/2022 9:00;0.362100005
Penauta;24/04/2022 10:00;0.484600008
Penauta;24/04/2022 11:00;0.660399973
Penauta;24/04/2022 12:00;0.905399978
Penauta;24/04/2022 13:00;1.331599951
Penauta;24/04/2022 14:00;2.951800108
Penauta;24/04/2022 15:00;4.967400074
Penauta;24/04/2022 16:00;6.15170002
Penauta;24/04/2022 17:00;6.55189991
Penauta;24/04/2022 18:00;6.157100201
Penauta;24/04/2022 19:00;4.962100029
Penauta;24/04/2022 20:00;3.655499935
Penauta;24/04/2022 21:00;2.381400108
Penauta;24/04/2022 22:00;1.539399981
Penauta;24/04/2022 23:00;1.0546
Penauta;25/04/2022 0:00;0.750899971
Penauta;25/04/2022 1:00;0.553799987
Penauta;25/04/2022 2:00;0.393999994
Penauta;25/04/2022 3:00;0.260899991
Penauta;25/04/2022 4:00;0.149000004
Penauta;25/04/2022 5:00;0.0691
Penauta;25/04/2022 6:00;-1E-04
Penauta;25/04/2022 7:00;-0.058699999
Penauta;25/04/2022 8:00;-0.085299999
Penauta;25/04/2022 9:00;0.0052
Penauta;25/04/2022 10:00;0.766900003
Penauta;25/04/2022 11:00;3.639499903
Penauta;25/04/2022 12:00;6.018300056
Penauta;25/04/2022 13:00;7.267099857
Penauta;25/04/2022 14:00;8.895500183
Penauta;25/04/2022 15:00;9.05039978
Penauta;25/04/2022 16:00;9.012999535
Penauta;25/04/2022 17:00;8.08920002
Penauta;25/04/2022 18:00;6.872200012
Penauta;25/04/2022 19:00;5.788899899
Penauta;25/04/2022 20:00;4.748700142
Penauta;25/04/2022 21:00;3.783499956
Penauta;25/04/2022 22:00;3.170300007
Penauta;25/04/2022 23:00;2.845200062
Penauta;26/04/2022 0:00;2.41869998
Penauta;26/04/2022 1:00;2.008399963
Penauta;26/04/2022 2:00;1.694000006
Penauta;26/04/2022 3:00;1.390200019
Penauta;26/04/2022 4:00;1.049299955
Penauta;26/04/2022 5:00;0.703000009
Penauta;26/04/2022 6:00;0.649699986
Penauta;26/04/2022 7:00;0.633700013
Penauta;26/04/2022 8:00;0.868099988
Penauta;26/04/2022 9:00;3.266299963
Penauta;26/04/2022 10:00;3.559499979
Penauta;26/04/2022 11:00;4.487400055
Penauta;26/04/2022 12:00;4.498000145
Penauta;26/04/2022 13:00;4.940700054
Penauta;26/04/2022 14:00;4.81799984
Penauta;26/04/2022 15:00;4.40199995
Penauta;26/04/2022 16:00;4.343400002
Penauta;26/04/2022 17:00;4.156700134
Penauta;26/04/2022 18:00;3.804800034
Penauta;26/04/2022 19:00;3.383599997
Penauta;26/04/2022 20:00;3.005100012
Penauta;26/04/2022 21:00;2.440099955
Penauta;26/04/2022 22:00;2.066999912
Penauta;26/04/2022 23:00;2.003000021
Penauta;27/04/2022 0:00;1.688599944
Penauta;27/04/2022 1:00;1.560700059
Penauta;27/04/2022 2:00;1.480800033
Penauta;27/04/2022 3:00;1.171800017
Penauta;27/04/2022 4:00;0.910700023
Penauta;27/04/2022 5:00;0.686999977
Penauta;27/04/2022 6:00;0.495200008
Penauta;27/04/2022 7:00;0.351399988
Penauta;27/04/2022 8:00;0.276800007
Penauta;27/04/2022 9:00;0.942700028
Penauta;27/04/2022 10:00;5.063399792
Penauta;27/04/2022 11:00;8.874099731
Penauta;27/04/2022 12:00;10.3803997
Penauta;27/04/2022 13:00;10.75440025
Penauta;27/04/2022 14:00;8.847399712
Penauta;27/04/2022 15:00;10.25220013
Penauta;27/04/2022 16:00;9.301400185
Penauta;27/04/2022 17:00;7.000199795
Penauta;27/04/2022 18:00;7.267099857
Penauta;27/04/2022 19:00;6.802800179
Penauta;27/04/2022 20:00;5.276800156
Penauta;27/04/2022 21:00;4.018099785
Penauta;27/04/2022 22:00;3.271600008
Penauta;27/04/2022 23:00;2.599999905
Penauta;28/04/2022 0:00;2.093600035
Penauta;28/04/2022 1:00;1.784600019
Penauta;28/04/2022 2:00;1.646000028
Penauta;28/04/2022 3:00;1.59800005
Penauta;28/04/2022 4:00;1.459499955
Penauta;28/04/2022 5:00;1.299700022
Penauta;28/04/2022 6:00;1.070600033
Penauta;28/04/2022 7:00;0.985300004
Penauta;28/04/2022 8:00;1.022600055
Penauta;28/04/2022 9:00;1.661999941
Penauta;28/04/2022 10:00;3.372900009
Penauta;28/04/2022 11:00;6.381199837
Penauta;28/04/2022 12:00;8.879500389
Penauta;28/04/2022 13:00;11.05360031
Penauta;28/04/2022 14:00;11.82859993
Penauta;28/04/2022 15:00;12.48069954
Penauta;28/04/2022 16:00;12.71590042
Penauta;28/04/2022 17:00;11.64680004
Penauta;28/04/2022 18:00;10.79179955
Penauta;28/04/2022 19:00;9.466899872
Penauta;28/04/2022 20:00;7.678100109
Penauta;28/04/2022 21:00;6.226399899
Penauta;28/04/2022 22:00;5.212800026
Penauta;28/04/2022 23:00;4.481999874
Penauta;29/04/2022 0:00;3.943399906
Penauta;29/04/2022 1:00;3.452899933
Penauta;29/04/2022 2:00;3.053100109
Penauta;29/04/2022 3:00;2.775899887
Penauta;29/04/2022 4:00;2.536000013
Penauta;29/04/2022 5:00;2.296200037
Penauta;29/04/2022 6:00;2.051000118
Penauta;29/04/2022 7:00;1.891100049
Penauta;29/04/2022 8:00;2.584000111
Penauta;29/04/2022 9:00;4.86070013
Penauta;29/04/2022 10:00;7.859600067
Penauta;29/04/2022 11:00;10.35900021
Penauta;29/04/2022 12:00;12.71590042
Penauta;29/04/2022 13:00;14.91930008
Penauta;29/04/2022 14:00;13.55010033
Penauta;29/04/2022 15:00;12.48069954
Penauta;29/04/2022 16:00;11.94610023
Penauta;29/04/2022 17:00;11.27810001
Penauta;29/04/2022 18:00;11.13379955
Penauta;29/04/2022 19:00;10.42310047
Penauta;29/04/2022 20:00;9.525699615
Penauta;29/04/2022 21:00;8.425600052
Penauta;29/04/2022 22:00;7.56069994
Penauta;29/04/2022 23:00;6.845499992
Penauta;30/04/2022 0:00;6.199800014
Penauta;30/04/2022 1:00;5.506199837
Penauta;30/04/2022 2:00;4.940700054
Penauta;30/04/2022 3:00;4.481999874
Penauta;30/04/2022 4:00;4.151400089
Penauta;30/04/2022 5:00;3.87409997
Penauta;30/04/2022 6:00;3.655499935
Penauta;30/04/2022 7:00;3.516900063
Penauta;30/04/2022 8:00;3.948800087
Penauta;30/04/2022 9:00;5.735599995
Penauta;30/04/2022 10:00;8.067899704
Penauta;30/04/2022 11:00;10.44449997
Penauta;30/04/2022 12:00;11.78579998
Penauta;30/04/2022 13:00;13.76399994
Penauta;30/04/2022 14:00;14.80700016
Penauta;30/04/2022 15:00;15.25109959
Penauta;30/04/2022 16:00;15.35270023
Penauta;30/04/2022 17:00;14.74279976
Penauta;30/04/2022 18:00;13.72119999
Penauta;30/04/2022 19:00;12.27219963
Penauta;30/04/2022 20:00;10.80249977
Penauta;30/04/2022 21:00;9.14109993
Penauta;30/04/2022 22:00;7.870299816
Penauta;30/04/2022 23:00;6.952199936
Penauta;01/05/2022 0:00;6.279799938
Penauta;01/05/2022 1:00;5.735599995
Penauta;01/05/2022 2:00;5.223400116
Penauta;01/05/2022 3:00;4.663400173
Penauta;01/05/2022 4:00;4.162099838
Penauta;01/05/2022 5:00;3.810100079
Penauta;01/05/2022 6:00;3.586199999
Penauta;01/05/2022 7:00;3.346299887
Penauta;01/05/2022 8:00;4.423399925
Penauta;01/05/2022 9:00;7.427199841
Penauta;01/05/2022 10:00;10.74370003
Penauta;01/05/2022 11:00;13.44309998
Penauta;01/05/2022 12:00;14.97819996
Penauta;01/05/2022 13:00;13.92980003
Penauta;01/05/2022 14:00;13.81210041
Penauta;01/05/2022 15:00;13.34689999
Penauta;01/05/2022 16:00;13.03670025
Penauta;01/05/2022 17:00;12.51280022
Penauta;01/05/2022 18:00;11.46510029
Penauta;01/05/2022 19:00;10.34300041
Penauta;01/05/2022 20:00;9.221300125
Penauta;01/05/2022 21:00;8.051799774
Penauta;01/05/2022 22:00;7.224400043
Penauta;01/05/2022 23:00;6.173099995
Penauta;02/05/2022 0:00;5.223400116
Penauta;02/05/2022 1:00;4.631400108
Penauta;02/05/2022 2:00;4.06069994
Penauta;02/05/2022 3:00;3.538199902
Penauta;02/05/2022 4:00;3.186300039
Penauta;02/05/2022 5:00;2.941099882
Penauta;02/05/2022 6:00;2.589299917
Penauta;02/05/2022 7:00;2.40809989
Penauta;02/05/2022 8:00;2.887799978
Penauta;02/05/2022 9:00;5.30340004
Penauta;02/05/2022 10:00;8.334799767
Penauta;02/05/2022 11:00;11.25669956
Penauta;02/05/2022 12:00;11.05900002
Penauta;02/05/2022 13:00;12.44859982
Penauta;02/05/2022 14:00;13.38430023
Penauta;02/05/2022 15:00;12.90310001
Penauta;02/05/2022 16:00;12.20810032
Penauta;02/05/2022 17:00;10.68490028
Penauta;02/05/2022 18:00;9.183899879
Penauta;02/05/2022 19:00;7.870299816
Penauta;02/05/2022 20:00;6.813399792
Penauta;02/05/2022 21:00;5.954299927
Penauta;02/05/2022 22:00;5.234099865
Penauta;02/05/2022 23:00;4.652699947
Penauta;03/05/2022 0:00;3.986099958
Penauta;03/05/2022 1:00;3.346299887
Penauta;03/05/2022 2:00;2.893100023
Penauta;03/05/2022 3:00;2.717200041
Penauta;03/05/2022 4:00;2.599999905
Penauta;03/05/2022 5:00;2.482700109
Penauta;03/05/2022 6:00;2.471999884
Penauta;03/05/2022 7:00;2.450700045
Penauta;03/05/2022 8:00;2.658600092
Penauta;03/05/2022 9:00;3.330300093
Penauta;03/05/2022 10:00;4.785999775
Penauta;03/05/2022 11:00;6.301099777
Penauta;03/05/2022 12:00;9.80340004
Penauta;03/05/2022 13:00;12.20269966
Penauta;03/05/2022 14:00;12.97259998
Penauta;03/05/2022 15:00;11.85529995
Penauta;03/05/2022 16:00;11.41699982
Penauta;03/05/2022 17:00;10.49790001
Penauta;03/05/2022 18:00;9.504300117
Penauta;03/05/2022 19:00;8.543000221
Penauta;03/05/2022 20:00;7.411200047
Penauta;03/05/2022 21:00;6.48789978
Penauta;03/05/2022 22:00;5.65019989
Penauta;03/05/2022 23:00;5.159399986
Penauta;04/05/2022 0:00;4.380700111
Penauta;04/05/2022 1:00;3.628799915
Penauta;04/05/2022 2:00;2.999700069
Penauta;04/05/2022 3:00;2.557300091
Penauta;04/05/2022 4:00;2.200200081
Penauta;04/05/2022 5:00;1.949800014
Penauta;04/05/2022 6:00;1.736600041
Penauta;04/05/2022 7:00;1.560700059
Penauta;04/05/2022 8:00;1.731299996
Penauta;04/05/2022 9:00;4.172699928
Penauta;04/05/2022 10:00;7.379199982
Penauta;04/05/2022 11:00;9.942299843
Penauta;04/05/2022 12:00;11.8767004
Penauta;04/05/2022 13:00;13.38430023
Penauta;04/05/2022 14:00;14.12769985
Penauta;04/05/2022 15:00;14.40579987
Penauta;04/05/2022 16:00;13.76930046
Penauta;04/05/2022 17:00;13.05280018
Penauta;04/05/2022 18:00;11.91940022
Penauta;04/05/2022 19:00;10.78110027
Penauta;04/05/2022 20:00;9.616499901
Penauta;04/05/2022 21:00;8.388199806
Penauta;04/05/2022 22:00;7.437900066
Penauta;04/05/2022 23:00;6.584000111
Penauta;05/05/2022 0:00;5.815599918
Penauta;05/05/2022 1:00;5.052700043
Penauta;05/05/2022 2:00;4.434000015
Penauta;05/05/2022 3:00;3.858099937
Penauta;05/05/2022 4:00;3.356899977
Penauta;05/05/2022 5:00;2.96239996
Penauta;05/05/2022 6:00;2.653300047
Penauta;05/05/2022 7:00;2.376100063
Penauta;05/05/2022 8:00;2.989099979
Penauta;05/05/2022 9:00;6.028999805
Penauta;05/05/2022 10:00;9.509699821
Penauta;05/05/2022 11:00;12.22949982
Penauta;05/05/2022 12:00;13.90839958
Penauta;05/05/2022 13:00;15.35270023
Penauta;05/05/2022 14:00;15.80749989
Penauta;05/05/2022 15:00;15.78079987
Penauta;05/05/2022 16:00;15.22430038
Penauta;05/05/2022 17:00;14.58230019
Penauta;05/05/2022 18:00;13.60890007
Penauta;05/05/2022 19:00;12.39519978
Penauta;05/05/2022 20:00;10.94139957
Penauta;05/05/2022 21:00;9.531000137
Penauta;05/05/2022 22:00;8.078499794
Penauta;05/05/2022 23:00;6.962900162
Penauta;06/05/2022 0:00;6.631999969
Penauta;06/05/2022 1:00;5.868899822
Penauta;06/05/2022 2:00;5.154099941
Penauta;06/05/2022 3:00;4.588699818
Penauta;06/05/2022 4:00;4.02339983
Penauta;06/05/2022 5:00;3.559499979
Penauta;06/05/2022 6:00;3.069099903
Penauta;06/05/2022 7:00;2.717200041
Penauta;06/05/2022 8:00;3.46359992
Penauta;06/05/2022 9:00;6.557300091
Penauta;06/05/2022 10:00;9.867500305
Penauta;06/05/2022 11:00;12.27219963
Penauta;06/05/2022 12:00;14.1651001
Penauta;06/05/2022 13:00;15.44369984
Penauta;06/05/2022 14:00;16.02160072
Penauta;06/05/2022 15:00;16.21960068
Penauta;06/05/2022 16:00;15.75940037
Penauta;06/05/2022 17:00;14.83380032
Penauta;06/05/2022 18:00;13.7052002
Penauta;06/05/2022 19:00;12.45930004
Penauta;06/05/2022 20:00;11.03759956
Penauta;06/05/2022 21:00;9.450900078
Penauta;06/05/2022 22:00;8.094499588
Penauta;06/05/2022 23:00;7.186999798
Penauta;07/05/2022 0:00;6.450600147
Penauta;07/05/2022 1:00;5.77820015
Penauta;07/05/2022 2:00;5.111400127
Penauta;07/05/2022 3:00;4.551400185
Penauta;07/05/2022 4:00;4.135399818
Penauta;07/05/2022 5:00;3.858099937
Penauta;07/05/2022 6:00;3.490200043
Penauta;07/05/2022 7:00;3.239599943
Penauta;07/05/2022 8:00;4.615399837
Penauta;07/05/2022 9:00;7.261799812
Penauta;07/05/2022 10:00;10.8132
Penauta;07/05/2022 11:00;13.34689999
Penauta;07/05/2022 12:00;15.30459976
Penauta;07/05/2022 13:00;16.58889961
Penauta;07/05/2022 14:00;17.14559937
Penauta;07/05/2022 15:00;17.12960052
Penauta;07/05/2022 16:00;16.54610062
Penauta;07/05/2022 17:00;15.78610039
Penauta;07/05/2022 18:00;14.66790009
Penauta;07/05/2022 19:00;13.41100025
Penauta;07/05/2022 20:00;12.08510017
Penauta;07/05/2022 21:00;10.53530025
Penauta;07/05/2022 22:00;9.199899673
Penauta;07/05/2022 23:00;8.211999893
Penauta;08/05/2022 0:00;7.411200047
Penauta;08/05/2022 1:00;6.850800037
Penauta;08/05/2022 2:00;6.311800003
Penauta;08/05/2022 3:00;5.916999817
Penauta;08/05/2022 4:00;5.724899769
Penauta;08/05/2022 5:00;5.250100136
Penauta;08/05/2022 6:00;4.88740015
Penauta;08/05/2022 7:00;4.780700207
Penauta;08/05/2022 8:00;6.423900127
Penauta;08/05/2022 9:00;8.078499794
Penauta;08/05/2022 10:00;10.68490028
Penauta;08/05/2022 11:00;14.05809975
Penauta;08/05/2022 12:00;16.21430016
Penauta;08/05/2022 13:00;17.64889908
Penauta;08/05/2022 14:00;18.29680061
Penauta;08/05/2022 15:00;18.30220032
Penauta;08/05/2022 16:00;17.73990059
Penauta;08/05/2022 17:00;16.92609978
Penauta;08/05/2022 18:00;15.79150009
Penauta;08/05/2022 19:00;14.52350044
Penauta;08/05/2022 20:00;13.15439987
Penauta;08/05/2022 21:00;11.76980019
Penauta;08/05/2022 22:00;10.44989967
Penauta;08/05/2022 23:00;9.445599556
Penauta;09/05/2022 0:00;8.7833004
Penauta;09/05/2022 1:00;8.169300079
Penauta;09/05/2022 2:00;7.592700005
Penauta;09/05/2022 3:00;7.03760004
Penauta;09/05/2022 4:00;6.546599865
Penauta;09/05/2022 5:00;6.130400181
Penauta;09/05/2022 6:00;5.804900169
Penauta;09/05/2022 7:00;5.511499882
Penauta;09/05/2022 8:00;6.856100082
Penauta;09/05/2022 9:00;9.093099594
Penauta;09/05/2022 10:00;12.37380028
Penauta;09/05/2022 11:00;15.20829964
Penauta;09/05/2022 12:00;17.49900055
Penauta;09/05/2022 13:00;18.94490051
Penauta;09/05/2022 14:00;19.52869987
Penauta;09/05/2022 15:00;19.23950005
Penauta;09/05/2022 16:00;18.87520027
Penauta;09/05/2022 17:00;18.00760078
Penauta;09/05/2022 18:00;16.78700066
Penauta;09/05/2022 19:00;15.46510029
Penauta;09/05/2022 20:00;14.12230015
Penauta;09/05/2022 21:00;12.72130013
Penauta;09/05/2022 22:00;11.52390003
Penauta;09/05/2022 23:00;10.49790001
Penauta;10/05/2022 0:00;9.691300392
Penauta;10/05/2022 1:00;9.0770998
Penauta;10/05/2022 2:00;8.543000221
Penauta;10/05/2022 3:00;8.025099754
Penauta;10/05/2022 4:00;7.437900066
Penauta;10/05/2022 5:00;6.952199936
Penauta;10/05/2022 6:00;6.60529995
Penauta;10/05/2022 7:00;6.413199902
Penauta;10/05/2022 8:00;7.512700081
Penauta;10/05/2022 9:00;9.926300049
Penauta;10/05/2022 10:00;12.81750011
Penauta;10/05/2022 11:00;15.94130039
Penauta;10/05/2022 12:00;18.44680023
Penauta;10/05/2022 13:00;20.21450043
Penauta;10/05/2022 14:00;20.7826004
Penauta;10/05/2022 15:00;21.16309929
Penauta;10/05/2022 16:00;20.7772007
Penauta;10/05/2022 17:00;19.94659996
Penauta;10/05/2022 18:00;18.66629982
Penauta;10/05/2022 19:00;17.28479958
Penauta;10/05/2022 20:00;15.73799992
Penauta;10/05/2022 21:00;14.11699963
Penauta;10/05/2022 22:00;12.58759975
Penauta;10/05/2022 23:00;11.47579956
Penauta;11/05/2022 0:00;10.58339977
Penauta;11/05/2022 1:00;9.846199989
Penauta;11/05/2022 2:00;9.183899879
Penauta;11/05/2022 3:00;8.644499779
Penauta;11/05/2022 4:00;8.110600471
Penauta;11/05/2022 5:00;7.565999985
Penauta;11/05/2022 6:00;7.123000145
Penauta;11/05/2022 7:00;6.866799831
Penauta;11/05/2022 8:00;8.254699707
Penauta;11/05/2022 9:00;10.42850018
Penauta;11/05/2022 10:00;12.90839958
Penauta;11/05/2022 11:00;15.57740021
Penauta;11/05/2022 12:00;17.47220039
Penauta;11/05/2022 13:00;19.2663002
Penauta;11/05/2022 14:00;20.22529984
Penauta;11/05/2022 15:00;20.27350044
Penauta;11/05/2022 16:00;19.94659996
Penauta;11/05/2022 17:00;19.05730057
Penauta;11/05/2022 18:00;17.89520073
Penauta;11/05/2022 19:00;16.81369972
Penauta;11/05/2022 20:00;15.32059956
Penauta;11/05/2022 21:00;13.5607996
Penauta;11/05/2022 22:00;12.11190033
Penauta;11/05/2022 23:00;10.94139957
Penauta;12/05/2022 0:00;9.995800018
Penauta;12/05/2022 1:00;9.248000145
Penauta;12/05/2022 2:00;8.842100143
Penauta;12/05/2022 3:00;8.356200218
Penauta;12/05/2022 4:00;7.907700062
Penauta;12/05/2022 5:00;7.592700005
Penauta;12/05/2022 6:00;7.368500233
Penauta;12/05/2022 7:00;7.363200188
Penauta;12/05/2022 8:00;8.281399727
Penauta;12/05/2022 9:00;9.509699821
Penauta;12/05/2022 10:00;9.979700089
Penauta;12/05/2022 11:00;11.73239994
Penauta;12/05/2022 12:00;12.69449997
Penauta;12/05/2022 13:00;12.97789955
Penauta;12/05/2022 14:00;14.87119961
Penauta;12/05/2022 15:00;15.13329983
Penauta;12/05/2022 16:00;15.87180042
Penauta;12/05/2022 17:00;15.27250004
Penauta;12/05/2022 18:00;14.26669979
Penauta;12/05/2022 19:00;13.81750011
Penauta;12/05/2022 20:00;12.80150032
Penauta;12/05/2022 21:00;11.28339958
Penauta;12/05/2022 22:00;10.35369968
Penauta;12/05/2022 23:00;9.568400383
Penauta;13/05/2022 0:00;9.119799614
Penauta;13/05/2022 1:00;8.697899818
Penauta;13/05/2022 2:00;8.270700455
Penauta;13/05/2022 3:00;7.918399811
Penauta;13/05/2022 4:00;7.5072999
Penauta;13/05/2022 5:00;7.12830019
Penauta;13/05/2022 6:00;6.909500122
Penauta;13/05/2022 7:00;6.872200012
Penauta;13/05/2022 8:00;8.318799973
Penauta;13/05/2022 9:00;10.75440025
Penauta;13/05/2022 10:00;13.45919991
Penauta;13/05/2022 11:00;16.11790085
Penauta;13/05/2022 12:00;16.86730003
Penauta;13/05/2022 13:00;17.77739906
Penauta;13/05/2022 14:00;19.55019951
Penauta;13/05/2022 15:00;20.06990051
Penauta;13/05/2022 16:00;19.97879982
Penauta;13/05/2022 17:00;18.44140053
Penauta;13/05/2022 18:00;16.92609978
Penauta;13/05/2022 19:00;15.90390015
Penauta;13/05/2022 20:00;14.32019997
Penauta;13/05/2022 21:00;12.74800014
Penauta;13/05/2022 22:00;11.64680004
Penauta;13/05/2022 23:00;10.9307003
Penauta;14/05/2022 0:00;10.35369968
Penauta;14/05/2022 1:00;9.830200195
Penauta;14/05/2022 2:00;9.36550045
Penauta;14/05/2022 3:00;8.943499565
Penauta;14/05/2022 4:00;8.617799759
Penauta;14/05/2022 5:00;8.366800308
Penauta;14/05/2022 6:00;8.153300285
Penauta;14/05/2022 7:00;8.014499664
Penauta;14/05/2022 8:00;8.37749958
Penauta;14/05/2022 9:00;9.482999802
Penauta;14/05/2022 10:00;12.56089973
Penauta;14/05/2022 11:00;15.04769993
Penauta;14/05/2022 12:00;14.36839962
Penauta;14/05/2022 13:00;14.80169964
Penauta;14/05/2022 14:00;13.59280014
Penauta;14/05/2022 15:00;13.5340004
Penauta;14/05/2022 16:00;15.65769958
Penauta;14/05/2022 17:00;14.76959991
Penauta;14/05/2022 18:00;14.41650009
Penauta;14/05/2022 19:00;13.67310047
Penauta;14/05/2022 20:00;12.64640045
Penauta;14/05/2022 21:00;11.54529953
Penauta;14/05/2022 22:00;10.29489994
Penauta;14/05/2022 23:00;9.36550045
Penauta;15/05/2022 0:00;8.69260025
Penauta;15/05/2022 1:00;8.260100365
Penauta;15/05/2022 2:00;7.790200233
Penauta;15/05/2022 3:00;7.288499832
Penauta;15/05/2022 4:00;6.978899956
Penauta;15/05/2022 5:00;7.219099998
Penauta;15/05/2022 6:00;7.363200188
Penauta;15/05/2022 7:00;7.448599815
Penauta;15/05/2022 8:00;7.742199898
Penauta;15/05/2022 9:00;8.153300285
Penauta;15/05/2022 10:00;8.308099747
Penauta;15/05/2022 11:00;8.585800171
Penauta;15/05/2022 12:00;9.573800087
Penauta;15/05/2022 13:00;9.953000069
Penauta;15/05/2022 14:00;10.36970043
Penauta;15/05/2022 15:00;10.88259983
Penauta;15/05/2022 16:00;11.70559978
Penauta;15/05/2022 17:00;11.47579956
Penauta;15/05/2022 18:00;10.63150024
Penauta;15/05/2022 19:00;9.573800087
Penauta;15/05/2022 20:00;8.75660038
Penauta;15/05/2022 21:00;8.083900452
Penauta;15/05/2022 22:00;7.56069994
Penauta;15/05/2022 23:00;6.952199936
Penauta;16/05/2022 0:00;6.285099983
Penauta;16/05/2022 1:00;5.895599842
Penauta;16/05/2022 2:00;5.527500153
Penauta;16/05/2022 3:00;5.335499763
Penauta;16/05/2022 4:00;5.148799896
Penauta;16/05/2022 5:00;5.170100212
Penauta;16/05/2022 6:00;5.068699837
Penauta;16/05/2022 7:00;5.036699772
Penauta;16/05/2022 8:00;5.522200108
Penauta;16/05/2022 9:00;6.354499817
Penauta;16/05/2022 10:00;7.293799877
Penauta;16/05/2022 11:00;8.580400467
Penauta;16/05/2022 12:00;10.03849983
Penauta;16/05/2022 13:00;11.21930027
Penauta;16/05/2022 14:00;12.9993
Penauta;16/05/2022 15:00;13.07419968
Penauta;16/05/2022 16:00;12.92980003
Penauta;16/05/2022 17:00;12.43260002
Penauta;16/05/2022 18:00;12.27760029
Penauta;16/05/2022 19:00;11.6736002
Penauta;16/05/2022 20:00;10.87730026
Penauta;16/05/2022 21:00;10.14000034
Penauta;16/05/2022 22:00;9.33880043
Penauta;16/05/2022 23:00;8.740599632
Penauta;17/05/2022 0:00;8.094499588
Penauta;17/05/2022 1:00;7.448599815
Penauta;17/05/2022 2:00;6.952199936
Penauta;17/05/2022 3:00;6.786799908
Penauta;17/05/2022 4:00;6.765399933
Penauta;17/05/2022 5:00;6.263800144
Penauta;17/05/2022 6:00;5.868899822
Penauta;17/05/2022 7:00;5.826300144
Penauta;17/05/2022 8:00;6.840099812
Penauta;17/05/2022 9:00;7.608699799
Penauta;17/05/2022 10:00;8.041199684
Penauta;17/05/2022 11:00;9.007599831
Penauta;17/05/2022 12:00;10.58880043
Penauta;17/05/2022 13:00;12.0958004
Penauta;17/05/2022 14:00;13.92440033
Penauta;17/05/2022 15:00;14.87650013
Penauta;17/05/2022 16:00;14.99419975
Penauta;17/05/2022 17:00;14.22389984
Penauta;17/05/2022 18:00;13.66769981
Penauta;17/05/2022 19:00;12.56620026
Penauta;17/05/2022 20:00;12.04240036
Penauta;17/05/2022 21:00;10.63689995
Penauta;17/05/2022 22:00;9.573800087
Penauta;17/05/2022 23:00;8.7833004
Penauta;18/05/2022 0:00;8.222700119
Penauta;18/05/2022 1:00;7.795599937
Penauta;18/05/2022 2:00;7.523300171
Penauta;18/05/2022 3:00;7.528699875
Penauta;18/05/2022 4:00;7.656799793
Penauta;18/05/2022 5:00;7.715499878
Penauta;18/05/2022 6:00;7.747499943
Penauta;18/05/2022 7:00;7.704800129
Penauta;18/05/2022 8:00;8.030500412
Penauta;18/05/2022 9:00;9.563099861
Penauta;18/05/2022 10:00;12.24009991
Penauta;18/05/2022 11:00;14.43249989
Penauta;18/05/2022 12:00;15.13329983
Penauta;18/05/2022 13:00;15.59350014
Penauta;18/05/2022 14:00;15.11190033
Penauta;18/05/2022 15:00;14.72140026
Penauta;18/05/2022 16:00;14.88189983
Penauta;18/05/2022 17:00;14.26669979
Penauta;18/05/2022 18:00;13.92980003
Penauta;18/05/2022 19:00;13.28269958
Penauta;18/05/2022 20:00;12.16530037
Penauta;18/05/2022 21:00;10.99489975
Penauta;18/05/2022 22:00;10.11859989
Penauta;18/05/2022 23:00;9.413499832
Penauta;19/05/2022 0:00;8.79940033
Penauta;19/05/2022 1:00;8.292099953
Penauta;19/05/2022 2:00;7.896999836
Penauta;19/05/2022 3:00;7.501999855
Penauta;19/05/2022 4:00;7.160399914
Penauta;19/05/2022 5:00;6.877500057
Penauta;19/05/2022 6:00;6.626699924
Penauta;19/05/2022 7:00;6.717400074
Penauta;19/05/2022 8:00;8.382900238
Penauta;19/05/2022 9:00;10.51399994
Penauta;19/05/2022 10:00;12.91909981
Penauta;19/05/2022 11:00;15.11730003
Penauta;19/05/2022 12:00;16.84049988
Penauta;19/05/2022 13:00;17.27409935
Penauta;19/05/2022 14:00;18.12010002
Penauta;19/05/2022 15:00;18.30750084
Penauta;19/05/2022 16:00;18.21649933
Penauta;19/05/2022 17:00;17.51499939
Penauta;19/05/2022 18:00;16.61569977
Penauta;19/05/2022 19:00;15.43299961
Penauta;19/05/2022 20:00;14.28810024
Penauta;19/05/2022 21:00;12.96720028
Penauta;19/05/2022 22:00;11.98359966
Penauta;19/05/2022 23:00;11.46510029
Penauta;20/05/2022 0:00;10.94680023
Penauta;20/05/2022 1:00;10.54599953
Penauta;20/05/2022 2:00;10.18809986
Penauta;20/05/2022 3:00;9.862199783
Penauta;20/05/2022 4:00;9.584400177
Penauta;20/05/2022 5:00;9.322699547
Penauta;20/05/2022 6:00;8.911499977
Penauta;20/05/2022 7:00;8.847399712
Penauta;20/05/2022 8:00;10.35900021
Penauta;20/05/2022 9:00;12.84959984
Penauta;20/05/2022 10:00;15.22970009
Penauta;20/05/2022 11:00;17.15099907
Penauta;20/05/2022 12:00;18.60210037
Penauta;20/05/2022 13:00;20.05380058
Penauta;20/05/2022 14:00;21.01840019
Penauta;20/05/2022 15:00;21.38820076
Penauta;20/05/2022 16:00;21.16309929
Penauta;20/05/2022 17:00;20.55750084
Penauta;20/05/2022 18:00;19.61450005
Penauta;20/05/2022 19:00;18.54319954
Penauta;20/05/2022 20:00;17.23130035
Penauta;20/05/2022 21:00;15.66310024
Penauta;20/05/2022 22:00;14.42179966
Penauta;20/05/2022 23:00;13.54469967
Penauta;21/05/2022 0:00;12.82820034
Penauta;21/05/2022 1:00;12.25080013
Penauta;21/05/2022 2:00;12.02099991
Penauta;21/05/2022 3:00;11.57740021
Penauta;21/05/2022 4:00;11.19260025
Penauta;21/05/2022 5:00;10.83460045
Penauta;21/05/2022 6:00;10.48729992
Penauta;21/05/2022 7:00;10.61009979
Penauta;21/05/2022 8:00;11.72700024
Penauta;21/05/2022 9:00;13.89770031
Penauta;21/05/2022 10:00;16.56749916
Penauta;21/05/2022 11:00;17.39189911
Penauta;21/05/2022 12:00;17.45079994
Penauta;21/05/2022 13:00;17.80419922
Penauta;21/05/2022 14:00;17.75600052
Penauta;21/05/2022 15:00;18.22719955
Penauta;21/05/2022 16:00;18.82169914
Penauta;21/05/2022 17:00;18.67169952
Penauta;21/05/2022 18:00;17.46150017
Penauta;21/05/2022 19:00;16.28380013
Penauta;21/05/2022 20:00;15.15480042
Penauta;21/05/2022 21:00;14.0635004
Penauta;21/05/2022 22:00;13.27729988
Penauta;21/05/2022 23:00;12.41119957
Penauta;22/05/2022 0:00;11.47049999
Penauta;22/05/2022 1:00;10.81849957
Penauta;22/05/2022 2:00;10.28960037
Penauta;22/05/2022 3:00;10.01179981
Penauta;22/05/2022 4:00;9.814100266
Penauta;22/05/2022 5:00;9.504300117
Penauta;22/05/2022 6:00;9.263999939
Penauta;22/05/2022 7:00;9.397500038
Penauta;22/05/2022 8:00;9.835499763
Penauta;22/05/2022 9:00;10.52999973
Penauta;22/05/2022 10:00;13.35760021
Penauta;22/05/2022 11:00;15.16009998
Penauta;22/05/2022 12:00;16.43910027
Penauta;22/05/2022 13:00;16.35880089
Penauta;22/05/2022 14:00;16.00020027
Penauta;22/05/2022 15:00;15.09589958
Penauta;22/05/2022 16:00;13.49660015
Penauta;22/05/2022 17:00;12.83889961
Penauta;22/05/2022 18:00;12.48069954
Penauta;22/05/2022 19:00;11.64150047
Penauta;22/05/2022 20:00;10.86130047
Penauta;22/05/2022 21:00;10.12930012
Penauta;22/05/2022 22:00;9.685899734
Penauta;22/05/2022 23:00;9.397500038
Penauta;23/05/2022 0:00;9.173199654
Penauta;23/05/2022 1:00;8.954199791
Penauta;23/05/2022 2:00;8.804699898
Penauta;23/05/2022 3:00;8.612500191
Penauta;23/05/2022 4:00;8.420200348
Penauta;23/05/2022 5:00;8.206700325
Penauta;23/05/2022 6:00;7.875699997
Penauta;23/05/2022 7:00;7.827600002
Penauta;23/05/2022 8:00;8.724599838
Penauta;23/05/2022 9:00;9.071700096
Penauta;23/05/2022 10:00;10.54599953
Penauta;23/05/2022 11:00;13.92440033
Penauta;23/05/2022 12:00;13.46450043
Penauta;23/05/2022 13:00;14.56089973
Penauta;23/05/2022 14:00;15.67380047
Penauta;23/05/2022 15:00;14.70540047
Penauta;23/05/2022 16:00;13.73719978
Penauta;23/05/2022 17:00;12.74800014
Penauta;23/05/2022 18:00;11.85529995
Penauta;23/05/2022 19:00;10.7329998
Penauta;23/05/2022 20:00;9.675200462
Penauta;23/05/2022 21:00;8.297400475
Penauta;23/05/2022 22:00;7.630099773
Penauta;23/05/2022 23:00;7.171000004
Penauta;24/05/2022 0:00;6.653299809
Penauta;24/05/2022 1:00;6.20510006
Penauta;24/05/2022 2:00;5.74090004
Penauta;24/05/2022 3:00;5.015399933
Penauta;24/05/2022 4:00;4.546000004
Penauta;24/05/2022 5:00;3.991400003
Penauta;24/05/2022 6:00;3.703500032
Penauta;24/05/2022 7:00;3.831500053
Penauta;24/05/2022 8:00;3.943399906
Penauta;24/05/2022 9:00;4.114099979
Penauta;24/05/2022 10:00;4.380700111
Penauta;24/05/2022 11:00;4.642000198
Penauta;24/05/2022 12:00;5.74090004
Penauta;24/05/2022 13:00;7.688799858
Penauta;24/05/2022 14:00;8.74600029
Penauta;24/05/2022 15:00;8.612500191
Penauta;24/05/2022 16:00;8.804699898
Penauta;24/05/2022 17:00;8.019800186
Penauta;24/05/2022 18:00;7.160399914
Penauta;24/05/2022 19:00;6.354499817
Penauta;24/05/2022 20:00;5.751599789
Penauta;24/05/2022 21:00;5.127399921
Penauta;24/05/2022 22:00;4.711400032
Penauta;24/05/2022 23:00;4.407400131
Penauta;25/05/2022 0:00;4.06069994
Penauta;25/05/2022 1:00;3.826100111
Penauta;25/05/2022 2:00;3.634200096
Penauta;25/05/2022 3:00;3.458199978
Penauta;25/05/2022 4:00;3.356899977
Penauta;25/05/2022 5:00;3.244999886
Penauta;25/05/2022 6:00;3.197000027
Penauta;25/05/2022 7:00;3.223700047
Penauta;25/05/2022 8:00;3.554199934
Penauta;25/05/2022 9:00;4.396699905
Penauta;25/05/2022 10:00;5.602200031
Penauta;25/05/2022 11:00;7.816899776
Penauta;25/05/2022 12:00;11.1498003
Penauta;25/05/2022 13:00;13.5607996
Penauta;25/05/2022 14:00;14.83909988
Penauta;25/05/2022 15:00;15.52929974
Penauta;25/05/2022 16:00;15.44900036
Penauta;25/05/2022 17:00;14.88189983
Penauta;25/05/2022 18:00;13.95119953
Penauta;25/05/2022 19:00;12.90310001
Penauta;25/05/2022 20:00;11.43309975
Penauta;25/05/2022 21:00;9.985099792
Penauta;25/05/2022 22:00;8.836700439
Penauta;25/05/2022 23:00;8.057200432
Penauta;26/05/2022 0:00;7.437900066
Penauta;26/05/2022 1:00;6.984200001
Penauta;26/05/2022 2:00;6.594600201
Penauta;26/05/2022 3:00;6.295800209
Penauta;26/05/2022 4:00;6.045000076
Penauta;26/05/2022 5:00;5.831600189
Penauta;26/05/2022 6:00;5.655499935
Penauta;26/05/2022 7:00;5.842299938
Penauta;26/05/2022 8:00;7.539299965
Penauta;26/05/2022 9:00;10.14529991
Penauta;26/05/2022 10:00;13.11159992
Penauta;26/05/2022 11:00;15.86639977
Penauta;26/05/2022 12:00;18.1093998
Penauta;26/05/2022 13:00;19.44300079
Penauta;26/05/2022 14:00;20.30559921
Penauta;26/05/2022 15:00;20.55209923
Penauta;26/05/2022 16:00;19.99489975
Penauta;26/05/2022 17:00;18.99839973
Penauta;26/05/2022 18:00;17.83090019
Penauta;26/05/2022 19:00;16.42300034
Penauta;26/05/2022 20:00;14.87650013
Penauta;26/05/2022 21:00;13.23460007
Penauta;26/05/2022 22:00;11.74839973
Penauta;26/05/2022 23:00;10.65820026
Penauta;27/05/2022 0:00;9.760700226
Penauta;27/05/2022 1:00;9.03429985
Penauta;27/05/2022 2:00;8.644499779
Penauta;27/05/2022 3:00;8.270700455
Penauta;27/05/2022 4:00;7.870299816
Penauta;27/05/2022 5:00;7.555399895
Penauta;27/05/2022 6:00;7.405900002
Penauta;27/05/2022 7:00;7.518000126
Penauta;27/05/2022 8:00;9.183899879
Penauta;27/05/2022 9:00;11.97819996
Penauta;27/05/2022 10:00;14.86050034
Penauta;27/05/2022 11:00;17.34910011
Penauta;27/05/2022 12:00;19.45910072
Penauta;27/05/2022 13:00;20.78790092
Penauta;27/05/2022 14:00;21.75270081
Penauta;27/05/2022 15:00;22.22990036
Penauta;27/05/2022 16:00;22.02610016
Penauta;27/05/2022 17:00;21.05050087
Penauta;27/05/2022 18:00;19.76449966
Penauta;27/05/2022 19:00;18.31290054
Penauta;27/05/2022 20:00;16.70669937
Penauta;27/05/2022 21:00;14.99419975
Penauta;27/05/2022 22:00;13.4538002
Penauta;27/05/2022 23:00;12.25619984
Penauta;28/05/2022 0:00;11.25669956
Penauta;28/05/2022 1:00;10.48190022
Penauta;28/05/2022 2:00;9.888899803
Penauta;28/05/2022 3:00;9.418899536
Penauta;28/05/2022 4:00;8.975600243
Penauta;28/05/2022 5:00;8.436300278
Penauta;28/05/2022 6:00;8.03579998
Penauta;28/05/2022 7:00;8.025099754
Penauta;28/05/2022 8:00;9.899600029
Penauta;28/05/2022 9:00;12.36310005
Penauta;28/05/2022 10:00;15.42230034
Penauta;28/05/2022 11:00;18.34499931
Penauta;28/05/2022 12:00;20.17169952
Penauta;28/05/2022 13:00;21.39889908
Penauta;28/05/2022 14:00;21.99399948
Penauta;28/05/2022 15:00;22.13339996
Penauta;28/05/2022 16:00;21.76880074
Penauta;28/05/2022 17:00;20.1609993
Penauta;28/05/2022 18:00;19.23950005
Penauta;28/05/2022 19:00;18.1522007
Penauta;28/05/2022 20:00;16.70669937
Penauta;28/05/2022 21:00;15.29920006
Penauta;28/05/2022 22:00;13.9993
Penauta;28/05/2022 23:00;13.04209995
Penauta;29/05/2022 0:00;12.25619984
Penauta;29/05/2022 1:00;11.45979977
Penauta;29/05/2022 2:00;10.79179955
Penauta;29/05/2022 3:00;10.26819992
Penauta;29/05/2022 4:00;9.958399773
Penauta;29/05/2022 5:00;9.461600304
Penauta;29/05/2022 6:00;9.055700302
Penauta;29/05/2022 7:00;9.08769989
Penauta;29/05/2022 8:00;10.96809959
Penauta;29/05/2022 9:00;13.84420013
Penauta;29/05/2022 10:00;16.6692009
Penauta;29/05/2022 11:00;19.83950043
Penauta;29/05/2022 12:00;22.18700027
Penauta;29/05/2022 13:00;23.58659935
Penauta;29/05/2022 14:00;24.34300041
Penauta;29/05/2022 15:00;24.09079933
Penauta;29/05/2022 16:00;20.95409966
Penauta;29/05/2022 17:00;14.84980011
Penauta;29/05/2022 18:00;13.63560009
Penauta;29/05/2022 19:00;12.91380024
Penauta;29/05/2022 20:00;12.0958004
Penauta;29/05/2022 21:00;11.24069977
Penauta;29/05/2022 22:00;10.47119999
Penauta;29/05/2022 23:00;9.942299843
Penauta;30/05/2022 0:00;9.589799881
Penauta;30/05/2022 1:00;9.0770998
Penauta;30/05/2022 2:00;8.473600388
Penauta;30/05/2022 3:00;7.945099831
Penauta;30/05/2022 4:00;7.581999779
Penauta;30/05/2022 5:00;7.256400108
Penauta;30/05/2022 6:00;6.888199806
Penauta;30/05/2022 7:00;7.09100008
Penauta;30/05/2022 8:00;9.509699821
Penauta;30/05/2022 9:00;12.31499958
Penauta;30/05/2022 10:00;14.94069958
Penauta;30/05/2022 11:00;14.94610023
Penauta;30/05/2022 12:00;17.68099976
Penauta;30/05/2022 13:00;18.97699928
Penauta;30/05/2022 14:00;18.73060036
Penauta;30/05/2022 15:00;17.46680069
Penauta;30/05/2022 16:00;16.95829964
Penauta;30/05/2022 17:00;15.88780022
Penauta;30/05/2022 18:00;14.35229969
Penauta;30/05/2022 19:00;13.10620022
Penauta;30/05/2022 20:00;12.25080013
Penauta;30/05/2022 21:00;11.27270031
Penauta;30/05/2022 22:00;10.41779995
Penauta;30/05/2022 23:00;9.878199577
Penauta;31/05/2022 0:00;8.975600243
Penauta;31/05/2022 1:00;8.276100159
Penauta;31/05/2022 2:00;8.030500412
Penauta;31/05/2022 3:00;8.041199684
Penauta;31/05/2022 4:00;7.928999901
Penauta;31/05/2022 5:00;7.945099831
Penauta;31/05/2022 6:00;7.790200233
Penauta;31/05/2022 7:00;7.864999771
Penauta;31/05/2022 8:00;8.281399727
Penauta;31/05/2022 9:00;8.980899811
Penauta;31/05/2022 10:00;10.07590008
Penauta;31/05/2022 11:00;10.7329998
Penauta;31/05/2022 12:00;11.02159977
Penauta;31/05/2022 13:00;11.1498003
Penauta;31/05/2022 14:00;11.29409981
Penauta;31/05/2022 15:00;11.20860004
Penauta;31/05/2022 16:00;12.13860035
Penauta;31/05/2022 17:00;12.21339989
Penauta;31/05/2022 18:00;11.68420029
Penauta;31/05/2022 19:00;11.33689976
Penauta;31/05/2022 20:00;10.82919979
Penauta;31/05/2022 21:00;10.2201004
Penauta;31/05/2022 22:00;9.493599892
Penauta;31/05/2022 23:00;9.082400322
Penauta;01/06/2022 0:00;8.991600037
Penauta;01/06/2022 1:00;8.847399712
Penauta;01/06/2022 2:00;8.681900024
Penauta;01/06/2022 3:00;8.575099945
Penauta;01/06/2022 4:00;8.206700325
Penauta;01/06/2022 5:00;7.768899918
Penauta;01/06/2022 6:00;7.486000061
Penauta;01/06/2022 7:00;7.758200169
Penauta;01/06/2022 8:00;8.334799767
Penauta;01/06/2022 9:00;8.975600243
Penauta;01/06/2022 10:00;10.80780029
Penauta;01/06/2022 11:00;10.98419952
Penauta;01/06/2022 12:00;10.94680023
Penauta;01/06/2022 13:00;13.38430023
Penauta;01/06/2022 14:00;12.17599964
Penauta;01/06/2022 15:00;12.45930004
Penauta;01/06/2022 16:00;13.52869987
Penauta;01/06/2022 17:00;14.19180012
Penauta;01/06/2022 18:00;13.88700008
Penauta;01/06/2022 19:00;12.61970043
Penauta;01/06/2022 20:00;11.80720043
Penauta;01/06/2022 21:00;10.34300041
Penauta;01/06/2022 22:00;9.808799744
Penauta;01/06/2022 23:00;8.81000042
Penauta;02/06/2022 0:00;7.977099895
Penauta;02/06/2022 1:00;7.352499962
Penauta;02/06/2022 2:00;6.882800102
Penauta;02/06/2022 3:00;6.482600212
Penauta;02/06/2022 4:00;6.130400181
Penauta;02/06/2022 5:00;5.847599983
Penauta;02/06/2022 6:00;5.965000153
Penauta;02/06/2022 7:00;6.210400105
Penauta;02/06/2022 8:00;7.352499962
Penauta;02/06/2022 9:00;7.768899918
Penauta;02/06/2022 10:00;8.211999893
Penauta;02/06/2022 11:00;8.922200203
Penauta;02/06/2022 12:00;9.376099586
Penauta;02/06/2022 13:00;11.26200008
Penauta;02/06/2022 14:00;12.20810032
Penauta;02/06/2022 15:00;13.55539989
Penauta;02/06/2022 16:00;13.67310047
Penauta;02/06/2022 17:00;13.86559963
Penauta;02/06/2022 18:00;13.21850014
Penauta;02/06/2022 19:00;12.45930004
Penauta;02/06/2022 20:00;11.36359978
Penauta;02/06/2022 21:00;10.52470016
Penauta;02/06/2022 22:00;9.910300255
Penauta;02/06/2022 23:00;9.253299713
Penauta;03/06/2022 0:00;8.762000084
Penauta;03/06/2022 1:00;8.361499786
Penauta;03/06/2022 2:00;8.051799774
Penauta;03/06/2022 3:00;7.512700081
Penauta;03/06/2022 4:00;6.946899891
Penauta;03/06/2022 5:00;6.840099812
Penauta;03/06/2022 6:00;6.861499786
Penauta;03/06/2022 7:00;6.765399933
Penauta;03/06/2022 8:00;8.804699898
Penauta;03/06/2022 9:00;10.48729992
Penauta;03/06/2022 10:00;10.94680023
Penauta;03/06/2022 11:00;11.1552
Penauta;03/06/2022 12:00;14.52350044
Penauta;03/06/2022 13:00;15.30459976
Penauta;03/06/2022 14:00;15.67910004
Penauta;03/06/2022 15:00;15.82890034
Penauta;03/06/2022 16:00;14.36839962
Penauta;03/06/2022 17:00;13.88700008
Penauta;03/06/2022 18:00;12.78009987
Penauta;03/06/2022 19:00;13.46990013
Penauta;03/06/2022 20:00;12.35770035
Penauta;03/06/2022 21:00;11.24600029
Penauta;03/06/2022 22:00;10.28419971
Penauta;03/06/2022 23:00;9.178500175
Penauta;04/06/2022 0:00;8.350799561
Penauta;04/06/2022 1:00;7.731500149
Penauta;04/06/2022 2:00;7.229700089
Penauta;04/06/2022 3:00;6.824100018
Penauta;04/06/2022 4:00;6.690700054
Penauta;04/06/2022 5:00;6.637300014
Penauta;04/06/2022 6:00;6.349199772
Penauta;04/06/2022 7:00;6.834799767
Penauta;04/06/2022 8:00;7.363200188
Penauta;04/06/2022 9:00;9.899600029
Penauta;04/06/2022 10:00;8.441599846
Penauta;04/06/2022 11:00;7.464600086
Penauta;04/06/2022 12:00;11.82320023
Penauta;04/06/2022 13:00;15.17080021
Penauta;04/06/2022 14:00;13.72649956
Penauta;04/06/2022 15:00;13.79609966
Penauta;04/06/2022 16:00;13.29339981
Penauta;04/06/2022 17:00;11.23530006
Penauta;04/06/2022 18:00;7.459300041
Penauta;04/06/2022 19:00;5.772900105
Penauta;04/06/2022 20:00;5.356800079
Penauta;04/06/2022 21:00;5.260799885
Penauta;04/06/2022 22:00;5.026100159
Penauta;04/06/2022 23:00;4.935400009
Penauta;05/06/2022 0:00;4.796700001
Penauta;05/06/2022 1:00;4.647399902
Penauta;05/06/2022 2:00;4.508699894
Penauta;05/06/2022 3:00;4.359399796
Penauta;05/06/2022 4:00;4.279399872
Penauta;05/06/2022 5:00;4.204699993
Penauta;05/06/2022 6:00;4.119400024
Penauta;05/06/2022 7:00;4.46600008
Penauta;05/06/2022 8:00;7.069600105
Penauta;05/06/2022 9:00;9.178500175
Penauta;05/06/2022 10:00;12.50739956
Penauta;05/06/2022 11:00;15.91460037
Penauta;05/06/2022 12:00;18.12010002
Penauta;05/06/2022 13:00;19.04129982
Penauta;05/06/2022 14:00;19.02519989
Penauta;05/06/2022 15:00;17.91659927
Penauta;05/06/2022 16:00;18.49500084
Penauta;05/06/2022 17:00;17.71310043
Penauta;05/06/2022 18:00;16.59959984
Penauta;05/06/2022 19:00;15.14939976
Penauta;05/06/2022 20:00;13.49120045
Penauta;05/06/2022 21:00;11.94610023
Penauta;05/06/2022 22:00;10.64750004
Penauta;05/06/2022 23:00;9.600500107
Penauta;06/06/2022 0:00;9.05039978
Penauta;06/06/2022 1:00;8.863400459
Penauta;06/06/2022 2:00;8.697899818
Penauta;06/06/2022 3:00;8.564399719
Penauta;06/06/2022 4:00;8.398900032
Penauta;06/06/2022 5:00;8.196000099
Penauta;06/06/2022 6:00;7.977099895
Penauta;06/06/2022 7:00;7.993100166
Penauta;06/06/2022 8:00;8.318799973
Penauta;06/06/2022 9:00;8.932900429
Penauta;06/06/2022 10:00;10.60480022
Penauta;06/06/2022 11:00;13.49660015
Penauta;06/06/2022 12:00;13.37889957
Penauta;06/06/2022 13:00;13.89229965
Penauta;06/06/2022 14:00;14.71070004
Penauta;06/06/2022 15:00;14.81770039
Penauta;06/06/2022 16:00;15.23499966
Penauta;06/06/2022 17:00;14.70540047
Penauta;06/06/2022 18:00;14.80169964
Penauta;06/06/2022 19:00;13.83889961
Penauta;06/06/2022 20:00;12.63570023
Penauta;06/06/2022 21:00;11.39560032
Penauta;06/06/2022 22:00;10.27890015
Penauta;06/06/2022 23:00;9.317399979
Penauta;07/06/2022 0:00;8.436300278
Penauta;07/06/2022 1:00;7.710199833
Penauta;07/06/2022 2:00;6.978899956
Penauta;07/06/2022 3:00;6.343800068
Penauta;07/06/2022 4:00;5.756899834
Penauta;07/06/2022 5:00;5.314099789
Penauta;07/06/2022 6:00;5.036699772
Penauta;07/06/2022 7:00;5.372799873
Penauta;07/06/2022 8:00;7.373899937
Penauta;07/06/2022 9:00;10.73840046
Penauta;07/06/2022 10:00;14.15979958
Penauta;07/06/2022 11:00;17.02249908
Penauta;07/06/2022 12:00;18.47890091
Penauta;07/06/2022 13:00;17.93799973
Penauta;07/06/2022 14:00;17.42399979
Penauta;07/06/2022 15:00;16.6692009
Penauta;07/06/2022 16:00;17.1189003
Penauta;07/06/2022 17:00;17.40800095
Penauta;07/06/2022 18:00;16.90469933
Penauta;07/06/2022 19:00;15.96809959
Penauta;07/06/2022 20:00;14.48069954
Penauta;07/06/2022 21:00;13.15439987
Penauta;07/06/2022 22:00;12.10649967
Penauta;07/06/2022 23:00;11.31550026
Penauta;08/06/2022 0:00;11.04290009
Penauta;08/06/2022 1:00;10.73840046
Penauta;08/06/2022 2:00;10.30029964
Penauta;08/06/2022 3:00;9.931699753
Penauta;08/06/2022 4:00;9.605799675
Penauta;08/06/2022 5:00;9.520400047
Penauta;08/06/2022 6:00;9.477600098
Penauta;08/06/2022 7:00;9.541700363
Penauta;08/06/2022 8:00;9.883600235
Penauta;08/06/2022 9:00;10.56210041
Penauta;08/06/2022 10:00;10.79179955
Penauta;08/06/2022 11:00;11.49180031
Penauta;08/06/2022 12:00;12.13319969
Penauta;08/06/2022 13:00;12.84959984
Penauta;08/06/2022 14:00;13.88700008
Penauta;08/06/2022 15:00;14.44859982
Penauta;08/06/2022 16:00;14.93540001
Penauta;08/06/2022 17:00;15.21360016
Penauta;08/06/2022 18:00;14.75889969
Penauta;08/06/2022 19:00;13.64630032
Penauta;08/06/2022 20:00;12.86559963
Penauta;08/06/2022 21:00;11.72169971
Penauta;08/06/2022 22:00;10.5941
Penauta;08/06/2022 23:00;9.824799538
Penauta;09/06/2022 0:00;9.135800362
Penauta;09/06/2022 1:00;8.500300407
Penauta;09/06/2022 2:00;7.832900047
Penauta;09/06/2022 3:00;7.283100128
Penauta;09/06/2022 4:00;6.866799831
Penauta;09/06/2022 5:00;6.5145998
Penauta;09/06/2022 6:00;6.413199902
Penauta;09/06/2022 7:00;6.765399933
Penauta;09/06/2022 8:00;9.547100067
Penauta;09/06/2022 9:00;12.57689953
Penauta;09/06/2022 10:00;15.50249958
Penauta;09/06/2022 11:00;17.99160004
Penauta;09/06/2022 12:00;19.83950043
Penauta;09/06/2022 13:00;20.49850082
Penauta;09/06/2022 14:00;20.68610001
Penauta;09/06/2022 15:00;20.96479988
Penauta;09/06/2022 16:00;20.42889977
Penauta;09/06/2022 17:00;19.94129944
Penauta;09/06/2022 18:00;19.23410034
Penauta;09/06/2022 19:00;18.34499931
Penauta;09/06/2022 20:00;17.27409935
Penauta;09/06/2022 21:00;16.03230095
Penauta;09/06/2022 22:00;14.66790009
Penauta;09/06/2022 23:00;13.68379974
Penauta;10/06/2022 0:00;12.95650005
Penauta;10/06/2022 1:00;12.30959988
Penauta;10/06/2022 2:00;11.69489956
Penauta;10/06/2022 3:00;11.18719959
Penauta;10/06/2022 4:00;10.90400028
Penauta;10/06/2022 5:00;10.79179955
Penauta;10/06/2022 6:00;10.66359997
Penauta;10/06/2022 7:00;10.72229958
Penauta;10/06/2022 8:00;12.72659969
Penauta;10/06/2022 9:00;15.22430038
Penauta;10/06/2022 10:00;18.30750084
Penauta;10/06/2022 11:00;20.55750084
Penauta;10/06/2022 12:00;21.6079998
Penauta;10/06/2022 13:00;22.71780014
Penauta;10/06/2022 14:00;22.57299995
Penauta;10/06/2022 15:00;23.0503006
Penauta;10/06/2022 16:00;21.47400093
Penauta;10/06/2022 17:00;19.96809959
Penauta;10/06/2022 18:00;18.8859005
Penauta;10/06/2022 19:00;18.1093998
Penauta;10/06/2022 20:00;17.07069969
Penauta;10/06/2022 21:00;16.17679977
Penauta;10/06/2022 22:00;14.94610023
Penauta;10/06/2022 23:00;14.19719982
Penauta;11/06/2022 0:00;13.33080006
Penauta;11/06/2022 1:00;12.78540039
Penauta;11/06/2022 2:00;12.36310005
Penauta;11/06/2022 3:00;11.95680046
Penauta;11/06/2022 4:00;11.71630001
Penauta;11/06/2022 5:00;11.47579956
Penauta;11/06/2022 6:00;10.90939999
Penauta;11/06/2022 7:00;10.82919979
Penauta;11/06/2022 8:00;11.08040047
Penauta;11/06/2022 9:00;10.82919979
Penauta;11/06/2022 10:00;10.91469955
Penauta;11/06/2022 11:00;11.52929974
Penauta;11/06/2022 12:00;11.98359966
Penauta;11/06/2022 13:00;12.56089973
Penauta;11/06/2022 14:00;16.34810066
Penauta;11/06/2022 15:00;19.00909996
Penauta;11/06/2022 16:00;19.08950043
Penauta;11/06/2022 17:00;19.13229942
Penauta;11/06/2022 18:00;18.91270065
Penauta;11/06/2022 19:00;18.1522007
Penauta;11/06/2022 20:00;17.07600021
Penauta;11/06/2022 21:00;15.55070019
Penauta;11/06/2022 22:00;14.49670029
Penauta;11/06/2022 23:00;13.77999973
Penauta;12/06/2022 0:00;12.9993
Penauta;12/06/2022 1:00;12.25619984
Penauta;12/06/2022 2:00;12.02630043
Penauta;12/06/2022 3:00;11.68420029
Penauta;12/06/2022 4:00;11.32079983
Penauta;12/06/2022 5:00;11.00020027
Penauta;12/06/2022 6:00;10.62619972
Penauta;12/06/2022 7:00;10.9520998
Penauta;12/06/2022 8:00;11.22999954
Penauta;12/06/2022 9:00;12.54489994
Penauta;12/06/2022 10:00;14.68929958
Penauta;12/06/2022 11:00;16.54070091
Penauta;12/06/2022 12:00;18.16290092
Penauta;12/06/2022 13:00;19.56620026
Penauta;12/06/2022 14:00;20.15559959
Penauta;12/06/2022 15:00;21.1685009
Penauta;12/06/2022 16:00;21.40430069
Penauta;12/06/2022 17:00;21.74740028
Penauta;12/06/2022 18:00;20.42889977
Penauta;12/06/2022 19:00;18.86989975
Penauta;12/06/2022 20:00;17.80949974
Penauta;12/06/2022 21:00;16.53000069
Penauta;12/06/2022 22:00;15.22970009
Penauta;12/06/2022 23:00;14.37909985
Penauta;13/06/2022 0:00;13.79069996
Penauta;13/06/2022 1:00;13.38430023
Penauta;13/06/2022 2:00;12.97789955
Penauta;13/06/2022 3:00;12.56620026
Penauta;13/06/2022 4:00;12.26690006
Penauta;13/06/2022 5:00;11.99960041
Penauta;13/06/2022 6:00;11.69489956
Penauta;13/06/2022 7:00;11.82320023
Penauta;13/06/2022 8:00;13.3895998
Penauta;13/06/2022 9:00;15.58810043
Penauta;13/06/2022 10:00;18.22179985
Penauta;13/06/2022 11:00;20.06450081
Penauta;13/06/2022 12:00;22.02079964
Penauta;13/06/2022 13:00;23.45789909
Penauta;13/06/2022 14:00;24.40200043
Penauta;13/06/2022 15:00;24.60589981
Penauta;13/06/2022 16:00;24.01040077
Penauta;13/06/2022 17:00;23.49539948
Penauta;13/06/2022 18:00;22.50329971
Penauta;13/06/2022 19:00;21.27029991
Penauta;13/06/2022 20:00;19.84480095
Penauta;13/06/2022 21:00;18.37179947
Penauta;13/06/2022 22:00;17.04929924
Penauta;13/06/2022 23:00;16.06439972
Penauta;14/06/2022 0:00;15.32059956
Penauta;14/06/2022 1:00;14.68929958
Penauta;14/06/2022 2:00;14.1704998
Penauta;14/06/2022 3:00;13.66240025
Penauta;14/06/2022 4:00;13.19180012
Penauta;14/06/2022 5:00;12.82820034
Penauta;14/06/2022 6:00;12.60900021
Penauta;14/06/2022 7:00;12.7105999
Penauta;14/06/2022 8:00;13.84420013
Penauta;14/06/2022 9:00;15.8611002
Penauta;14/06/2022 10:00;18.21109962
Penauta;14/06/2022 11:00;20.24130058
Penauta;14/06/2022 12:00;22.4496994
Penauta;14/06/2022 13:00;23.79039955
Penauta;14/06/2022 14:00;24.04249954
Penauta;14/06/2022 15:00;24.55760002
Penauta;14/06/2022 16:00;24.36440086
Penauta;14/06/2022 17:00;23.59199905
Penauta;14/06/2022 18:00;21.84390068
Penauta;14/06/2022 19:00;20.39669991
Penauta;14/06/2022 20:00;18.84840012
Penauta;14/06/2022 21:00;17.6541996
Penauta;14/06/2022 22:00;16.41230011
Penauta;14/06/2022 23:00;15.41689968
Penauta;15/06/2022 0:00;14.58230019
Penauta;15/06/2022 1:00;13.79069996
Penauta;15/06/2022 2:00;13.21319962
Penauta;15/06/2022 3:00;12.84959984
Penauta;15/06/2022 4:00;12.54489994
Penauta;15/06/2022 5:00;12.22949982
Penauta;15/06/2022 6:00;12.02099991
Penauta;15/06/2022 7:00;12.36310005
Penauta;15/06/2022 8:00;13.65170002
Penauta;15/06/2022 9:00;16.0590992
Penauta;15/06/2022 10:00;18.98769951
Penauta;15/06/2022 11:00;20.87369919
Penauta;15/06/2022 12:00;22.20840073
Penauta;15/06/2022 13:00;22.95369911
Penauta;15/06/2022 14:00;23.55439949
Penauta;15/06/2022 15:00;24.38050079
Penauta;15/06/2022 16:00;24.18740082
Penauta;15/06/2022 17:00;23.91379929
Penauta;15/06/2022 18:00;22.83040047
Penauta;15/06/2022 19:00;21.37210083
Penauta;15/06/2022 20:00;20.09129906
Penauta;15/06/2022 21:00;18.74130058
Penauta;15/06/2022 22:00;17.27409935
Penauta;15/06/2022 23:00;16.12330055
Penauta;16/06/2022 0:00;15.20289993
Penauta;16/06/2022 1:00;14.50739956
Penauta;16/06/2022 2:00;13.34150028
Penauta;16/06/2022 3:00;12.78540039
Penauta;16/06/2022 4:00;12.29889965
Penauta;16/06/2022 5:00;11.93010044
Penauta;16/06/2022 6:00;11.79109955
Penauta;16/06/2022 7:00;11.8125
Penauta;16/06/2022 8:00;12.72130013
Penauta;16/06/2022 9:00;14.86050034
Penauta;16/06/2022 10:00;16.8029995
Penauta;16/06/2022 11:00;18.71450043
Penauta;16/06/2022 12:00;20.58959961
Penauta;16/06/2022 13:00;22.1012001
Penauta;16/06/2022 14:00;22.75530052
Penauta;16/06/2022 15:00;22.41220093
Penauta;16/06/2022 16:00;22.70709991
Penauta;16/06/2022 17:00;21.6026001
Penauta;16/06/2022 18:00;21.66160011
Penauta;16/06/2022 19:00;21.01300049
Penauta;16/06/2022 20:00;19.75379944
Penauta;16/06/2022 21:00;18.28610039
Penauta;16/06/2022 22:00;17.17770004
Penauta;16/06/2022 23:00;15.20829964
Penauta;17/06/2022 0:00;14.18109989
Penauta;17/06/2022 1:00;13.4538002
Penauta;17/06/2022 2:00;12.9993
Penauta;17/06/2022 3:00;12.63570023
Penauta;17/06/2022 4:00;12.38449955
Penauta;17/06/2022 5:00;12.24009991
Penauta;17/06/2022 6:00;12.18669987
Penauta;17/06/2022 7:00;12.42720032
Penauta;17/06/2022 8:00;13.79609966
Penauta;17/06/2022 9:00;15.60960007
Penauta;17/06/2022 10:00;18.18969917
Penauta;17/06/2022 11:00;19.61450005
Penauta;17/06/2022 12:00;20.81469917
Penauta;17/06/2022 13:00;20.70750046
Penauta;17/06/2022 14:00;22.63199997
Penauta;17/06/2022 15:00;23.39349937
Penauta;17/06/2022 16:00;22.45509911
Penauta;17/06/2022 17:00;22.0958004
Penauta;17/06/2022 18:00;21.55439949
Penauta;17/06/2022 19:00;19.21269989
Penauta;17/06/2022 20:00;17.22590065
Penauta;17/06/2022 21:00;15.62559986
Penauta;17/06/2022 22:00;14.66259956
Penauta;17/06/2022 23:00;14.14369965
Penauta;18/06/2022 0:00;13.68379974
Penauta;18/06/2022 1:00;13.26130009
Penauta;18/06/2022 2:00;13.00459957
Penauta;18/06/2022 3:00;12.81750011
Penauta;18/06/2022 4:00;12.66250038
Penauta;18/06/2022 5:00;12.58759975
Penauta;18/06/2022 6:00;12.50209999
Penauta;18/06/2022 7:00;12.57689953
Penauta;18/06/2022 8:00;13.58220005
Penauta;18/06/2022 9:00;14.81770039
Penauta;18/06/2022 10:00;16.1928997
Penauta;18/06/2022 11:00;18.04509926
Penauta;18/06/2022 12:00;18.11470032
Penauta;18/06/2022 13:00;16.30520058
Penauta;18/06/2022 14:00;16.16069984
Penauta;18/06/2022 15:00;17.05459976
Penauta;18/06/2022 16:00;17.90589905
Penauta;18/06/2022 17:00;17.12960052
Penauta;18/06/2022 18:00;15.60420036
Penauta;18/06/2022 19:00;15.34200001
Penauta;18/06/2022 20:00;14.66790009
Penauta;18/06/2022 21:00;13.65170002
Penauta;18/06/2022 22:00;13.25059986
Penauta;18/06/2022 23:00;12.88700008
Penauta;19/06/2022 0:00;12.25080013
Penauta;19/06/2022 1:00;11.1498003
Penauta;19/06/2022 2:00;10.41779995
Penauta;19/06/2022 3:00;9.915599823
Penauta;19/06/2022 4:00;9.10379982
Penauta;19/06/2022 5:00;8.596400261
Penauta;19/06/2022 6:00;8.292099953
Penauta;19/06/2022 7:00;8.414899826
Penauta;19/06/2022 8:00;8.623100281
Penauta;19/06/2022 9:00;9.312000275
Penauta;19/06/2022 10:00;10.20940018
Penauta;19/06/2022 11:00;11.62010002
Penauta;19/06/2022 12:00;11.8178997
Penauta;19/06/2022 13:00;12.69989967
Penauta;19/06/2022 14:00;12.43260002
Penauta;19/06/2022 15:00;13.37889957
Penauta;19/06/2022 16:00;14.15439987
Penauta;19/06/2022 17:00;13.94050026
Penauta;19/06/2022 18:00;13.76930046
Penauta;19/06/2022 19:00;13.06879997
Penauta;19/06/2022 20:00;12.0156002
Penauta;19/06/2022 21:00;10.98419952
Penauta;19/06/2022 22:00;9.953000069
Penauta;19/06/2022 23:00;9.290699959
Penauta;20/06/2022 0:00;8.842100143
Penauta;20/06/2022 1:00;8.233400345
Penauta;20/06/2022 2:00;7.800899982
Penauta;20/06/2022 3:00;7.523300171
Penauta;20/06/2022 4:00;7.138999939
Penauta;20/06/2022 5:00;6.781400204
Penauta;20/06/2022 6:00;6.856100082
Penauta;20/06/2022 7:00;7.288499832
Penauta;20/06/2022 8:00;8.308099747
Penauta;20/06/2022 9:00;8.436300278
Penauta;20/06/2022 10:00;9.466899872
Penauta;20/06/2022 11:00;11.52929974
Penauta;20/06/2022 12:00;10.96280003
Penauta;20/06/2022 13:00;11.18190002
Penauta;20/06/2022 14:00;12.95119953
Penauta;20/06/2022 15:00;12.84959984
Penauta;20/06/2022 16:00;13.94579983
Penauta;20/06/2022 17:00;14.36839962
Penauta;20/06/2022 18:00;14.23460007
Penauta;20/06/2022 19:00;13.26669979
Penauta;20/06/2022 20:00;12.29889965
Penauta;20/06/2022 21:00;11.28880024
Penauta;20/06/2022 22:00;10.58880043
Penauta;20/06/2022 23:00;9.707300186
Penauta;21/06/2022 0:00;8.911499977
Penauta;21/06/2022 1:00;8.532400131
Penauta;21/06/2022 2:00;7.939700127
Penauta;21/06/2022 3:00;7.646100044
Penauta;21/06/2022 4:00;7.672800064
Penauta;21/06/2022 5:00;7.544700146
Penauta;21/06/2022 6:00;7.437900066
Penauta;21/06/2022 7:00;7.427199841
Penauta;21/06/2022 8:00;7.950399876
Penauta;21/06/2022 9:00;8.69260025
Penauta;21/06/2022 10:00;9.173199654
Penauta;21/06/2022 11:00;9.627200127
Penauta;21/06/2022 12:00;10.2201004
Penauta;21/06/2022 13:00;9.79279995
Penauta;21/06/2022 14:00;10.20940018
Penauta;21/06/2022 15:00;11.74839973
Penauta;21/06/2022 16:00;10.78110027
Penauta;21/06/2022 17:00;10.72770023
Penauta;21/06/2022 18:00;10.9307003
Penauta;21/06/2022 19:00;10.90939999
Penauta;21/06/2022 20:00;10.12930012
Penauta;21/06/2022 21:00;9.418899536
Penauta;21/06/2022 22:00;9.007599831
Penauta;21/06/2022 23:00;8.708600044
Penauta;22/06/2022 0:00;8.297400475
Penauta;22/06/2022 1:00;7.656799793
Penauta;22/06/2022 2:00;7.1177001
Penauta;22/06/2022 3:00;6.562600136
Penauta;22/06/2022 4:00;6.370500088
Penauta;22/06/2022 5:00;6.05039978
Penauta;22/06/2022 6:00;5.847599983
Penauta;22/06/2022 7:00;5.746200085
Penauta;22/06/2022 8:00;7.870299816
Penauta;22/06/2022 9:00;9.579099655
Penauta;22/06/2022 10:00;11.35820007
Penauta;22/06/2022 11:00;13.0795002
Penauta;22/06/2022 12:00;13.78540039
Penauta;22/06/2022 13:00;13.61419964
Penauta;22/06/2022 14:00;13.20250034
Penauta;22/06/2022 15:00;13.90839958
Penauta;22/06/2022 16:00;13.23460007
Penauta;22/06/2022 17:00;14.32559967
Penauta;22/06/2022 18:00;13.59819984
Penauta;22/06/2022 19:00;13.03139973
Penauta;22/06/2022 20:00;12.11190033
Penauta;22/06/2022 21:00;10.86660004
Penauta;22/06/2022 22:00;10.15069962
Penauta;22/06/2022 23:00;9.856900215
Penauta;23/06/2022 0:00;9.381500244
Penauta;23/06/2022 1:00;9.08769989
Penauta;23/06/2022 2:00;8.852800369
Penauta;23/06/2022 3:00;8.655200005
Penauta;23/06/2022 4:00;8.441599846
Penauta;23/06/2022 5:00;8.078499794
Penauta;23/06/2022 6:00;7.768899918
Penauta;23/06/2022 7:00;7.608699799
Penauta;23/06/2022 8:00;7.881000042
Penauta;23/06/2022 9:00;9.082400322
Penauta;23/06/2022 10:00;12.79609966
Penauta;23/06/2022 11:00;12.86030006
Penauta;23/06/2022 12:00;13.88160038
Penauta;23/06/2022 13:00;15.77009964
Penauta;23/06/2022 14:00;14.97280025
Penauta;23/06/2022 15:00;15.33129978
Penauta;23/06/2022 16:00;14.39509964
Penauta;23/06/2022 17:00;12.66250038
Penauta;23/06/2022 18:00;11.16049957
Penauta;23/06/2022 19:00;11.18190002
Penauta;23/06/2022 20:00;10.57269955
Penauta;23/06/2022 21:00;9.520400047
Penauta;23/06/2022 22:00;8.874099731
Penauta;23/06/2022 23:00;8.372200012
Penauta;24/06/2022 0:00;7.977099895
Penauta;24/06/2022 1:00;7.555399895
Penauta;24/06/2022 2:00;7.144299984
Penauta;24/06/2022 3:00;6.711999893
Penauta;24/06/2022 4:00;6.749400139
Penauta;24/06/2022 5:00;6.642700195
Penauta;24/06/2022 6:00;6.498600006
Penauta;24/06/2022 7:00;6.557300091
Penauta;24/06/2022 8:00;8.227999687
Penauta;24/06/2022 9:00;11.44909954
Penauta;24/06/2022 10:00;13.77999973
Penauta;24/06/2022 11:00;16.30520058
Penauta;24/06/2022 12:00;18.63419914
Penauta;24/06/2022 13:00;19.45369911
Penauta;24/06/2022 14:00;19.61980057
Penauta;24/06/2022 15:00;18.32889938
Penauta;24/06/2022 16:00;16.65850067
Penauta;24/06/2022 17:00;15.79679966
Penauta;24/06/2022 18:00;14.43789959
Penauta;24/06/2022 19:00;13.21850014
Penauta;24/06/2022 20:00;12.18669987
Penauta;24/06/2022 21:00;11.25139999
Penauta;24/06/2022 22:00;10.32159996
Penauta;24/06/2022 23:00;9.728699684
Penauta;25/06/2022 0:00;9.258600235
Penauta;25/06/2022 1:00;8.820699692
Penauta;25/06/2022 2:00;8.548399925
Penauta;25/06/2022 3:00;8.302800179
Penauta;25/06/2022 4:00;8.211999893
Penauta;25/06/2022 5:00;7.998400211
Penauta;25/06/2022 6:00;7.598100185
Penauta;25/06/2022 7:00;7.475299835
Penauta;25/06/2022 8:00;8.211999893
Penauta;25/06/2022 9:00;11.20860004
Penauta;25/06/2022 10:00;14.39509964
Penauta;25/06/2022 11:00;17.28479958
Penauta;25/06/2022 12:00;19.33589935
Penauta;25/06/2022 13:00;20.73970032
Penauta;25/06/2022 14:00;21.40970039
Penauta;25/06/2022 15:00;21.67230034
Penauta;25/06/2022 16:00;20.58429909
Penauta;25/06/2022 17:00;19.67340088
Penauta;25/06/2022 18:00;17.8845005
Penauta;25/06/2022 19:00;16.30520058
Penauta;25/06/2022 20:00;14.32559967
Penauta;25/06/2022 21:00;12.61970043
Penauta;25/06/2022 22:00;11.03759956
Penauta;25/06/2022 23:00;9.835499763
Penauta;26/06/2022 0:00;8.836700439
Penauta;26/06/2022 1:00;8.00909996
Penauta;26/06/2022 2:00;7.432600021
Penauta;26/06/2022 3:00;6.749400139
Penauta;26/06/2022 4:00;6.071700096
Penauta;26/06/2022 5:00;5.580900192
Penauta;26/06/2022 6:00;5.463500023
Penauta;26/06/2022 7:00;5.879600048
Penauta;26/06/2022 8:00;6.57859993
Penauta;26/06/2022 9:00;7.58739996
Penauta;26/06/2022 10:00;8.74600029
Penauta;26/06/2022 11:00;12.87100029
Penauta;26/06/2022 12:00;17.76129913
Penauta;26/06/2022 13:00;15.40089989
Penauta;26/06/2022 14:00;14.60369968
Penauta;26/06/2022 15:00;14.24530029
Penauta;26/06/2022 16:00;15.36880016
Penauta;26/06/2022 17:00;15.65240002
Penauta;26/06/2022 18:00;15.04769993
Penauta;26/06/2022 19:00;13.72119999
Penauta;26/06/2022 20:00;12.47000027
Penauta;26/06/2022 21:00;11.1552
Penauta;26/06/2022 22:00;9.990400314
Penauta;26/06/2022 23:00;9.16779995
Penauta;27/06/2022 0:00;8.564399719
Penauta;27/06/2022 1:00;8.0625
Penauta;27/06/2022 2:00;7.646100044
Penauta;27/06/2022 3:00;7.320499897
Penauta;27/06/2022 4:00;6.733399868
Penauta;27/06/2022 5:00;6.066400051
Penauta;27/06/2022 6:00;5.538199902
Penauta;27/06/2022 7:00;5.575500011
Penauta;27/06/2022 8:00;8.51099968
Penauta;27/06/2022 9:00;11.6093998
Penauta;27/06/2022 10:00;13.69979954
Penauta;27/06/2022 11:00;14.35229969
Penauta;27/06/2022 12:00;16.38019943
Penauta;27/06/2022 13:00;17.50970078
Penauta;27/06/2022 14:00;17.78269958
Penauta;27/06/2022 15:00;18.37709999
Penauta;27/06/2022 16:00;17.16699982
Penauta;27/06/2022 17:00;16.70669937
Penauta;27/06/2022 18:00;15.86639977
Penauta;27/06/2022 19:00;15.51860046
Penauta;27/06/2022 20:00;14.40579987
Penauta;27/06/2022 21:00;13.0795002
Penauta;27/06/2022 22:00;11.76980019
Penauta;27/06/2022 23:00;10.77040005
Penauta;28/06/2022 0:00;10.26290035
Penauta;28/06/2022 1:00;9.953000069
Penauta;28/06/2022 2:00;9.461600304
Penauta;28/06/2022 3:00;8.671199799
Penauta;28/06/2022 4:00;8.078499794
Penauta;28/06/2022 5:00;7.662099838
Penauta;28/06/2022 6:00;7.320499897
Penauta;28/06/2022 7:00;7.336500168
Penauta;28/06/2022 8:00;9.691300392
Penauta;28/06/2022 9:00;12.88169956
Penauta;28/06/2022 10:00;16.2730999
Penauta;28/06/2022 11:00;19.20199966
Penauta;28/06/2022 12:00;21.40430069
Penauta;28/06/2022 13:00;22.51399994
Penauta;28/06/2022 14:00;23.24869919
Penauta;28/06/2022 15:00;23.3076992
Penauta;28/06/2022 16:00;23.42029953
Penauta;28/06/2022 17:00;22.6480999
Penauta;28/06/2022 18:00;21.42569923
Penauta;28/06/2022 19:00;20.13949966
Penauta;28/06/2022 20:00;18.3397007
Penauta;28/06/2022 21:00;16.53000069
Penauta;28/06/2022 22:00;14.68929958
Penauta;28/06/2022 23:00;13.1008997
Penauta;29/06/2022 0:00;11.99960041
Penauta;29/06/2022 1:00;11.18190002
Penauta;29/06/2022 2:00;10.57269955
Penauta;29/06/2022 3:00;10.01179981
Penauta;29/06/2022 4:00;9.509699821
Penauta;29/06/2022 5:00;9.13049984
Penauta;29/06/2022 6:00;8.585800171
Penauta;29/06/2022 7:00;8.527000427
Penauta;29/06/2022 8:00;11.06429958
Penauta;29/06/2022 9:00;14.45390034
Penauta;29/06/2022 10:00;15.18690014
Penauta;29/06/2022 11:00;16.46050072
Penauta;29/06/2022 12:00;15.35270023
Penauta;29/06/2022 13:00;16.43910027
Penauta;29/06/2022 14:00;14.98349953
Penauta;29/06/2022 15:00;15.97340012
Penauta;29/06/2022 16:00;17.00110054
Penauta;29/06/2022 17:00;17.73460007
Penauta;29/06/2022 18:00;16.62639999
Penauta;29/06/2022 19:00;15.25640011
Penauta;29/06/2022 20:00;13.74260044
Penauta;29/06/2022 21:00;12.38980007
Penauta;29/06/2022 22:00;11.29950047
Penauta;29/06/2022 23:00;10.39109993
Penauta;30/06/2022 0:00;9.707300186
Penauta;30/06/2022 1:00;9.135800362
Penauta;30/06/2022 2:00;8.543000221
Penauta;30/06/2022 3:00;8.03579998
Penauta;30/06/2022 4:00;7.752900124
Penauta;30/06/2022 5:00;7.416600227
Penauta;30/06/2022 6:00;7.048299789
Penauta;30/06/2022 7:00;6.962900162
Penauta;30/06/2022 8:00;7.395199776
Penauta;30/06/2022 9:00;9.76609993
Penauta;30/06/2022 10:00;13.95119953
Penauta;30/06/2022 11:00;17.52569962
Penauta;30/06/2022 12:00;18.90740013
Penauta;30/06/2022 13:00;20.60569954
Penauta;30/06/2022 14:00;20.90579987
Penauta;30/06/2022 15:00;20.59499931
Penauta;30/06/2022 16:00;19.73769951
Penauta;30/06/2022 17:00;19.41620064
Penauta;30/06/2022 18:00;18.33429909
Penauta;30/06/2022 19:00;17.00110054
Penauta;30/06/2022 20:00;15.43299961
Penauta;30/06/2022 21:00;13.57680035
Penauta;30/06/2022 22:00;11.80720043
Penauta;30/06/2022 23:00;10.43379974
Penauta;01/07/2022 0:00;9.279999733
Penauta;01/07/2022 1:00;8.45759964
Penauta;01/07/2022 2:00;7.795599937
Penauta;01/07/2022 3:00;7.235099792
Penauta;01/07/2022 4:00;6.856100082
Penauta;01/07/2022 5:00;6.535900116
Penauta;01/07/2022 6:00;6.317200184
Penauta;01/07/2022 7:00;6.562600136
Penauta;01/07/2022 8:00;9.637900352
Penauta;01/07/2022 9:00;13.28800011
Penauta;01/07/2022 10:00;16.87260056
Penauta;01/07/2022 11:00;19.55019951
Penauta;01/07/2022 12:00;21.85460091
Penauta;01/07/2022 13:00;23.62409973
Penauta;01/07/2022 14:00;24.60589981
Penauta;01/07/2022 15:00;24.65410042
Penauta;01/07/2022 16:00;24.35910034
Penauta;01/07/2022 17:00;23.83869934
Penauta;01/07/2022 18:00;22.78210068
Penauta;01/07/2022 19:00;21.24349976
Penauta;01/07/2022 20:00;19.40550041
Penauta;01/07/2022 21:00;17.52569962
Penauta;01/07/2022 22:00;15.66310024
Penauta;01/07/2022 23:00;14.35229969
Penauta;02/07/2022 0:00;13.23460007
Penauta;02/07/2022 1:00;12.32569981
Penauta;02/07/2022 2:00;11.6093998
Penauta;02/07/2022 3:00;11.01620007
Penauta;02/07/2022 4:00;10.61009979
Penauta;02/07/2022 5:00;10.18809986
Penauta;02/07/2022 6:00;9.920999527
Penauta;02/07/2022 7:00;9.958399773
Penauta;02/07/2022 8:00;12.35770035
Penauta;02/07/2022 9:00;15.67380047
Penauta;02/07/2022 10:00;19.0734005
Penauta;02/07/2022 11:00;22.18700027
Penauta;02/07/2022 12:00;24.6487999
Penauta;02/07/2022 13:00;26.24270058
Penauta;02/07/2022 14:00;26.30170059
Penauta;02/07/2022 15:00;25.79719925
Penauta;02/07/2022 16:00;25.54490089
Penauta;02/07/2022 17:00;24.65410042
Penauta;02/07/2022 18:00;23.72610092
Penauta;02/07/2022 19:00;22.11190033
Penauta;02/07/2022 20:00;20.30559921
Penauta;02/07/2022 21:00;18.60740089
Penauta;02/07/2022 22:00;16.77090073
Penauta;02/07/2022 23:00;15.55070019
Penauta;03/07/2022 0:00;14.64120007
Penauta;03/07/2022 1:00;13.78540039
Penauta;03/07/2022 2:00;13.05280018
Penauta;03/07/2022 3:00;12.46469975
Penauta;03/07/2022 4:00;12.05840015
Penauta;03/07/2022 5:00;11.77509975
Penauta;03/07/2022 6:00;11.45440006
Penauta;03/07/2022 7:00;11.47579956
Penauta;03/07/2022 8:00;13.11159992
Penauta;03/07/2022 9:00;14.84980011
Penauta;03/07/2022 10:00;17.49360085
Penauta;03/07/2022 11:00;21.62940025
Penauta;03/07/2022 12:00;19.85020065
Penauta;03/07/2022 13:00;16.03230095
Penauta;03/07/2022 14:00;13.59280014
Penauta;03/07/2022 15:00;12.31499958
Penauta;03/07/2022 16:00;11.8767004
Penauta;03/07/2022 17:00;12.43260002
Penauta;03/07/2022 18:00;12.15460014
Penauta;03/07/2022 19:00;12.02099991
Penauta;03/07/2022 20:00;11.75370026
Penauta;03/07/2022 21:00;10.84519958
Penauta;03/07/2022 22:00;10.07590008
Penauta;03/07/2022 23:00;9.563099861
Penauta;04/07/2022 0:00;9.205200195
Penauta;04/07/2022 1:00;8.858099937
Penauta;04/07/2022 2:00;8.569700241
Penauta;04/07/2022 3:00;8.345499992
Penauta;04/07/2022 4:00;8.153300285
Penauta;04/07/2022 5:00;7.945099831
Penauta;04/07/2022 6:00;7.731500149
Penauta;04/07/2022 7:00;8.030500412
Penauta;04/07/2022 8:00;10.69559956
Penauta;04/07/2022 9:00;13.77470016
Penauta;04/07/2022 10:00;17.41329956
Penauta;04/07/2022 11:00;20.22529984
Penauta;04/07/2022 12:00;20.57889938
Penauta;04/07/2022 13:00;18.59140015
Penauta;04/07/2022 14:00;17.49360085
Penauta;04/07/2022 15:00;16.02700043
Penauta;04/07/2022 16:00;16.95829964
Solana;21/06/2021 12:00;23.46299934
Solana;21/06/2021 13:00;23.50600052
Solana;21/06/2021 14:00;23.54369926
Solana;21/06/2021 15:00;23.63509941
Solana;21/06/2021 16:00;23.85020065
Solana;21/06/2021 17:00;23.83410072
Solana;21/06/2021 18:00;23.71039963
Solana;21/06/2021 19:00;23.56520081
Solana;21/06/2021 20:00;23.4307003
Solana;21/06/2021 21:00;23.30699921
Solana;21/06/2021 22:00;23.19409943
Solana;21/06/2021 23:00;23.09729958
Solana;22/06/2021 0:00;23.01129913
Solana;22/06/2021 1:00;22.94680023
Solana;22/06/2021 2:00;22.88220024
Solana;22/06/2021 3:00;22.82850075
Solana;22/06/2021 4:00;22.78009987
Solana;22/06/2021 5:00;22.7371006
Solana;22/06/2021 6:00;22.68869972
Solana;22/06/2021 7:00;22.64570045
Solana;22/06/2021 8:00;22.60269928
Solana;22/06/2021 9:00;22.59189987
Solana;22/06/2021 10:00;22.59189987
Solana;22/06/2021 11:00;22.64570045
Solana;22/06/2021 12:00;22.81229973
Solana;22/06/2021 13:00;22.9843998
Solana;22/06/2021 14:00;23.08659935
Solana;22/06/2021 15:00;23.16720009
Solana;22/06/2021 16:00;23.22100067
Solana;22/06/2021 17:00;23.35009956
Solana;22/06/2021 18:00;23.32850075
Solana;22/06/2021 19:00;23.19949913
Solana;22/06/2021 20:00;23.05430031
Solana;22/06/2021 21:00;22.9253006
Solana;22/06/2021 22:00;22.8015995
Solana;22/06/2021 23:00;22.70479965
Solana;23/06/2021 0:00;22.61879921
Solana;23/06/2021 1:00;22.5435009
Solana;23/06/2021 2:00;22.47360039
Solana;23/06/2021 3:00;22.41449928
Solana;23/06/2021 4:00;22.36070061
Solana;23/06/2021 5:00;22.3015995
Solana;23/06/2021 6:00;22.24250031
Solana;23/06/2021 7:00;22.31769943
Solana;23/06/2021 8:00;22.29080009
Solana;23/06/2021 9:00;22.25320053
Solana;23/06/2021 10:00;22.27470016
Solana;23/06/2021 11:00;22.33379936
Solana;23/06/2021 12:00;22.56500053
Solana;23/06/2021 13:00;22.71559906
Solana;23/06/2021 14:00;22.90369987
Solana;23/06/2021 15:00;22.9843998
Solana;23/06/2021 16:00;22.88759995
Solana;23/06/2021 17:00;22.74780083
Solana;23/06/2021 18:00;22.63489914
Solana;23/06/2021 19:00;22.53280067
Solana;23/06/2021 20:00;22.44669914
Solana;23/06/2021 21:00;22.37150002
Solana;23/06/2021 22:00;22.30699921
Solana;23/06/2021 23:00;22.24780083
Solana;24/06/2021 0:00;22.19409943
Solana;24/06/2021 1:00;22.15110016
Solana;24/06/2021 2:00;22.10269928
Solana;24/06/2021 3:00;22.06509972
Solana;24/06/2021 4:00;22.02210045
Solana;24/06/2021 5:00;21.97909927
Solana;24/06/2021 6:00;21.9307003
Solana;24/06/2021 7:00;21.89310074
Solana;24/06/2021 8:00;20.32379913
Solana;24/06/2021 9:00;19.31389999
Solana;24/06/2021 10:00;22.01670074
Solana;24/06/2021 11:00;25.56100082
Solana;24/06/2021 12:00;27.70870018
Solana;24/06/2021 13:00;26.9279995
Solana;24/06/2021 14:00;25.51250076
Solana;24/06/2021 15:00;25.23810005
Solana;24/06/2021 16:00;23.85560036
Solana;24/06/2021 17:00;23.06509972
Solana;24/06/2021 18:00;24.31279945
Solana;24/06/2021 19:00;25.42639923
Solana;24/06/2021 20:00;25.38339996
Solana;24/06/2021 21:00;23.38229942
Solana;24/06/2021 22:00;21.22120094
Solana;24/06/2021 23:00;19.41060066
Solana;25/06/2021 0:00;18.0788002
Solana;25/06/2021 1:00;16.93000031
Solana;25/06/2021 2:00;15.87279987
Solana;25/06/2021 3:00;14.99300003
Solana;25/06/2021 4:00;14.42980003
Solana;25/06/2021 5:00;13.82909966
Solana;25/06/2021 6:00;13.21790028
Solana;25/06/2021 7:00;13.43770027
Solana;25/06/2021 8:00;15.77089977
Solana;25/06/2021 9:00;17.64929962
Solana;25/06/2021 10:00;20.53339958
Solana;25/06/2021 11:00;20.30240059
Solana;25/06/2021 12:00;22.90369987
Solana;25/06/2021 13:00;23.55439949
Solana;25/06/2021 14:00;24.45800018
Solana;25/06/2021 15:00;23.43610001
Solana;25/06/2021 16:00;24.24279976
Solana;25/06/2021 17:00;25.82460022
Solana;25/06/2021 18:00;27.57410049
Solana;25/06/2021 19:00;26.01300049
Solana;25/06/2021 20:00;24.88299942
Solana;25/06/2021 21:00;24.30739975
Solana;25/06/2021 22:00;23.96850014
Solana;25/06/2021 23:00;23.75880051
Solana;26/06/2021 0:00;23.61359978
Solana;26/06/2021 1:00;23.51679993
Solana;26/06/2021 2:00;23.43610001
Solana;26/06/2021 3:00;23.3715992
Solana;26/06/2021 4:00;23.32320023
Solana;26/06/2021 5:00;23.27479935
Solana;26/06/2021 6:00;23.2371006
Solana;26/06/2021 7:00;23.20490074
Solana;26/06/2021 8:00;23.17259979
Solana;26/06/2021 9:00;23.15110016
Solana;26/06/2021 10:00;23.14030075
Solana;26/06/2021 11:00;23.13500023
Solana;26/06/2021 12:00;23.14570045
Solana;26/06/2021 13:00;23.14570045
Solana;26/06/2021 14:00;23.14570045
Solana;26/06/2021 15:00;23.14030075
Solana;26/06/2021 16:00;23.13500023
Solana;26/06/2021 17:00;23.12420082
Solana;26/06/2021 18:00;23.11879921
Solana;26/06/2021 19:00;23.10269928
Solana;26/06/2021 20:00;23.08659935
Solana;26/06/2021 21:00;23.06509972
Solana;26/06/2021 22:00;23.0489006
Solana;26/06/2021 23:00;23.02199936
Solana;27/06/2021 0:00;23.00049973
Solana;27/06/2021 1:00;22.97360039
Solana;27/06/2021 2:00;22.95210075
Solana;27/06/2021 3:00;22.91990089
Solana;27/06/2021 4:00;22.89299965
Solana;27/06/2021 5:00;22.86070061
Solana;27/06/2021 6:00;22.82850075
Solana;27/06/2021 7:00;22.79080009
Solana;27/06/2021 8:00;22.75860023
Solana;27/06/2021 9:00;22.72629929
Solana;27/06/2021 10:00;22.70479965
Solana;27/06/2021 11:00;22.69939995
Solana;27/06/2021 12:00;22.71019936
Solana;27/06/2021 13:00;22.7371006
Solana;27/06/2021 14:00;22.78009987
Solana;27/06/2021 15:00;22.82309914
Solana;27/06/2021 16:00;22.86070061
Solana;27/06/2021 17:00;22.88759995
Solana;27/06/2021 18:00;22.90909958
Solana;27/06/2021 19:00;22.95210075
Solana;27/06/2021 20:00;22.97360039
Solana;27/06/2021 21:00;22.9951992
Solana;27/06/2021 22:00;22.9951992
Solana;27/06/2021 23:00;22.9843998
Solana;28/06/2021 0:00;22.95750046
Solana;28/06/2021 1:00;22.93059921
Solana;28/06/2021 2:00;22.89299965
Solana;28/06/2021 3:00;22.85540009
Solana;28/06/2021 4:00;22.82309914
Solana;28/06/2021 5:00;22.78549957
Solana;28/06/2021 6:00;22.74239922
Solana;28/06/2021 7:00;22.70479965
Solana;28/06/2021 8:00;22.66720009
Solana;28/06/2021 9:00;22.64030075
Solana;28/06/2021 10:00;22.62420082
Solana;28/06/2021 11:00;22.61879921
Solana;28/06/2021 12:00;22.61879921
Solana;28/06/2021 13:00;22.62420082
Solana;28/06/2021 14:00;22.62949944
Solana;28/06/2021 15:00;22.64030075
Solana;28/06/2021 16:00;22.65099907
Solana;28/06/2021 17:00;22.65640068
Solana;28/06/2021 18:00;22.65640068
Solana;28/06/2021 19:00;22.66180038
Solana;28/06/2021 20:00;22.66720009
Solana;28/06/2021 21:00;22.65640068
Solana;28/06/2021 22:00;22.64570045
Solana;28/06/2021 23:00;22.62949944
Solana;29/06/2021 0:00;22.6079998
Solana;29/06/2021 1:00;22.58650017
Solana;29/06/2021 2:00;22.55430031
Solana;29/06/2021 3:00;22.52739906
Solana;29/06/2021 4:00;22.50049973
Solana;29/06/2021 5:00;22.46820068
Solana;29/06/2021 6:00;22.41990089
Solana;29/06/2021 7:00;22.36610031
Solana;29/06/2021 8:00;21.24810028
Solana;29/06/2021 9:00;20.14119911
Solana;29/06/2021 10:00;22.07579994
Solana;29/06/2021 11:00;27.72480011
Solana;29/06/2021 12:00;22.26399994
Solana;29/06/2021 13:00;15.74940014
Solana;29/06/2021 14:00;16.89780045
Solana;29/06/2021 15:00;17.16080093
Solana;29/06/2021 16:00;16.95149994
Solana;29/06/2021 17:00;17.48290062
Solana;29/06/2021 18:00;16.7635994
Solana;29/06/2021 19:00;16.59720039
Solana;29/06/2021 20:00;15.85669994
Solana;29/06/2021 21:00;13.82380009
Solana;29/06/2021 22:00;12.00109959
Solana;29/06/2021 23:00;10.77400017
Solana;30/06/2021 0:00;9.916899681
Solana;30/06/2021 1:00;9.20470047
Solana;30/06/2021 2:00;8.862000465
Solana;30/06/2021 3:00;8.524600029
Solana;30/06/2021 4:00;7.978600025
Solana;30/06/2021 5:00;7.545000076
Solana;30/06/2021 6:00;7.036600113
Solana;30/06/2021 7:00;6.902800083
Solana;30/06/2021 8:00;7.405900002
Solana;30/06/2021 9:00;9.183199883
Solana;30/06/2021 10:00;11.56700039
Solana;30/06/2021 11:00;14.9769001
Solana;30/06/2021 12:00;18.4708004
Solana;30/06/2021 13:00;21.78549957
Solana;30/06/2021 14:00;25.02289963
Solana;30/06/2021 15:00;26.77729988
Solana;30/06/2021 16:00;27.67639923
Solana;30/06/2021 17:00;27.31559944
Solana;30/06/2021 18:00;26.3628006
Solana;30/06/2021 19:00;24.02770042
Solana;30/06/2021 20:00;21.24810028
Solana;30/06/2021 21:00;18.60499954
Solana;30/06/2021 22:00;16.20549965
Solana;30/06/2021 23:00;14.57460022
Solana;01/07/2021 0:00;13.33580017
Solana;01/07/2021 1:00;12.43519974
Solana;01/07/2021 2:00;11.65810013
Solana;01/07/2021 3:00;10.69369984
Solana;01/07/2021 4:00;9.815199852
Solana;01/07/2021 5:00;9.20470047
Solana;01/07/2021 6:00;8.867300034
Solana;01/07/2021 7:00;9.01720047
Solana;01/07/2021 8:00;9.434900284
Solana;01/07/2021 9:00;10.25440025
Solana;01/07/2021 10:00;11.74380016
Solana;01/07/2021 11:00;14.78380013
Solana;01/07/2021 12:00;19.86179924
Solana;01/07/2021 13:00;22.9253006
Solana;01/07/2021 14:00;25.10899925
Solana;01/07/2021 15:00;27.41259956
Solana;01/07/2021 16:00;28.93659973
Solana;01/07/2021 17:00;28.18260002
Solana;01/07/2021 18:00;27.31559944
Solana;01/07/2021 19:00;25.81389999
Solana;01/07/2021 20:00;22.43059921
Solana;01/07/2021 21:00;19.59320068
Solana;01/07/2021 22:00;17.26280022
Solana;01/07/2021 23:00;15.48649979
Solana;02/07/2021 0:00;14.37609959
Solana;02/07/2021 1:00;13.66829967
Solana;02/07/2021 2:00;13.0571003
Solana;02/07/2021 3:00;12.41909981
Solana;02/07/2021 4:00;11.75459957
Solana;02/07/2021 5:00;11.19729996
Solana;02/07/2021 6:00;10.85439968
Solana;02/07/2021 7:00;10.85439968
Solana;02/07/2021 8:00;11.10079956
Solana;02/07/2021 9:00;12.40310001
Solana;02/07/2021 10:00;13.99540043
Solana;02/07/2021 11:00;15.24510002
Solana;02/07/2021 12:00;16.07670021
Solana;02/07/2021 13:00;17.03199959
Solana;02/07/2021 14:00;15.39529991
Solana;02/07/2021 15:00;17.60099983
Solana;02/07/2021 16:00;18.04120064
Solana;02/07/2021 17:00;17.31649971
Solana;02/07/2021 18:00;16.24309921
Solana;02/07/2021 19:00;14.84809971
Solana;02/07/2021 20:00;13.7809
Solana;02/07/2021 21:00;12.78369999
Solana;02/07/2021 22:00;12.23159981
Solana;02/07/2021 23:00;11.80819988
Solana;03/07/2021 0:00;11.56159973
Solana;03/07/2021 1:00;11.31519985
Solana;03/07/2021 2:00;10.98830032
Solana;03/07/2021 3:00;10.89719963
Solana;03/07/2021 4:00;10.75790024
Solana;03/07/2021 5:00;10.06690025
Solana;03/07/2021 6:00;9.311800003
Solana;03/07/2021 7:00;8.653100014
Solana;03/07/2021 8:00;8.487199783
Solana;03/07/2021 9:00;8.883399963
Solana;03/07/2021 10:00;11.40620041
Solana;03/07/2021 11:00;15.40069962
Solana;03/07/2021 12:00;18.13249969
Solana;03/07/2021 13:00;20.94179916
Solana;03/07/2021 14:00;21.01160049
Solana;03/07/2021 15:00;21.89839935
Solana;03/07/2021 16:00;24.32889938
Solana;03/07/2021 17:00;24.87220001
Solana;03/07/2021 18:00;23.51140022
Solana;03/07/2021 19:00;21.1996994
Solana;03/07/2021 20:00;18.51910019
Solana;03/07/2021 21:00;16.45770073
Solana;03/07/2021 22:00;14.66040039
Solana;03/07/2021 23:00;13.21790028
Solana;04/07/2021 0:00;12.20479965
Solana;04/07/2021 1:00;11.20800018
Solana;04/07/2021 2:00;10.34010029
Solana;04/07/2021 3:00;9.451000214
Solana;04/07/2021 4:00;9.065400124
Solana;04/07/2021 5:00;8.79240036
Solana;04/07/2021 6:00;8.808400154
Solana;04/07/2021 7:00;8.63710022
Solana;04/07/2021 8:00;8.808400154
Solana;04/07/2021 9:00;9.927599907
Solana;04/07/2021 10:00;11.79740047
Solana;04/07/2021 11:00;14.01150036
Solana;04/07/2021 12:00;16.01230049
Solana;04/07/2021 13:00;17.3701992
Solana;04/07/2021 14:00;17.92849922
Solana;04/07/2021 15:00;17.84790039
Solana;04/07/2021 16:00;18.25600052
Solana;04/07/2021 17:00;17.99290085
Solana;04/07/2021 18:00;17.6385994
Solana;04/07/2021 19:00;17.33259964
Solana;04/07/2021 20:00;16.07670021
Solana;04/07/2021 21:00;14.66580009
Solana;04/07/2021 22:00;13.44309998
Solana;04/07/2021 23:00;12.29590034
Solana;05/07/2021 0:00;11.2883997
Solana;05/07/2021 1:00;11.13300037
Solana;05/07/2021 2:00;10.85439968
Solana;05/07/2021 3:00;10.74190044
Solana;05/07/2021 4:00;10.75259972
Solana;05/07/2021 5:00;10.61330032
Solana;05/07/2021 6:00;10.42039967
Solana;05/07/2021 7:00;10.20079994
Solana;05/07/2021 8:00;9.986599922
Solana;05/07/2021 9:00;10.46870041
Solana;05/07/2021 10:00;12.01179981
Solana;05/07/2021 11:00;13.98999977
Solana;05/07/2021 12:00;16.99440002
Solana;05/07/2021 13:00;21.1942997
Solana;05/07/2021 14:00;23.8878994
Solana;05/07/2021 15:00;24.71619987
Solana;05/07/2021 16:00;24.35580063
Solana;05/07/2021 17:00;21.95759964
Solana;05/07/2021 18:00;20.59790039
Solana;05/07/2021 19:00;19.64699936
Solana;05/07/2021 20:00;17.53120041
Solana;05/07/2021 21:00;15.77089977
Solana;05/07/2021 22:00;14.21529961
Solana;05/07/2021 23:00;12.90159988
Solana;06/07/2021 0:00;11.84029961
Solana;06/07/2021 1:00;10.89719963
Solana;06/07/2021 2:00;9.906200409
Solana;06/07/2021 3:00;9.274299622
Solana;06/07/2021 4:00;8.690600395
Solana;06/07/2021 5:00;8.005399704
Solana;06/07/2021 6:00;7.416600227
Solana;06/07/2021 7:00;6.988500118
Solana;06/07/2021 8:00;6.993800163
Solana;06/07/2021 9:00;7.528999805
Solana;06/07/2021 10:00;9.156499863
Solana;06/07/2021 11:00;12.47270012
Solana;06/07/2021 12:00;16.97830009
Solana;06/07/2021 13:00;20.35070038
Solana;06/07/2021 14:00;22.25320053
Solana;06/07/2021 15:00;23.80719948
Solana;06/07/2021 16:00;23.51679993
Solana;06/07/2021 17:00;24.16749954
Solana;06/07/2021 18:00;23.38229942
Solana;06/07/2021 19:00;20.22179985
Solana;06/07/2021 20:00;17.28960037
Solana;06/07/2021 21:00;15.30949974
Solana;06/07/2021 22:00;13.75409985
Solana;06/07/2021 23:00;12.57460022
Solana;07/07/2021 0:00;11.58839989
Solana;07/07/2021 1:00;10.45790005
Solana;07/07/2021 2:00;9.943699837
Solana;07/07/2021 3:00;9.643799782
Solana;07/07/2021 4:00;9.311800003
Solana;07/07/2021 5:00;8.888699532
Solana;07/07/2021 6:00;8.256999969
Solana;07/07/2021 7:00;8.064299583
Solana;07/07/2021 8:00;8.112400055
Solana;07/07/2021 9:00;8.460399628
Solana;07/07/2021 10:00;8.631699562
Solana;07/07/2021 11:00;10.31330013
Solana;07/07/2021 12:00;11.55630016
Solana;07/07/2021 13:00;13.41629982
Solana;07/07/2021 14:00;14.4083004
Solana;07/07/2021 15:00;15.89430046
Solana;07/07/2021 16:00;15.39529991
Solana;07/07/2021 17:00;14.84809971
Solana;07/07/2021 18:00;13.70049953
Solana;07/07/2021 19:00;12.86410046
Solana;07/07/2021 20:00;12.13510036
Solana;07/07/2021 21:00;11.46520042
Solana;07/07/2021 22:00;10.81690025
Solana;07/07/2021 23:00;10.0454998
Solana;08/07/2021 0:00;9.402799606
Solana;08/07/2021 1:00;8.663900375
Solana;08/07/2021 2:00;7.823400021
Solana;08/07/2021 3:00;7.132900238
Solana;08/07/2021 4:00;6.624599934
Solana;08/07/2021 5:00;6.22329998
Solana;08/07/2021 6:00;5.891600132
Solana;08/07/2021 7:00;5.683000088
Solana;08/07/2021 8:00;5.966499805
Solana;08/07/2021 9:00;7.710999966
Solana;08/07/2021 10:00;10.45790005
Solana;08/07/2021 11:00;14.54240036
Solana;08/07/2021 12:00;16.89780045
Solana;08/07/2021 13:00;18.58889961
Solana;08/07/2021 14:00;21.36090088
Solana;08/07/2021 15:00;23.57049942
Solana;08/07/2021 16:00;22.79080009
Solana;08/07/2021 17:00;23.75880051
Solana;08/07/2021 18:00;23.14570045
Solana;08/07/2021 19:00;21.12450027
Solana;08/07/2021 20:00;18.77149963
Solana;08/07/2021 21:00;16.51670074
Solana;08/07/2021 22:00;14.59070015
Solana;08/07/2021 23:00;13.17500019
Solana;09/07/2021 0:00;11.99040031
Solana;09/07/2021 1:00;11.21870041
Solana;09/07/2021 2:00;10.78470039
Solana;09/07/2021 3:00;10.37759972
Solana;09/07/2021 4:00;9.841899872
Solana;09/07/2021 5:00;9.402799606
Solana;09/07/2021 6:00;9.022600174
Solana;09/07/2021 7:00;8.878000259
Solana;09/07/2021 8:00;8.995800018
Solana;09/07/2021 9:00;9.740200043
Solana;09/07/2021 10:00;11.43840027
Solana;09/07/2021 11:00;15.13780022
Solana;09/07/2021 12:00;19.56640053
Solana;09/07/2021 13:00;23.82869911
Solana;09/07/2021 14:00;27.27260017
Solana;09/07/2021 15:00;29.84160042
Solana;09/07/2021 16:00;31.58239937
Solana;09/07/2021 17:00;31.68479919
Solana;09/07/2021 18:00;30.61219978
Solana;09/07/2021 19:00;28.12330055
Solana;09/07/2021 20:00;24.79150009
Solana;09/07/2021 21:00;21.59210014
Solana;09/07/2021 22:00;18.78759956
Solana;09/07/2021 23:00;16.68849945
Solana;10/07/2021 0:00;15.19680023
Solana;10/07/2021 1:00;13.95250034
Solana;10/07/2021 2:00;13.04100037
Solana;10/07/2021 3:00;12.27980042
Solana;10/07/2021 4:00;11.74380016
Solana;10/07/2021 5:00;11.28299999
Solana;10/07/2021 6:00;10.78470039
Solana;10/07/2021 7:00;10.52219963
Solana;10/07/2021 8:00;10.79539967
Solana;10/07/2021 9:00;11.89389992
Solana;10/07/2021 10:00;13.94180012
Solana;10/07/2021 11:00;17.09639931
Solana;10/07/2021 12:00;20.82349968
Solana;10/07/2021 13:00;24.24279976
Solana;10/07/2021 14:00;27.74640083
Solana;10/07/2021 15:00;29.00119972
Solana;10/07/2021 16:00;30.21339989
Solana;10/07/2021 17:00;30.81159973
Solana;10/07/2021 18:00;30.63380051
Solana;10/07/2021 19:00;28.55960083
Solana;10/07/2021 20:00;25.67930031
Solana;10/07/2021 21:00;22.62949944
Solana;10/07/2021 22:00;19.88330078
Solana;10/07/2021 23:00;17.91239929
Solana;11/07/2021 0:00;16.38800049
Solana;11/07/2021 1:00;15.49190044
Solana;11/07/2021 2:00;14.83740044
Solana;11/07/2021 3:00;14.37609959
Solana;11/07/2021 4:00;13.92029953
Solana;11/07/2021 5:00;13.4538002
Solana;11/07/2021 6:00;13.03030014
Solana;11/07/2021 7:00;12.69789982
Solana;11/07/2021 8:00;12.81579971
Solana;11/07/2021 9:00;13.97389984
Solana;11/07/2021 10:00;15.84599972
Solana;11/07/2021 11:00;18.87350082
Solana;11/07/2021 12:00;23.16180038
Solana;11/07/2021 13:00;26.68580055
Solana;11/07/2021 14:00;30.01939964
Solana;11/07/2021 15:00;30.43969917
Solana;11/07/2021 16:00;30.55830002
Solana;11/07/2021 17:00;29.92779922
Solana;11/07/2021 18:00;28.19330025
Solana;11/07/2021 19:00;26.47050095
Solana;11/07/2021 20:00;24.02770042
Solana;11/07/2021 21:00;21.44689941
Solana;11/07/2021 22:00;19.15279961
Solana;11/07/2021 23:00;17.01589966
Solana;12/07/2021 0:00;15.25049973
Solana;12/07/2021 1:00;13.94709969
Solana;12/07/2021 2:00;13.15890026
Solana;12/07/2021 3:00;11.96889973
Solana;12/07/2021 4:00;10.73649979
Solana;12/07/2021 5:00;9.836600304
Solana;12/07/2021 6:00;9.108300209
Solana;12/07/2021 7:00;8.947600365
Solana;12/07/2021 8:00;8.931599617
Solana;12/07/2021 9:00;9.242099762
Solana;12/07/2021 10:00;9.418899536
Solana;12/07/2021 11:00;9.740200043
Solana;12/07/2021 12:00;9.927599907
Solana;12/07/2021 13:00;10.06159973
Solana;12/07/2021 14:00;10.83290005
Solana;12/07/2021 15:00;10.78470039
Solana;12/07/2021 16:00;10.44719982
Solana;12/07/2021 17:00;10.58119965
Solana;12/07/2021 18:00;10.51150036
Solana;12/07/2021 19:00;10.0401001
Solana;12/07/2021 20:00;9.284999847
Solana;12/07/2021 21:00;8.631699562
Solana;12/07/2021 22:00;8.064299583
Solana;12/07/2021 23:00;7.571800232
Solana;13/07/2021 0:00;7.079400063
Solana;13/07/2021 1:00;6.683400154
Solana;13/07/2021 2:00;6.255400181
Solana;13/07/2021 3:00;6.014699936
Solana;13/07/2021 4:00;5.870200157
Solana;13/07/2021 5:00;5.806000233
Solana;13/07/2021 6:00;5.731100082
Solana;13/07/2021 7:00;5.907700062
Solana;13/07/2021 8:00;6.405200005
Solana;13/07/2021 9:00;7.314899921
Solana;13/07/2021 10:00;9.119000435
Solana;13/07/2021 11:00;12.57460022
Solana;13/07/2021 12:00;16.50060081
Solana;13/07/2021 13:00;20.20030022
Solana;13/07/2021 14:00;23.45759964
Solana;13/07/2021 15:00;26.19599915
Solana;13/07/2021 16:00;27.95100021
Solana;13/07/2021 17:00;28.48419952
Solana;13/07/2021 18:00;26.96030045
Solana;13/07/2021 19:00;24.60330009
Solana;13/07/2021 20:00;21.24810028
Solana;13/07/2021 21:00;18.60499954
Solana;13/07/2021 22:00;16.51670074
Solana;13/07/2021 23:00;14.71399975
Solana;14/07/2021 0:00;12.82120037
Solana;14/07/2021 1:00;11.44379997
Solana;14/07/2021 2:00;10.46870041
Solana;14/07/2021 3:00;9.541999817
Solana;14/07/2021 4:00;8.808400154
Solana;14/07/2021 5:00;8.101699829
Solana;14/07/2021 6:00;7.716300011
Solana;14/07/2021 7:00;7.68419981
Solana;14/07/2021 8:00;8.187399864
Solana;14/07/2021 9:00;9.975899696
Solana;14/07/2021 10:00;12.88010025
Solana;14/07/2021 11:00;16.32889938
Solana;14/07/2021 12:00;20.89340019
Solana;14/07/2021 13:00;25.16279984
Solana;14/07/2021 14:00;28.96349907
Solana;14/07/2021 15:00;31.83040047
Solana;14/07/2021 16:00;32.71459961
Solana;14/07/2021 17:00;32.92490005
Solana;14/07/2021 18:00;31.69020081
Solana;14/07/2021 19:00;28.64030075
Solana;14/07/2021 20:00;25.45870018
Solana;14/07/2021 21:00;22.10810089
Solana;14/07/2021 22:00;19.3784008
Solana;14/07/2021 23:00;17.41309929
Solana;15/07/2021 0:00;15.69040012
Solana;15/07/2021 1:00;14.5369997
Solana;15/07/2021 2:00;13.61470032
Solana;15/07/2021 3:00;12.71399975
Solana;15/07/2021 4:00;11.4758997
Solana;15/07/2021 5:00;11.02050018
Solana;15/07/2021 6:00;10.6026001
Solana;15/07/2021 7:00;10.51690006
Solana;15/07/2021 8:00;10.77400017
Solana;15/07/2021 9:00;12.23690033
Solana;15/07/2021 10:00;14.88570023
Solana;15/07/2021 11:00;18.49230003
Solana;15/07/2021 12:00;23.2371006
Solana;15/07/2021 13:00;27.46640015
Solana;15/07/2021 14:00;31.04870033
Solana;15/07/2021 15:00;34.09000015
Solana;15/07/2021 16:00;36.25930023
Solana;15/07/2021 17:00;36.94499969
Solana;15/07/2021 18:00;35.47129822
Solana;15/07/2021 19:00;32.49349976
Solana;15/07/2021 20:00;28.55419922
Solana;15/07/2021 21:00;24.49029922
Solana;15/07/2021 22:00;21.1996994
Solana;15/07/2021 23:00;18.73390007
Solana;16/07/2021 0:00;16.67239952
Solana;16/07/2021 1:00;14.94470024
Solana;16/07/2021 2:00;13.84519958
Solana;16/07/2021 3:00;13.03559971
Solana;16/07/2021 4:00;12.48880005
Solana;16/07/2021 5:00;11.85099983
Solana;16/07/2021 6:00;11.35270023
Solana;16/07/2021 7:00;11.09010029
Solana;16/07/2021 8:00;11.57769966
Solana;16/07/2021 9:00;13.41629982
Solana;16/07/2021 10:00;16.45770073
Solana;16/07/2021 11:00;20.56559944
Solana;16/07/2021 12:00;25.70089912
Solana;16/07/2021 13:00;30.72540092
Solana;16/07/2021 14:00;34.44609833
Solana;16/07/2021 15:00;36.65879822
Solana;16/07/2021 16:00;38.14920044
Solana;16/07/2021 17:00;38.3382988
Solana;16/07/2021 18:00;37.04219818
Solana;16/07/2021 19:00;34.07920074
Solana;16/07/2021 20:00;30.37509918
Solana;16/07/2021 21:00;26.17980003
Solana;16/07/2021 22:00;22.89299965
Solana;16/07/2021 23:00;20.52799988
Solana;17/07/2021 0:00;18.55669975
Solana;17/07/2021 1:00;17.12859917
Solana;17/07/2021 2:00;15.94789982
Solana;17/07/2021 3:00;15.00370026
Solana;17/07/2021 4:00;14.29570007
Solana;17/07/2021 5:00;13.6736002
Solana;17/07/2021 6:00;13.32509995
Solana;17/07/2021 7:00;13.21249962
Solana;17/07/2021 8:00;13.57180023
Solana;17/07/2021 9:00;15.32019997
Solana;17/07/2021 10:00;18.40099907
Solana;17/07/2021 11:00;22.35540009
Solana;17/07/2021 12:00;27.42869949
Solana;17/07/2021 13:00;32.35329819
Solana;17/07/2021 14:00;36.74520111
Solana;17/07/2021 15:00;39.59159851
Solana;17/07/2021 16:00;40.15359879
Solana;17/07/2021 17:00;39.86719894
Solana;17/07/2021 18:00;36.50770187
Solana;17/07/2021 19:00;34.1330986
Solana;17/07/2021 20:00;30.62299919
Solana;17/07/2021 21:00;26.69120026
Solana;17/07/2021 22:00;23.6189003
Solana;17/07/2021 23:00;21.33939934
Solana;18/07/2021 0:00;19.56640053
Solana;18/07/2021 1:00;18.0734005
Solana;18/07/2021 2:00;16.90320015
Solana;18/07/2021 3:00;15.73869991
Solana;18/07/2021 4:00;14.50489998
Solana;18/07/2021 5:00;13.85060024
Solana;18/07/2021 6:00;13.42160034
Solana;18/07/2021 7:00;13.16429996
Solana;18/07/2021 8:00;13.42700005
Solana;18/07/2021 9:00;15.06270027
Solana;18/07/2021 10:00;18.17539978
Solana;18/07/2021 11:00;22.40369987
Solana;18/07/2021 12:00;27.26720047
Solana;18/07/2021 13:00;32.15919876
Solana;18/07/2021 14:00;35.81669998
Solana;18/07/2021 15:00;38.64619827
Solana;18/07/2021 16:00;40.32659912
Solana;18/07/2021 17:00;40.3103981
Solana;18/07/2021 18:00;38.39770126
Solana;18/07/2021 19:00;35.32020187
Solana;18/07/2021 20:00;31.05949974
Solana;18/07/2021 21:00;26.99799919
Solana;18/07/2021 22:00;23.71570015
Solana;18/07/2021 23:00;21.20509911
Solana;19/07/2021 0:00;19.51799965
Solana;19/07/2021 1:00;18.26670074
Solana;19/07/2021 2:00;17.26819992
Solana;19/07/2021 3:00;16.54360008
Solana;19/07/2021 4:00;16.01230049
Solana;19/07/2021 5:00;15.05729961
Solana;19/07/2021 6:00;14.01679993
Solana;19/07/2021 7:00;13.56099987
Solana;19/07/2021 8:00;14.18840027
Solana;19/07/2021 9:00;16.30750084
Solana;19/07/2021 10:00;19.72220039
Solana;19/07/2021 11:00;24.05999947
Solana;19/07/2021 12:00;28.76959991
Solana;19/07/2021 13:00;33.53440094
Solana;19/07/2021 14:00;37.1609993
Solana;19/07/2021 15:00;40.52109909
Solana;19/07/2021 16:00;36.59939957
Solana;19/07/2021 17:00;32.65530014
Solana;19/07/2021 18:00;31.21039963
Solana;19/07/2021 19:00;30.64990044
Solana;19/07/2021 20:00;28.06410027
Solana;19/07/2021 21:00;24.85610008
Solana;19/07/2021 22:00;22.2961998
Solana;19/07/2021 23:00;20.25939941
Solana;20/07/2021 0:00;18.67480087
Solana;20/07/2021 1:00;17.43460083
Solana;20/07/2021 2:00;16.61870003
Solana;20/07/2021 3:00;16.0177002
Solana;20/07/2021 4:00;15.25049973
Solana;20/07/2021 5:00;14.76229954
Solana;20/07/2021 6:00;14.33320045
Solana;20/07/2021 7:00;14.08119965
Solana;20/07/2021 8:00;14.58530045
Solana;20/07/2021 9:00;16.06599998
Solana;20/07/2021 10:00;18.94330025
Solana;20/07/2021 11:00;22.87150002
Solana;20/07/2021 12:00;27.35330009
Solana;20/07/2021 13:00;31.3614006
Solana;20/07/2021 14:00;34.48379898
Solana;20/07/2021 15:00;36.68579865
Solana;20/07/2021 16:00;35.98939896
Solana;20/07/2021 17:00;35.18529892
Solana;20/07/2021 18:00;33.53440094
Solana;20/07/2021 19:00;30.59600067
Solana;20/07/2021 20:00;27.90250015
Solana;20/07/2021 21:00;24.81839943
Solana;20/07/2021 22:00;22.12420082
Solana;20/07/2021 23:00;20.09280014
Solana;21/07/2021 0:00;18.76079941
Solana;21/07/2021 1:00;17.60099983
Solana;21/07/2021 2:00;17.07489967
Solana;21/07/2021 3:00;16.57040024
Solana;21/07/2021 4:00;15.91569996
Solana;21/07/2021 5:00;15.17539978
Solana;21/07/2021 6:00;14.75699997
Solana;21/07/2021 7:00;14.47270012
Solana;21/07/2021 8:00;14.74090004
Solana;21/07/2021 9:00;15.84060001
Solana;21/07/2021 10:00;18.1378994
Solana;21/07/2021 11:00;21.64039993
Solana;21/07/2021 12:00;25.95919991
Solana;21/07/2021 13:00;30.59600067
Solana;21/07/2021 14:00;34.33280182
Solana;21/07/2021 15:00;37.0583992
Solana;21/07/2021 16:00;38.75960159
Solana;21/07/2021 17:00;37.64690018
Solana;21/07/2021 18:00;35.70339966
Solana;21/07/2021 19:00;31.59860039
Solana;21/07/2021 20:00;29.5237999
Solana;21/07/2021 21:00;26.13680077
Solana;21/07/2021 22:00;23.29089928
Solana;21/07/2021 23:00;21.1942997
Solana;22/07/2021 0:00;19.77050018
Solana;22/07/2021 1:00;18.6909008
Solana;22/07/2021 2:00;17.85330009
Solana;22/07/2021 3:00;17.11790085
Solana;22/07/2021 4:00;16.4416008
Solana;22/07/2021 5:00;15.93719959
Solana;22/07/2021 6:00;15.52939987
Solana;22/07/2021 7:00;15.27190018
Solana;22/07/2021 8:00;15.4382
Solana;22/07/2021 9:00;16.36109924
Solana;22/07/2021 10:00;18.28820038
Solana;22/07/2021 11:00;21.15139961
Solana;22/07/2021 12:00;24.61940002
Solana;22/07/2021 13:00;28.43569946
Solana;22/07/2021 14:00;32.13230133
Solana;22/07/2021 15:00;34.38669968
Solana;22/07/2021 16:00;35.19070053
Solana;22/07/2021 17:00;34.71039963
Solana;22/07/2021 18:00;32.57979965
Solana;22/07/2021 19:00;29.79310036
Solana;22/07/2021 20:00;27.08950043
Solana;22/07/2021 21:00;23.95240021
Solana;22/07/2021 22:00;21.30179977
Solana;22/07/2021 23:00;19.73290062
Solana;23/07/2021 0:00;18.67480087
Solana;23/07/2021 1:00;17.8586998
Solana;23/07/2021 2:00;16.99440002
Solana;23/07/2021 3:00;16.37190056
Solana;23/07/2021 4:00;15.66889954
Solana;23/07/2021 5:00;14.9982996
Solana;23/07/2021 6:00;14.4083004
Solana;23/07/2021 7:00;14.02219963
Solana;23/07/2021 8:00;14.13479996
Solana;23/07/2021 9:00;14.71940041
Solana;23/07/2021 10:00;16.8227005
Solana;23/07/2021 11:00;19.72220039
Solana;23/07/2021 12:00;22.35540009
Solana;23/07/2021 13:00;23.31240082
Solana;23/07/2021 14:00;25.59860039
Solana;23/07/2021 15:00;26.86879921
Solana;23/07/2021 16:00;27.02490044
Solana;23/07/2021 17:00;25.58250046
Solana;23/07/2021 18:00;24.56019974
Solana;23/07/2021 19:00;23.6243
Solana;23/07/2021 20:00;21.48460007
Solana;23/07/2021 21:00;18.48690033
Solana;23/07/2021 22:00;16.45229912
Solana;23/07/2021 23:00;15.13239956
Solana;24/07/2021 0:00;13.75409985
Solana;24/07/2021 1:00;12.50489998
Solana;24/07/2021 2:00;11.40089989
Solana;24/07/2021 3:00;10.52219963
Solana;24/07/2021 4:00;9.906200409
Solana;24/07/2021 5:00;9.413499832
Solana;24/07/2021 6:00;8.829799652
Solana;24/07/2021 7:00;8.786999702
Solana;24/07/2021 8:00;9.215399742
Solana;24/07/2021 9:00;9.954400063
Solana;24/07/2021 10:00;11.23480034
Solana;24/07/2021 11:00;13.02490044
Solana;24/07/2021 12:00;16.31819916
Solana;24/07/2021 13:00;20.78059959
Solana;24/07/2021 14:00;24.32349968
Solana;24/07/2021 15:00;25.04980087
Solana;24/07/2021 16:00;26.24440002
Solana;24/07/2021 17:00;25.07130051
Solana;24/07/2021 18:00;24.97450066
Solana;24/07/2021 19:00;23.02199936
Solana;24/07/2021 20:00;20.57099915
Solana;24/07/2021 21:00;18.21299934
Solana;24/07/2021 22:00;16.26989937
Solana;24/07/2021 23:00;14.92319965
Solana;25/07/2021 0:00;14.04360008
Solana;25/07/2021 1:00;13.13210011
Solana;25/07/2021 2:00;12.32269955
Solana;25/07/2021 3:00;11.62059975
Solana;25/07/2021 4:00;10.90799999
Solana;25/07/2021 5:00;10.24370003
Solana;25/07/2021 6:00;9.767000198
Solana;25/07/2021 7:00;9.552700043
Solana;25/07/2021 8:00;10.03479958
Solana;25/07/2021 9:00;11.82960033
Solana;25/07/2021 10:00;14.15629959
Solana;25/07/2021 11:00;17.23060036
Solana;25/07/2021 12:00;21.47920036
Solana;25/07/2021 13:00;25.07130051
Solana;25/07/2021 14:00;26.56200027
Solana;25/07/2021 15:00;28.97430038
Solana;25/07/2021 16:00;34.00370026
Solana;25/07/2021 17:00;30.7038002
Solana;25/07/2021 18:00;28.05870056
Solana;25/07/2021 19:00;25.75469971
Solana;25/07/2021 20:00;22.87689972
Solana;25/07/2021 21:00;19.90480042
Solana;25/07/2021 22:00;17.67609978
Solana;25/07/2021 23:00;16.08740044
Solana;26/07/2021 0:00;14.53170013
Solana;26/07/2021 1:00;13.37339973
Solana;26/07/2021 2:00;12.48349953
Solana;26/07/2021 3:00;11.72239971
Solana;26/07/2021 4:00;11.04730034
Solana;26/07/2021 5:00;10.56509972
Solana;26/07/2021 6:00;10.15799999
Solana;26/07/2021 7:00;9.831199646
Solana;26/07/2021 8:00;10.05080032
Solana;26/07/2021 9:00;11.79740047
Solana;26/07/2021 10:00;15.14850044
Solana;26/07/2021 11:00;19.57710075
Solana;26/07/2021 12:00;24.45260048
Solana;26/07/2021 13:00;26.37360001
Solana;26/07/2021 14:00;29.66379929
Solana;26/07/2021 15:00;31.64710045
Solana;26/07/2021 16:00;29.00659943
Solana;26/07/2021 17:00;26.03989983
Solana;26/07/2021 18:00;24.83460045
Solana;26/07/2021 19:00;25.78700066
Solana;26/07/2021 20:00;23.93630028
Solana;26/07/2021 21:00;21.20509911
Solana;26/07/2021 22:00;18.88430023
Solana;26/07/2021 23:00;17.12319946
Solana;27/07/2021 0:00;15.58839989
Solana;27/07/2021 1:00;14.57460022
Solana;27/07/2021 2:00;13.63070011
Solana;27/07/2021 3:00;13.16959953
Solana;27/07/2021 4:00;12.77289963
Solana;27/07/2021 5:00;12.40310001
Solana;27/07/2021 6:00;11.80819988
Solana;27/07/2021 7:00;11.23480034
Solana;27/07/2021 8:00;10.91870022
Solana;27/07/2021 9:00;11.78139973
Solana;27/07/2021 10:00;14.82670021
Solana;27/07/2021 11:00;19.07220078
Solana;27/07/2021 12:00;21.34480095
Solana;27/07/2021 13:00;25.71159935
Solana;27/07/2021 14:00;28.59189987
Solana;27/07/2021 15:00;29.50760078
Solana;27/07/2021 16:00;31.39369965
Solana;27/07/2021 17:00;30.60140038
Solana;27/07/2021 18:00;28.02639961
Solana;27/07/2021 19:00;25.30809975
Solana;27/07/2021 20:00;22.82850075
Solana;27/07/2021 21:00;20.49580002
Solana;27/07/2021 22:00;18.21839905
Solana;27/07/2021 23:00;16.1196003
Solana;28/07/2021 0:00;14.48340034
Solana;28/07/2021 1:00;13.14820004
Solana;28/07/2021 2:00;11.82960033
Solana;28/07/2021 3:00;10.83290005
Solana;28/07/2021 4:00;10.07229996
Solana;28/07/2021 5:00;9.215399742
Solana;28/07/2021 6:00;8.128499985
Solana;28/07/2021 7:00;7.630700111
Solana;28/07/2021 8:00;8.272999763
Solana;28/07/2021 9:00;10.26509953
Solana;28/07/2021 10:00;13.87199974
Solana;28/07/2021 11:00;18.72850037
Solana;28/07/2021 12:00;24.31279945
Solana;28/07/2021 13:00;29.70689964
Solana;28/07/2021 14:00;34.12770081
Solana;28/07/2021 15:00;37.53350067
Solana;28/07/2021 16:00;38.93249893
Solana;28/07/2021 17:00;34.50540161
Solana;28/07/2021 18:00;30.75230026
Solana;28/07/2021 19:00;28.50569916
Solana;28/07/2021 20:00;26.4382
Solana;28/07/2021 21:00;22.88759995
Solana;28/07/2021 22:00;20.00690079
Solana;28/07/2021 23:00;17.93919945
Solana;29/07/2021 0:00;16.88170052
Solana;29/07/2021 1:00;15.89430046
Solana;29/07/2021 2:00;14.88570023
Solana;29/07/2021 3:00;14.16699982
Solana;29/07/2021 4:00;13.53960037
Solana;29/07/2021 5:00;12.97659969
Solana;29/07/2021 6:00;12.42990017
Solana;29/07/2021 7:00;12.17800045
Solana;29/07/2021 8:00;12.36550045
Solana;29/07/2021 9:00;13.65219975
Solana;29/07/2021 10:00;16.21089935
Solana;29/07/2021 11:00;19.13129997
Solana;29/07/2021 12:00;22.9951992
Solana;29/07/2021 13:00;27.10569954
Solana;29/07/2021 14:00;30.7038002
Solana;29/07/2021 15:00;32.65530014
Solana;29/07/2021 16:00;34.2195015
Solana;29/07/2021 17:00;34.42990112
Solana;29/07/2021 18:00;32.28319931
Solana;29/07/2021 19:00;29.82550049
Solana;29/07/2021 20:00;26.87960052
Solana;29/07/2021 21:00;23.4307003
Solana;29/07/2021 22:00;20.22179985
Solana;29/07/2021 23:00;17.67609978
Solana;30/07/2021 0:00;16.15180016
Solana;30/07/2021 1:00;14.99300003
Solana;30/07/2021 2:00;14.36540031
Solana;30/07/2021 3:00;13.94180012
Solana;30/07/2021 4:00;13.4751997
Solana;30/07/2021 5:00;13.02490044
Solana;30/07/2021 6:00;12.38700008
Solana;30/07/2021 7:00;11.86170006
Solana;30/07/2021 8:00;11.70100021
Solana;30/07/2021 9:00;12.64960003
Solana;30/07/2021 10:00;14.69799995
Solana;30/07/2021 11:00;18.03580093
Solana;30/07/2021 12:00;21.86079979
Solana;30/07/2021 13:00;26.86879921
Solana;30/07/2021 14:00;29.85779953
Solana;30/07/2021 15:00;28.67270088
Solana;30/07/2021 16:00;26.31979942
Solana;30/07/2021 17:00;28.0156002
Solana;30/07/2021 18:00;26.28210068
Solana;30/07/2021 19:00;23.97929955
Solana;30/07/2021 20:00;21.24270058
Solana;30/07/2021 21:00;18.94330025
Solana;30/07/2021 22:00;16.94070053
Solana;30/07/2021 23:00;15.5454998
Solana;31/07/2021 0:00;14.34399986
Solana;31/07/2021 1:00;13.39480019
Solana;31/07/2021 2:00;12.59599972
Solana;31/07/2021 3:00;11.96360016
Solana;31/07/2021 4:00;11.47060013
Solana;31/07/2021 5:00;11.01509953
Solana;31/07/2021 6:00;10.57040024
Solana;31/07/2021 7:00;10.19550037
Solana;31/07/2021 8:00;10.13119984
Solana;31/07/2021 9:00;10.8114996
Solana;31/07/2021 10:00;11.60990047
Solana;31/07/2021 11:00;13.23400021
Solana;31/07/2021 12:00;14.07050037
Solana;31/07/2021 13:00;19.3192997
Solana;31/07/2021 14:00;21.64039993
Solana;31/07/2021 15:00;23.91469955
Solana;31/07/2021 16:00;26.88500023
Solana;31/07/2021 17:00;25.51790047
Solana;31/07/2021 18:00;23.59210014
Solana;31/07/2021 19:00;21.40390015
Solana;31/07/2021 20:00;19.11520004
Solana;31/07/2021 21:00;16.8227005
Solana;31/07/2021 22:00;15.2343998
Solana;31/07/2021 23:00;13.33049965
Solana;01/08/2021 0:00;11.98499966
Solana;01/08/2021 1:00;10.29189968
Solana;01/08/2021 2:00;9.20470047
Solana;01/08/2021 3:00;8.604999542
Solana;01/08/2021 4:00;8.4229002
Solana;01/08/2021 5:00;8.385499954
Solana;01/08/2021 6:00;8.43900013
Solana;01/08/2021 7:00;8.556799889
Solana;01/08/2021 8:00;9.01720047
Solana;01/08/2021 9:00;9.686599731
Solana;01/08/2021 10:00;11.94750023
Solana;01/08/2021 11:00;14.12940025
Solana;01/08/2021 12:00;16.40410042
Solana;01/08/2021 13:00;19.37299919
Solana;01/08/2021 14:00;24.25900078
Solana;01/08/2021 15:00;27.24570084
Solana;01/08/2021 16:00;26.59970093
Solana;01/08/2021 17:00;27.71949959
Solana;01/08/2021 18:00;25.86230087
Solana;01/08/2021 19:00;25.1359005
Solana;01/08/2021 20:00;23.36619949
Solana;01/08/2021 21:00;20.15189934
Solana;01/08/2021 22:00;18.17539978
Solana;01/08/2021 23:00;16.82799911
Solana;02/08/2021 0:00;15.75479984
Solana;02/08/2021 1:00;14.74619961
Solana;02/08/2021 2:00;13.97389984
Solana;02/08/2021 3:00;13.51809978
Solana;02/08/2021 4:00;13.19110012
Solana;02/08/2021 5:00;12.84799957
Solana;02/08/2021 6:00;12.46199989
Solana;02/08/2021 7:00;11.55090046
Solana;02/08/2021 8:00;11.1704998
Solana;02/08/2021 9:00;11.87779999
Solana;02/08/2021 10:00;14.22599983
Solana;02/08/2021 11:00;15.8888998
Solana;02/08/2021 12:00;19.06150055
Solana;02/08/2021 13:00;22.4897995
Solana;02/08/2021 14:00;24.77540016
Solana;02/08/2021 15:00;23.36079979
Solana;02/08/2021 16:00;22.97360039
Solana;02/08/2021 17:00;23.88249969
Solana;02/08/2021 18:00;24.15679932
Solana;02/08/2021 19:00;21.42539978
Solana;02/08/2021 20:00;19.30319977
Solana;02/08/2021 21:00;17.01589966
Solana;02/08/2021 22:00;15.05729961
Solana;02/08/2021 23:00;13.57180023
Solana;03/08/2021 0:00;12.44589996
Solana;03/08/2021 1:00;11.12230015
Solana;03/08/2021 2:00;10.66689968
Solana;03/08/2021 3:00;10.34539986
Solana;03/08/2021 4:00;10.17940044
Solana;03/08/2021 5:00;9.965100288
Solana;03/08/2021 6:00;9.729499817
Solana;03/08/2021 7:00;9.574199677
Solana;03/08/2021 8:00;10.0454998
Solana;03/08/2021 9:00;10.80080032
Solana;03/08/2021 10:00;12.60140038
Solana;03/08/2021 11:00;15.49720001
Solana;03/08/2021 12:00;20.08749962
Solana;03/08/2021 13:00;22.93600082
Solana;03/08/2021 14:00;22.79080009
Solana;03/08/2021 15:00;22.45750046
Solana;03/08/2021 16:00;20.73760033
Solana;03/08/2021 17:00;20.11429977
Solana;03/08/2021 18:00;19.82959938
Solana;03/08/2021 19:00;20.31850052
Solana;03/08/2021 20:00;18.51370049
Solana;03/08/2021 21:00;16.62940025
Solana;03/08/2021 22:00;15.39529991
Solana;03/08/2021 23:00;14.32789993
Solana;04/08/2021 0:00;13.20180035
Solana;04/08/2021 1:00;12.30659962
Solana;04/08/2021 2:00;12.13510036
Solana;04/08/2021 3:00;11.6473999
Solana;04/08/2021 4:00;11.29909992
Solana;04/08/2021 5:00;10.9989996
Solana;04/08/2021 6:00;10.74190044
Solana;04/08/2021 7:00;10.4847002
Solana;04/08/2021 8:00;10.34010029
Solana;04/08/2021 9:00;10.4364996
Solana;04/08/2021 10:00;11.45979977
Solana;04/08/2021 11:00;13.08390045
Solana;04/08/2021 12:00;15.40600014
Solana;04/08/2021 13:00;17.97680092
Solana;04/08/2021 14:00;20.88269997
Solana;04/08/2021 15:00;23.51140022
Solana;04/08/2021 16:00;24.17289925
Solana;04/08/2021 17:00;24.23749924
Solana;04/08/2021 18:00;23.6189003
Solana;04/08/2021 19:00;21.86619949
Solana;04/08/2021 20:00;19.1473999
Solana;04/08/2021 21:00;16.94070053
Solana;04/08/2021 22:00;14.9982996
Solana;04/08/2021 23:00;13.42160034
Solana;05/08/2021 0:00;12.27980042
Solana;05/08/2021 1:00;11.55630016
Solana;05/08/2021 2:00;11.11149979
Solana;05/08/2021 3:00;11.13829994
Solana;05/08/2021 4:00;11.13300037
Solana;05/08/2021 5:00;11.3366003
Solana;05/08/2021 6:00;11.26159954
Solana;05/08/2021 7:00;11.21339989
Solana;05/08/2021 8:00;11.32590008
Solana;05/08/2021 9:00;11.71170044
Solana;05/08/2021 10:00;12.39770031
Solana;05/08/2021 11:00;13.98999977
Solana;05/08/2021 12:00;16.15719986
Solana;05/08/2021 13:00;18.00359917
Solana;05/08/2021 14:00;19.15819931
Solana;05/08/2021 15:00;20.90950012
Solana;05/08/2021 16:00;23.03820038
Solana;05/08/2021 17:00;24.60330009
Solana;05/08/2021 18:00;24.4095993
Solana;05/08/2021 19:00;23.20490074
Solana;05/08/2021 20:00;21.18359947
Solana;05/08/2021 21:00;18.56209946
Solana;05/08/2021 22:00;16.25919914
Solana;05/08/2021 23:00;14.40299988
Solana;06/08/2021 0:00;12.98740005
Solana;06/08/2021 1:00;12.17259979
Solana;06/08/2021 2:00;11.69559956
Solana;06/08/2021 3:00;11.22410011
Solana;06/08/2021 4:00;10.79539967
Solana;06/08/2021 5:00;10.35620022
Solana;06/08/2021 6:00;9.975899696
Solana;06/08/2021 7:00;9.745499611
Solana;06/08/2021 8:00;9.804499626
Solana;06/08/2021 9:00;10.75790024
Solana;06/08/2021 10:00;12.39229965
Solana;06/08/2021 11:00;16.00699997
Solana;06/08/2021 12:00;20.73760033
Solana;06/08/2021 13:00;24.64629936
Solana;06/08/2021 14:00;27.98329926
Solana;06/08/2021 15:00;28.92040062
Solana;06/08/2021 16:00;29.57760048
Solana;06/08/2021 17:00;29.78240013
Solana;06/08/2021 18:00;28.80730057
Solana;06/08/2021 19:00;24.75390053
Solana;06/08/2021 20:00;21.90379906
Solana;06/08/2021 21:00;18.64800072
Solana;06/08/2021 22:00;15.70650005
Solana;06/08/2021 23:00;13.77019978
Solana;07/08/2021 0:00;12.47809982
Solana;07/08/2021 1:00;11.65810013
Solana;07/08/2021 2:00;11.33119965
Solana;07/08/2021 3:00;11.10620022
Solana;07/08/2021 4:00;10.76869965
Solana;07/08/2021 5:00;10.44719982
Solana;07/08/2021 6:00;10.08829975
Solana;07/08/2021 7:00;9.659899712
Solana;07/08/2021 8:00;9.402799606
Solana;07/08/2021 9:00;9.413499832
Solana;07/08/2021 10:00;9.616999626
Solana;07/08/2021 11:00;10.80620003
Solana;07/08/2021 12:00;12.5156002
Solana;07/08/2021 13:00;14.5156002
Solana;07/08/2021 14:00;16.93540001
Solana;07/08/2021 15:00;19.51269913
Solana;07/08/2021 16:00;20.81819916
Solana;07/08/2021 17:00;20.09280014
Solana;07/08/2021 18:00;19.52879906
Solana;07/08/2021 19:00;18.64800072
Solana;07/08/2021 20:00;17.01049995
Solana;07/08/2021 21:00;15.03050041
Solana;07/08/2021 22:00;13.53419971
Solana;07/08/2021 23:00;12.41380024
Solana;08/08/2021 0:00;10.91870022
Solana;08/08/2021 1:00;9.531299591
Solana;08/08/2021 2:00;8.540699959
Solana;08/08/2021 3:00;7.66809988
Solana;08/08/2021 4:00;7.036600113
Solana;08/08/2021 5:00;6.533599854
Solana;08/08/2021 6:00;6.078800201
Solana;08/08/2021 7:00;5.827400208
Solana;08/08/2021 8:00;6.009300232
Solana;08/08/2021 9:00;7.421899796
Solana;08/08/2021 10:00;9.970499992
Solana;08/08/2021 11:00;13.52890015
Solana;08/08/2021 12:00;18.08950043
Solana;08/08/2021 13:00;22.32850075
Solana;08/08/2021 14:00;26.07760048
Solana;08/08/2021 15:00;28.37109947
Solana;08/08/2021 16:00;30.08410072
Solana;08/08/2021 17:00;30.31040001
Solana;08/08/2021 18:00;28.74810028
Solana;08/08/2021 19:00;25.96459961
Solana;08/08/2021 20:00;23.00049973
Solana;08/08/2021 21:00;19.89410019
Solana;08/08/2021 22:00;17.71910095
Solana;08/08/2021 23:00;16.28059959
Solana;09/08/2021 0:00;15.06809998
Solana;09/08/2021 1:00;14.08650017
Solana;09/08/2021 2:00;13.15359974
Solana;09/08/2021 3:00;12.45129967
Solana;09/08/2021 4:00;11.9368
Solana;09/08/2021 5:00;11.66880035
Solana;09/08/2021 6:00;11.39550018
Solana;09/08/2021 7:00;10.9776001
Solana;09/08/2021 8:00;11.06330013
Solana;09/08/2021 9:00;11.68490028
Solana;09/08/2021 10:00;13.99540043
Solana;09/08/2021 11:00;17.66539955
Solana;09/08/2021 12:00;21.57060051
Solana;09/08/2021 13:00;25.32959938
Solana;09/08/2021 14:00;28.96890068
Solana;09/08/2021 15:00;30.90320015
Solana;09/08/2021 16:00;32.3586998
Solana;09/08/2021 17:00;31.62549973
Solana;09/08/2021 18:00;30.55290031
Solana;09/08/2021 19:00;26.93880081
Solana;09/08/2021 20:00;24.17289925
Solana;09/08/2021 21:00;21.65649986
Solana;09/08/2021 22:00;19.51269913
Solana;09/08/2021 23:00;17.46139908
Solana;10/08/2021 0:00;16.17869949
Solana;10/08/2021 1:00;15.20219994
Solana;10/08/2021 2:00;14.44050026
Solana;10/08/2021 3:00;13.7755003
Solana;10/08/2021 4:00;13.03030014
Solana;10/08/2021 5:00;12.44589996
Solana;10/08/2021 6:00;12.06000042
Solana;10/08/2021 7:00;11.77600002
Solana;10/08/2021 8:00;11.80280018
Solana;10/08/2021 9:00;12.87479973
Solana;10/08/2021 10:00;15.36310005
Solana;10/08/2021 11:00;18.70170021
Solana;10/08/2021 12:00;22.62949944
Solana;10/08/2021 13:00;27.70870018
Solana;10/08/2021 14:00;31.44219971
Solana;10/08/2021 15:00;34.19250107
Solana;10/08/2021 16:00;35.17990112
Solana;10/08/2021 17:00;35.37960052
Solana;10/08/2021 18:00;33.34560013
Solana;10/08/2021 19:00;31.08110046
Solana;10/08/2021 20:00;27.72480011
Solana;10/08/2021 21:00;24.30739975
Solana;10/08/2021 22:00;21.65649986
Solana;10/08/2021 23:00;19.54490089
Solana;11/08/2021 0:00;18.0196991
Solana;11/08/2021 1:00;17.00510025
Solana;11/08/2021 2:00;16.25919914
Solana;11/08/2021 3:00;15.69579983
Solana;11/08/2021 4:00;15.12709999
Solana;11/08/2021 5:00;14.50489998
Solana;11/08/2021 6:00;13.91489983
Solana;11/08/2021 7:00;13.38949966
Solana;11/08/2021 8:00;13.28759956
Solana;11/08/2021 9:00;14.04899979
Solana;11/08/2021 10:00;16.63479996
Solana;11/08/2021 11:00;20.06060028
Solana;11/08/2021 12:00;24.23749924
Solana;11/08/2021 13:00;28.15029907
Solana;11/08/2021 14:00;30.84390068
Solana;11/08/2021 15:00;31.81959915
Solana;11/08/2021 16:00;34.35430145
Solana;11/08/2021 17:00;35.48749924
Solana;11/08/2021 18:00;35.03419876
Solana;11/08/2021 19:00;32.48270035
Solana;11/08/2021 20:00;29.02820015
Solana;11/08/2021 21:00;25.51250076
Solana;11/08/2021 22:00;22.75860023
Solana;11/08/2021 23:00;20.64089966
Solana;12/08/2021 0:00;19.23870087
Solana;12/08/2021 1:00;18.3579998
Solana;12/08/2021 2:00;17.46680069
Solana;12/08/2021 3:00;16.84410095
Solana;12/08/2021 4:00;16.6026001
Solana;12/08/2021 5:00;16.30750084
Solana;12/08/2021 6:00;15.84060001
Solana;12/08/2021 7:00;15.55630016
Solana;12/08/2021 8:00;15.65279961
Solana;12/08/2021 9:00;16.48450089
Solana;12/08/2021 10:00;18.64259911
Solana;12/08/2021 11:00;21.65649986
Solana;12/08/2021 12:00;24.64089966
Solana;12/08/2021 13:00;28.10720062
Solana;12/08/2021 14:00;31.16189957
Solana;12/08/2021 15:00;32.7901001
Solana;12/08/2021 16:00;34.45140076
Solana;12/08/2021 17:00;34.89929962
Solana;12/08/2021 18:00;33.96590042
Solana;12/08/2021 19:00;31.74410057
Solana;12/08/2021 20:00;28.21489906
Solana;12/08/2021 21:00;24.90449905
Solana;12/08/2021 22:00;21.64579964
Solana;12/08/2021 23:00;19.72220039
Solana;13/08/2021 0:00;18.04660034
Solana;13/08/2021 1:00;17.00510025
Solana;13/08/2021 2:00;16.50060081
Solana;13/08/2021 3:00;16.46839905
Solana;13/08/2021 4:00;16.21619987
Solana;13/08/2021 5:00;15.69040012
Solana;13/08/2021 6:00;15.09490013
Solana;13/08/2021 7:00;14.69799995
Solana;13/08/2021 8:00;14.91790009
Solana;13/08/2021 9:00;15.76550007
Solana;13/08/2021 10:00;17.98749924
Solana;13/08/2021 11:00;21.1406002
Solana;13/08/2021 12:00;25.44799995
Solana;13/08/2021 13:00;29.83620071
Solana;13/08/2021 14:00;32.98960114
Solana;13/08/2021 15:00;35.6385994
Solana;13/08/2021 16:00;37.07460022
Solana;13/08/2021 17:00;37.72800064
Solana;13/08/2021 18:00;35.84370041
Solana;13/08/2021 19:00;33.25389862
Solana;13/08/2021 20:00;30.0678997
Solana;13/08/2021 21:00;26.55120087
Solana;13/08/2021 22:00;23.76420021
Solana;13/08/2021 23:00;21.66729927
Solana;14/08/2021 0:00;19.90480042
Solana;14/08/2021 1:00;18.8628006
Solana;14/08/2021 2:00;18.31509972
Solana;14/08/2021 3:00;17.77280045
Solana;14/08/2021 4:00;17.20910072
Solana;14/08/2021 5:00;16.62409973
Solana;14/08/2021 6:00;15.99090004
Solana;14/08/2021 7:00;15.35779953
Solana;14/08/2021 8:00;15.13239956
Solana;14/08/2021 9:00;15.70110035
Solana;14/08/2021 10:00;17.44529915
Solana;14/08/2021 11:00;20.47430038
Solana;14/08/2021 12:00;25.09280014
Solana;14/08/2021 13:00;28.36569977
Solana;14/08/2021 14:00;30.29430008
Solana;14/08/2021 15:00;32.28319931
Solana;14/08/2021 16:00;33.60990143
Solana;14/08/2021 17:00;35.30939865
Solana;14/08/2021 18:00;34.06299973
Solana;14/08/2021 19:00;31.22120094
Solana;14/08/2021 20:00;28.44650078
Solana;14/08/2021 21:00;25.16279984
Solana;14/08/2021 22:00;22.89299965
Solana;14/08/2021 23:00;21.07069969
Solana;15/08/2021 0:00;19.74900055
Solana;15/08/2021 1:00;18.63190079
Solana;15/08/2021 2:00;17.77280045
Solana;15/08/2021 3:00;17.06419945
Solana;15/08/2021 4:00;16.34499931
Solana;15/08/2021 5:00;15.50259972
Solana;15/08/2021 6:00;14.37609959
Solana;15/08/2021 7:00;13.66829967
Solana;15/08/2021 8:00;13.18570042
Solana;15/08/2021 9:00;14.42980003
Solana;15/08/2021 10:00;17.01589966
Solana;15/08/2021 11:00;21.47380066
Solana;15/08/2021 12:00;26.58349991
Solana;15/08/2021 13:00;31.62010002
Solana;15/08/2021 14:00;34.91550064
Solana;15/08/2021 15:00;37.96020126
Solana;15/08/2021 16:00;38.95949936
Solana;15/08/2021 17:00;37.93320084
Solana;15/08/2021 18:00;35.27700043
Solana;15/08/2021 19:00;31.40990067
Solana;15/08/2021 20:00;27.56329918
Solana;15/08/2021 21:00;24.02770042
Solana;15/08/2021 22:00;20.98480034
Solana;15/08/2021 23:00;18.93260002
Solana;16/08/2021 0:00;17.69759941
Solana;16/08/2021 1:00;16.50600052
Solana;16/08/2021 2:00;15.29870033
Solana;16/08/2021 3:00;14.52099991
Solana;16/08/2021 4:00;14.12409973
Solana;16/08/2021 5:00;13.71119976
Solana;16/08/2021 6:00;13.42700005
Solana;16/08/2021 7:00;13.22859955
Solana;16/08/2021 8:00;13.19110012
Solana;16/08/2021 9:00;14.03829956
Solana;16/08/2021 10:00;16.30209923
Solana;16/08/2021 11:00;19.78660011
Solana;16/08/2021 12:00;24.05999947
Solana;16/08/2021 13:00;28.42490005
Solana;16/08/2021 14:00;31.89509964
Solana;16/08/2021 15:00;34.93709946
Solana;16/08/2021 16:00;35.70339966
Solana;16/08/2021 17:00;33.98749924
Solana;16/08/2021 18:00;31.51230049
Solana;16/08/2021 19:00;28.72649956
Solana;16/08/2021 20:00;25.41570091
Solana;16/08/2021 21:00;22.04360008
Solana;16/08/2021 22:00;19.29240036
Solana;16/08/2021 23:00;17.53660011
Solana;17/08/2021 0:00;16.08740044
Solana;17/08/2021 1:00;14.9982996
Solana;17/08/2021 2:00;14.07050037
Solana;17/08/2021 3:00;13.08390045
Solana;17/08/2021 4:00;12.27980042
Solana;17/08/2021 5:00;11.67420006
Solana;17/08/2021 6:00;11.10079956
Solana;17/08/2021 7:00;10.53829956
Solana;17/08/2021 8:00;10.64540005
Solana;17/08/2021 9:00;12.18330002
Solana;17/08/2021 10:00;15.15929985
Solana;17/08/2021 11:00;19.07760048
Solana;17/08/2021 12:00;24.3987999
Solana;17/08/2021 13:00;29.68000031
Solana;17/08/2021 14:00;34.47299957
Solana;17/08/2021 15:00;38.05199814
Solana;17/08/2021 16:00;39.75370026
Solana;17/08/2021 17:00;39.02429962
Solana;17/08/2021 18:00;35.64400101
Solana;17/08/2021 19:00;31.76569939
Solana;17/08/2021 20:00;27.76790047
Solana;17/08/2021 21:00;24.03310013
Solana;17/08/2021 22:00;21.20509911
Solana;17/08/2021 23:00;19.08300018
Solana;18/08/2021 0:00;17.25209999
Solana;18/08/2021 1:00;16.21619987
Solana;18/08/2021 2:00;15.19149971
Solana;18/08/2021 3:00;14.18309975
Solana;18/08/2021 4:00;13.56099987
Solana;18/08/2021 5:00;12.89089966
Solana;18/08/2021 6:00;12.38160038
Solana;18/08/2021 7:00;11.77600002
Solana;18/08/2021 8:00;11.53489971
Solana;18/08/2021 9:00;12.83189964
Solana;18/08/2021 10:00;15.72789955
Solana;18/08/2021 11:00;20.08209991
Solana;18/08/2021 12:00;25.21120071
Solana;18/08/2021 13:00;30.4720993
Solana;18/08/2021 14:00;35.01800156
Solana;18/08/2021 15:00;38.38690186
Solana;18/08/2021 16:00;39.24580002
Solana;18/08/2021 17:00;34.89390182
Solana;18/08/2021 18:00;31.47459984
Solana;18/08/2021 19:00;28.71039963
Solana;18/08/2021 20:00;26.12059975
Solana;18/08/2021 21:00;23.05970001
Solana;18/08/2021 22:00;20.81819916
Solana;18/08/2021 23:00;18.82519913
Solana;19/08/2021 0:00;17.05879974
Solana;19/08/2021 1:00;16.07130051
Solana;19/08/2021 2:00;15.29870033
Solana;19/08/2021 3:00;14.49950027
Solana;19/08/2021 4:00;13.83990002
Solana;19/08/2021 5:00;12.97659969
Solana;19/08/2021 6:00;12.45670033
Solana;19/08/2021 7:00;12.32269955
Solana;19/08/2021 8:00;12.45129967
Solana;19/08/2021 9:00;13.42160034
Solana;19/08/2021 10:00;16.06599998
Solana;19/08/2021 11:00;20.28619957
Solana;19/08/2021 12:00;25.22200012
Solana;19/08/2021 13:00;30.45050049
Solana;19/08/2021 14:00;34.44070053
Solana;19/08/2021 15:00;34.63489914
Solana;19/08/2021 16:00;32.08380127
Solana;19/08/2021 17:00;33.88499832
Solana;19/08/2021 18:00;32.85480118
Solana;19/08/2021 19:00;30.75230026
Solana;19/08/2021 20:00;27.61720085
Solana;19/08/2021 21:00;23.95779991
Solana;19/08/2021 22:00;21.46839905
Solana;19/08/2021 23:00;19.82959938
Solana;20/08/2021 0:00;18.51910019
Solana;20/08/2021 1:00;17.48290062
Solana;20/08/2021 2:00;16.48990059
Solana;20/08/2021 3:00;15.66359997
Solana;20/08/2021 4:00;15.01980019
Solana;20/08/2021 5:00;14.45660019
Solana;20/08/2021 6:00;13.69509983
Solana;20/08/2021 7:00;13.21249962
Solana;20/08/2021 8:00;13.29829979
Solana;20/08/2021 9:00;14.16699982
Solana;20/08/2021 10:00;16.25379944
Solana;20/08/2021 11:00;19.49119949
Solana;20/08/2021 12:00;23.22640038
Solana;20/08/2021 13:00;27.20260048
Solana;20/08/2021 14:00;30.97870064
Solana;20/08/2021 15:00;33.75009918
Solana;20/08/2021 16:00;35.09349823
Solana;20/08/2021 17:00;34.58089828
Solana;20/08/2021 18:00;32.67150116
Solana;20/08/2021 19:00;30.45050049
Solana;20/08/2021 20:00;26.48119926
Solana;20/08/2021 21:00;22.9843998
Solana;20/08/2021 22:00;20.51729965
Solana;20/08/2021 23:00;18.83589935
Solana;21/08/2021 0:00;17.43989944
Solana;21/08/2021 1:00;16.22159958
Solana;21/08/2021 2:00;15.40600014
Solana;21/08/2021 3:00;14.74619961
Solana;21/08/2021 4:00;14.11870003
Solana;21/08/2021 5:00;13.53960037
Solana;21/08/2021 6:00;13.62539959
Solana;21/08/2021 7:00;13.62539959
Solana;21/08/2021 8:00;13.73799992
Solana;21/08/2021 9:00;14.26350021
Solana;21/08/2021 10:00;16.30750084
Solana;21/08/2021 11:00;19.14209938
Solana;21/08/2021 12:00;23.02199936
Solana;21/08/2021 13:00;26.22830009
Solana;21/08/2021 14:00;29.78779984
Solana;21/08/2021 15:00;30.54750061
Solana;21/08/2021 16:00;29.50219917
Solana;21/08/2021 17:00;30.83849907
Solana;21/08/2021 18:00;30.00869942
Solana;21/08/2021 19:00;27.7947998
Solana;21/08/2021 20:00;24.68400002
Solana;21/08/2021 21:00;21.96829987
Solana;21/08/2021 22:00;19.91550064
Solana;21/08/2021 23:00;18.22909927
Solana;22/08/2021 0:00;16.75830078
Solana;22/08/2021 1:00;15.91040039
Solana;22/08/2021 2:00;15.46510029
Solana;22/08/2021 3:00;14.89109993
Solana;22/08/2021 4:00;14.37080002
Solana;22/08/2021 5:00;14.18309975
Solana;22/08/2021 6:00;13.52890015
Solana;22/08/2021 7:00;12.98200035
Solana;22/08/2021 8:00;12.97659969
Solana;22/08/2021 9:00;13.93099976
Solana;22/08/2021 10:00;16.16790009
Solana;22/08/2021 11:00;19.39990044
Solana;22/08/2021 12:00;23.72109985
Solana;22/08/2021 13:00;28.41950035
Solana;22/08/2021 14:00;32.7038002
Solana;22/08/2021 15:00;35.18529892
Solana;22/08/2021 16:00;36.61560059
Solana;22/08/2021 17:00;36.46989822
Solana;22/08/2021 18:00;33.92279816
Solana;22/08/2021 19:00;30.43969917
Solana;22/08/2021 20:00;27.06800079
Solana;22/08/2021 21:00;23.99539948
Solana;22/08/2021 22:00;21.79089928
Solana;22/08/2021 23:00;19.94239998
Solana;23/08/2021 0:00;18.15929985
Solana;23/08/2021 1:00;16.96759987
Solana;23/08/2021 2:00;15.96399975
Solana;23/08/2021 3:00;15.33090019
Solana;23/08/2021 4:00;14.96080017
Solana;23/08/2021 5:00;14.67650032
Solana;23/08/2021 6:00;14.27420044
Solana;23/08/2021 7:00;14.11340046
Solana;23/08/2021 8:00;14.18840027
Solana;23/08/2021 9:00;15.11639977
Solana;23/08/2021 10:00;17.19300079
Solana;23/08/2021 11:00;20.50650024
Solana;23/08/2021 12:00;24.68400002
Solana;23/08/2021 13:00;29.45369911
Solana;23/08/2021 14:00;33.53440094
Solana;23/08/2021 15:00;36.46450043
Solana;23/08/2021 16:00;38.09519958
Solana;23/08/2021 17:00;37.58750153
Solana;23/08/2021 18:00;35.52529907
Solana;23/08/2021 19:00;32.26169968
Solana;23/08/2021 20:00;28.28490067
Solana;23/08/2021 21:00;24.56559944
Solana;23/08/2021 22:00;21.9951992
Solana;23/08/2021 23:00;19.94239998
Solana;24/08/2021 0:00;18.37409973
Solana;24/08/2021 1:00;16.90850067
Solana;24/08/2021 2:00;15.8888998
Solana;24/08/2021 3:00;15.13780022
Solana;24/08/2021 4:00;14.56919956
Solana;24/08/2021 5:00;13.9041996
Solana;24/08/2021 6:00;13.48060036
Solana;24/08/2021 7:00;13.00879955
Solana;24/08/2021 8:00;13.13210011
Solana;24/08/2021 9:00;14.2098999
Solana;24/08/2021 10:00;16.61330032
Solana;24/08/2021 11:00;20.37220001
Solana;24/08/2021 12:00;25.22200012
Solana;24/08/2021 13:00;30.05719948
Solana;24/08/2021 14:00;34.19250107
Solana;24/08/2021 15:00;36.99900055
Solana;24/08/2021 16:00;38.70560074
Solana;24/08/2021 17:00;38.8783989
Solana;24/08/2021 18:00;36.91260147
Solana;24/08/2021 19:00;33.01660156
Solana;24/08/2021 20:00;28.96890068
Solana;24/08/2021 21:00;25.09819984
Solana;24/08/2021 22:00;22.31229973
Solana;24/08/2021 23:00;20.12509918
Solana;25/08/2021 0:00;18.37409973
Solana;25/08/2021 1:00;17.18759918
Solana;25/08/2021 2:00;16.33429909
Solana;25/08/2021 3:00;15.39529991
Solana;25/08/2021 4:00;14.85350037
Solana;25/08/2021 5:00;14.66040039
Solana;25/08/2021 6:00;14.49950027
Solana;25/08/2021 7:00;14.25279999
Solana;25/08/2021 8:00;14.12409973
Solana;25/08/2021 9:00;14.64970016
Solana;25/08/2021 10:00;16.6026001
Solana;25/08/2021 11:00;20.26469994
Solana;25/08/2021 12:00;24.52260017
Solana;25/08/2021 13:00;29.62610054
Solana;25/08/2021 14:00;30.89240074
Solana;25/08/2021 15:00;29.83620071
Solana;25/08/2021 16:00;29.1413002
Solana;25/08/2021 17:00;30.88710022
Solana;25/08/2021 18:00;28.27409935
Solana;25/08/2021 19:00;27.73559952
Solana;25/08/2021 20:00;24.87220001
Solana;25/08/2021 21:00;22.00589943
Solana;25/08/2021 22:00;20.08749962
Solana;25/08/2021 23:00;18.72319984
Solana;26/08/2021 0:00;17.83180046
Solana;26/08/2021 1:00;17.1446991
Solana;26/08/2021 2:00;16.34499931
Solana;26/08/2021 3:00;15.48649979
Solana;26/08/2021 4:00;15.11639977
Solana;26/08/2021 5:00;14.88570023
Solana;26/08/2021 6:00;14.61750031
Solana;26/08/2021 7:00;14.4083004
Solana;26/08/2021 8:00;14.49409962
Solana;26/08/2021 9:00;15.04660034
Solana;26/08/2021 10:00;16.52210045
Solana;26/08/2021 11:00;19.40519905
Solana;26/08/2021 12:00;17.71910095
Solana;26/08/2021 13:00;16.43090057
Solana;26/08/2021 14:00;15.89960003
Solana;26/08/2021 15:00;16.66699982
Solana;26/08/2021 16:00;15.76550007
Solana;26/08/2021 17:00;15.67430019
Solana;26/08/2021 18:00;15.69579983
Solana;26/08/2021 19:00;15.73330021
Solana;26/08/2021 20:00;15.02519989
Solana;26/08/2021 21:00;13.89890003
Solana;26/08/2021 22:00;13.54500008
Solana;26/08/2021 23:00;13.34119987
Solana;27/08/2021 0:00;13.23400021
Solana;27/08/2021 1:00;13.04100037
Solana;27/08/2021 2:00;13.08920002
Solana;27/08/2021 3:00;12.84799957
Solana;27/08/2021 4:00;12.93379974
Solana;27/08/2021 5:00;13.12139988
Solana;27/08/2021 6:00;13.08390045
Solana;27/08/2021 7:00;12.96590042
Solana;27/08/2021 8:00;12.71399975
Solana;27/08/2021 9:00;13.4751997
Solana;27/08/2021 10:00;15.65820026
Solana;27/08/2021 11:00;18.94869995
Solana;27/08/2021 12:00;19.81349945
Solana;27/08/2021 13:00;20.29159927
Solana;27/08/2021 14:00;19.06150055
Solana;27/08/2021 15:00;18.8090992
Solana;27/08/2021 16:00;18.33650017
Solana;27/08/2021 17:00;18.26670074
Solana;27/08/2021 18:00;17.81570053
Solana;27/08/2021 19:00;17.20369911
Solana;27/08/2021 20:00;16.42550087
Solana;27/08/2021 21:00;15.61530018
Solana;27/08/2021 22:00;14.82129955
Solana;27/08/2021 23:00;14.28499985
Solana;28/08/2021 0:00;13.60389996
Solana;28/08/2021 1:00;13.12679958
Solana;28/08/2021 2:00;12.55319977
Solana;28/08/2021 3:00;12.10830021
Solana;28/08/2021 4:00;11.7652998
Solana;28/08/2021 5:00;11.40089989
Solana;28/08/2021 6:00;11.43299961
Solana;28/08/2021 7:00;11.09549999
Solana;28/08/2021 8:00;11.3579998
Solana;28/08/2021 9:00;12.5156002
Solana;28/08/2021 10:00;14.92319965
Solana;28/08/2021 11:00;18.1916008
Solana;28/08/2021 12:00;20.70000076
Solana;28/08/2021 13:00;22.96290016
Solana;28/08/2021 14:00;21.90379906
Solana;28/08/2021 15:00;20.09819984
Solana;28/08/2021 16:00;19.57710075
Solana;28/08/2021 17:00;21.20509911
Solana;28/08/2021 18:00;21.23730087
Solana;28/08/2021 19:00;20.59250069
Solana;28/08/2021 20:00;18.55130005
Solana;28/08/2021 21:00;17.27350044
Solana;28/08/2021 22:00;16.2322998
Solana;28/08/2021 23:00;15.25049973
Solana;29/08/2021 0:00;14.51019955
Solana;29/08/2021 1:00;13.76480007
Solana;29/08/2021 2:00;13.19639969
Solana;29/08/2021 3:00;12.7407999
Solana;29/08/2021 4:00;12.30659962
Solana;29/08/2021 5:00;11.85639954
Solana;29/08/2021 6:00;11.51340008
Solana;29/08/2021 7:00;11.31519985
Solana;29/08/2021 8:00;11.61520004
Solana;29/08/2021 9:00;12.60680008
Solana;29/08/2021 10:00;14.83740044
Solana;29/08/2021 11:00;18.1378994
Solana;29/08/2021 12:00;21.67270088
Solana;29/08/2021 13:00;25.67399979
Solana;29/08/2021 14:00;29.79850006
Solana;29/08/2021 15:00;31.46920013
Solana;29/08/2021 16:00;31.74950027
Solana;29/08/2021 17:00;28.66189957
Solana;29/08/2021 18:00;25.41570091
Solana;29/08/2021 19:00;24.25359917
Solana;29/08/2021 20:00;21.65649986
Solana;29/08/2021 21:00;19.49119949
Solana;29/08/2021 22:00;17.77809906
Solana;29/08/2021 23:00;16.48450089
Solana;30/08/2021 0:00;15.73330021
Solana;30/08/2021 1:00;15.02519989
Solana;30/08/2021 2:00;14.54780006
Solana;30/08/2021 3:00;14.07579994
Solana;30/08/2021 4:00;13.46450043
Solana;30/08/2021 5:00;13.03559971
Solana;30/08/2021 6:00;12.70860004
Solana;30/08/2021 7:00;12.41380024
Solana;30/08/2021 8:00;12.41380024
Solana;30/08/2021 9:00;13.30900002
Solana;30/08/2021 10:00;15.73330021
Solana;30/08/2021 11:00;19.3784008
Solana;30/08/2021 12:00;20.20030022
Solana;30/08/2021 13:00;20.63010025
Solana;30/08/2021 14:00;22.5435009
Solana;30/08/2021 15:00;26.06139946
Solana;30/08/2021 16:00;25.60400009
Solana;30/08/2021 17:00;24.71619987
Solana;30/08/2021 18:00;22.26930046
Solana;30/08/2021 19:00;20.52260017
Solana;30/08/2021 20:00;19.01320076
Solana;30/08/2021 21:00;17.64389992
Solana;30/08/2021 22:00;16.25379944
Solana;30/08/2021 23:00;15.18610001
Solana;31/08/2021 0:00;14.59070015
Solana;31/08/2021 1:00;14.0007
Solana;31/08/2021 2:00;13.44839954
Solana;31/08/2021 3:00;12.91230011
Solana;31/08/2021 4:00;12.42450047
Solana;31/08/2021 5:00;11.88319969
Solana;31/08/2021 6:00;11.63129997
Solana;31/08/2021 7:00;11.45979977
Solana;31/08/2021 8:00;11.50809956
Solana;31/08/2021 9:00;12.26910019
Solana;31/08/2021 10:00;14.19379997
Solana;31/08/2021 11:00;16.9246006
Solana;31/08/2021 12:00;20.63549995
Solana;31/08/2021 13:00;24.59790039
Solana;31/08/2021 14:00;26.35210037
Solana;31/08/2021 15:00;29.22750092
Solana;31/08/2021 16:00;29.28129959
Solana;31/08/2021 17:00;28.33869934
Solana;31/08/2021 18:00;25.79770088
Solana;31/08/2021 19:00;22.70479965
Solana;31/08/2021 20:00;20.01759911
Solana;31/08/2021 21:00;18.18079948
Solana;31/08/2021 22:00;16.85490036
Solana;31/08/2021 23:00;15.96940041
Solana;01/09/2021 0:00;15.21829987
Solana;01/09/2021 1:00;15.10560036
Solana;01/09/2021 2:00;14.46730042
Solana;01/09/2021 3:00;13.93640041
Solana;01/09/2021 4:00;13.45919991
Solana;01/09/2021 5:00;12.98200035
Solana;01/09/2021 6:00;12.77830029
Solana;01/09/2021 7:00;12.62279987
Solana;01/09/2021 8:00;12.68719959
Solana;01/09/2021 9:00;13.09990025
Solana;01/09/2021 10:00;14.05440044
Solana;01/09/2021 11:00;14.51019955
Solana;01/09/2021 12:00;15.33090019
Solana;01/09/2021 13:00;15.26119995
Solana;01/09/2021 14:00;15.10029984
Solana;01/09/2021 15:00;15.47039986
Solana;01/09/2021 16:00;15.39529991
Solana;01/09/2021 17:00;15.86209965
Solana;01/09/2021 18:00;14.93929958
Solana;01/09/2021 19:00;14.08650017
Solana;01/09/2021 20:00;13.32509995
Solana;01/09/2021 21:00;12.77289963
Solana;01/09/2021 22:00;12.47270012
Solana;01/09/2021 23:00;11.95820045
Solana;02/09/2021 0:00;11.50269985
Solana;02/09/2021 1:00;11.10079956
Solana;02/09/2021 2:00;11.04189968
Solana;02/09/2021 3:00;10.95619965
Solana;02/09/2021 4:00;10.8114996
Solana;02/09/2021 5:00;10.91870022
Solana;02/09/2021 6:00;10.90260029
Solana;02/09/2021 7:00;10.81690025
Solana;02/09/2021 8:00;10.76329994
Solana;02/09/2021 9:00;10.98830032
Solana;02/09/2021 10:00;12.33339977
Solana;02/09/2021 11:00;12.94449997
Solana;02/09/2021 12:00;13.32509995
Solana;02/09/2021 13:00;13.70580006
Solana;02/09/2021 14:00;14.95009995
Solana;02/09/2021 15:00;14.15089989
Solana;02/09/2021 16:00;12.78899956
Solana;02/09/2021 17:00;12.07610035
Solana;02/09/2021 18:00;11.89929962
Solana;02/09/2021 19:00;11.48130035
Solana;02/09/2021 20:00;11.18659973
Solana;02/09/2021 21:00;10.90799999
Solana;02/09/2021 22:00;10.63469982
Solana;02/09/2021 23:00;10.42039967
Solana;03/09/2021 0:00;10.12580013
Solana;03/09/2021 1:00;9.900899887
Solana;03/09/2021 2:00;9.874099731
Solana;03/09/2021 3:00;9.922300339
Solana;03/09/2021 4:00;9.841899872
Solana;03/09/2021 5:00;9.402799606
Solana;03/09/2021 6:00;9.135000229
Solana;03/09/2021 7:00;9.081500053
Solana;03/09/2021 8:00;9.424200058
Solana;03/09/2021 9:00;10.37759972
Solana;03/09/2021 10:00;11.96360016
Solana;03/09/2021 11:00;13.27149963
Solana;03/09/2021 12:00;13.97929955
Solana;03/09/2021 13:00;15.63669968
Solana;03/09/2021 14:00;16.16259956
Solana;03/09/2021 15:00;17.08569908
Solana;03/09/2021 16:00;16.66699982
Solana;03/09/2021 17:00;18.95949936
Solana;03/09/2021 18:00;18.2989006
Solana;03/09/2021 19:00;16.45770073
Solana;03/09/2021 20:00;15.01439953
Solana;03/09/2021 21:00;13.30370045
Solana;03/09/2021 22:00;12.07610035
Solana;03/09/2021 23:00;11.3579998
Solana;04/09/2021 0:00;10.78470039
Solana;04/09/2021 1:00;10.35079956
Solana;04/09/2021 2:00;9.558099747
Solana;04/09/2021 3:00;8.39620018
Solana;04/09/2021 4:00;7.55039978
Solana;04/09/2021 5:00;7.143599987
Solana;04/09/2021 6:00;6.967000008
Solana;04/09/2021 7:00;6.785099983
Solana;04/09/2021 8:00;6.972400188
Solana;04/09/2021 9:00;7.619999886
Solana;04/09/2021 10:00;9.226099968
Solana;04/09/2021 11:00;12.92840004
Solana;04/09/2021 12:00;17.23600006
Solana;04/09/2021 13:00;20.87730026
Solana;04/09/2021 14:00;23.90940094
Solana;04/09/2021 15:00;26.09370041
Solana;04/09/2021 16:00;27.11639977
Solana;04/09/2021 17:00;26.24440002
Solana;04/09/2021 18:00;25.03899956
Solana;04/09/2021 19:00;22.74780083
Solana;04/09/2021 20:00;19.68989944
Solana;04/09/2021 21:00;17.3647995
Solana;04/09/2021 22:00;15.65279961
Solana;04/09/2021 23:00;14.47270012
Solana;05/09/2021 0:00;13.58780003
Solana;05/09/2021 1:00;12.8586998
Solana;05/09/2021 2:00;12.33870029
Solana;05/09/2021 3:00;11.89929962
Solana;05/09/2021 4:00;11.54559994
Solana;05/09/2021 5:00;11.32050037
Solana;05/09/2021 6:00;11.07940006
Solana;05/09/2021 7:00;10.88650036
Solana;05/09/2021 8:00;10.95619965
Solana;05/09/2021 9:00;11.58310032
Solana;05/09/2021 10:00;13.08390045
Solana;05/09/2021 11:00;15.58310032
Solana;05/09/2021 12:00;18.1916008
Solana;05/09/2021 13:00;20.22179985
Solana;05/09/2021 14:00;22.5435009
Solana;05/09/2021 15:00;24.06529999
Solana;05/09/2021 16:00;24.94759941
Solana;05/09/2021 17:00;25.43180084
Solana;05/09/2021 18:00;23.33390045
Solana;05/09/2021 19:00;21.56520081
Solana;05/09/2021 20:00;19.29240036
Solana;05/09/2021 21:00;17.55800056
Solana;05/09/2021 22:00;16.38800049
Solana;05/09/2021 23:00;15.55630016
Solana;06/09/2021 0:00;15.00909996
Solana;06/09/2021 1:00;14.63899994
Solana;06/09/2021 2:00;14.35470009
Solana;06/09/2021 3:00;14.03289986
Solana;06/09/2021 4:00;13.56639957
Solana;06/09/2021 5:00;13.37870026
Solana;06/09/2021 6:00;13.12679958
Solana;06/09/2021 7:00;13.07849979
Solana;06/09/2021 8:00;13.42700005
Solana;06/09/2021 9:00;13.8774004
Solana;06/09/2021 10:00;14.60680008
Solana;06/09/2021 11:00;15.35779953
Solana;06/09/2021 12:00;15.62059975
Solana;06/09/2021 13:00;16.48450089
Solana;06/09/2021 14:00;20.32920074
Solana;06/09/2021 15:00;22.51129913
Solana;06/09/2021 16:00;22.40369987
Solana;06/09/2021 17:00;21.94140053
Solana;06/09/2021 18:00;20.28089905
Solana;06/09/2021 19:00;19.09910011
Solana;06/09/2021 20:00;17.88549995
Solana;06/09/2021 21:00;16.88710022
Solana;06/09/2021 22:00;16.03919983
Solana;06/09/2021 23:00;15.38459969
Solana;07/09/2021 0:00;14.88570023
Solana;07/09/2021 1:00;14.52630043
Solana;07/09/2021 2:00;14.28499985
Solana;07/09/2021 3:00;13.9847002
Solana;07/09/2021 4:00;13.60389996
Solana;07/09/2021 5:00;13.3572998
Solana;07/09/2021 6:00;13.00339985
Solana;07/09/2021 7:00;12.58530045
Solana;07/09/2021 8:00;12.23690033
Solana;07/09/2021 9:00;12.49960041
Solana;07/09/2021 10:00;13.24470043
Solana;07/09/2021 11:00;14.37080002
Solana;07/09/2021 12:00;15.08419991
Solana;07/09/2021 13:00;14.89640045
Solana;07/09/2021 14:00;14.4137001
Solana;07/09/2021 15:00;14.25279999
Solana;07/09/2021 16:00;15.13780022
Solana;07/09/2021 17:00;14.53170013
Solana;07/09/2021 18:00;14.79990005
Solana;07/09/2021 19:00;13.86130047
Solana;07/09/2021 20:00;12.76760006
Solana;07/09/2021 21:00;11.95820045
Solana;07/09/2021 22:00;11.13300037
Solana;07/09/2021 23:00;10.61330032
Solana;08/09/2021 0:00;10.15260029
Solana;08/09/2021 1:00;9.600899696
Solana;08/09/2021 2:00;9.119000435
Solana;08/09/2021 3:00;8.786999702
Solana;08/09/2021 4:00;8.401499748
Solana;08/09/2021 5:00;8.085700035
Solana;08/09/2021 6:00;8.069600105
Solana;08/09/2021 7:00;8.449700356
Solana;08/09/2021 8:00;8.701299667
Solana;08/09/2021 9:00;9.520600319
Solana;08/09/2021 10:00;10.12049961
Solana;08/09/2021 11:00;11.03120041
Solana;08/09/2021 12:00;11.60449982
Solana;08/09/2021 13:00;12.82120037
Solana;08/09/2021 14:00;13.20720005
Solana;08/09/2021 15:00;13.34119987
Solana;08/09/2021 16:00;13.83450031
Solana;08/09/2021 17:00;13.52890015
Solana;08/09/2021 18:00;12.71399975
Solana;08/09/2021 19:00;12.13510036
Solana;08/09/2021 20:00;11.12230015
Solana;08/09/2021 21:00;10.50080013
Solana;08/09/2021 22:00;10.27050018
Solana;08/09/2021 23:00;10.07759953
Solana;09/09/2021 0:00;9.713399887
Solana;09/09/2021 1:00;9.526000023
Solana;09/09/2021 2:00;9.349200249
Solana;09/09/2021 3:00;9.322500229
Solana;09/09/2021 4:00;9.290300369
Solana;09/09/2021 5:00;9.01720047
Solana;09/09/2021 6:00;8.894100189
Solana;09/09/2021 7:00;8.953000069
Solana;09/09/2021 8:00;8.936900139
Solana;09/09/2021 9:00;9.102899551
Solana;09/09/2021 10:00;9.740200043
Solana;09/09/2021 11:00;11.10620022
Solana;09/09/2021 12:00;12.71930027
Solana;09/09/2021 13:00;15.04119968
Solana;09/09/2021 14:00;15.35779953
Solana;09/09/2021 15:00;14.59070015
Solana;09/09/2021 16:00;13.79699993
Solana;09/09/2021 17:00;13.16959953
Solana;09/09/2021 18:00;12.57999992
Solana;09/09/2021 19:00;11.77060032
Solana;09/09/2021 20:00;10.81690025
Solana;09/09/2021 21:00;9.767000198
Solana;09/09/2021 22:00;8.626399994
Solana;09/09/2021 23:00;7.8822999
Solana;10/09/2021 0:00;7.55039978
Solana;10/09/2021 1:00;7.384500027
Solana;10/09/2021 2:00;7.464799881
Solana;10/09/2021 3:00;7.480800152
Solana;10/09/2021 4:00;6.983099937
Solana;10/09/2021 5:00;6.678100109
Solana;10/09/2021 6:00;6.656700134
Solana;10/09/2021 7:00;6.833300114
Solana;10/09/2021 8:00;7.095499992
Solana;10/09/2021 9:00;8.058899879
Solana;10/09/2021 10:00;9.708100319
Solana;10/09/2021 11:00;13.24470043
Solana;10/09/2021 12:00;15.66359997
Solana;10/09/2021 13:00;18.75
Solana;10/09/2021 14:00;18.93799973
Solana;10/09/2021 15:00;18.57819939
Solana;10/09/2021 16:00;18.03050041
Solana;10/09/2021 17:00;16.66699982
Solana;10/09/2021 18:00;15.82450008
Solana;10/09/2021 19:00;14.82129955
Solana;10/09/2021 20:00;13.86670017
Solana;10/09/2021 21:00;12.29049969
Solana;10/09/2021 22:00;11.41699982
Solana;10/09/2021 23:00;10.70440006
Solana;11/09/2021 0:00;10.15799999
Solana;11/09/2021 1:00;9.970499992
Solana;11/09/2021 2:00;10.00800037
Solana;11/09/2021 3:00;9.879400253
Solana;11/09/2021 4:00;9.627699852
Solana;11/09/2021 5:00;9.386699677
Solana;11/09/2021 6:00;9.081500053
Solana;11/09/2021 7:00;8.851200104
Solana;11/09/2021 8:00;8.567500114
Solana;11/09/2021 9:00;8.979800224
Solana;11/09/2021 10:00;10.33469963
Solana;11/09/2021 11:00;12.23159981
Solana;11/09/2021 12:00;14.40299988
Solana;11/09/2021 13:00;14.95009995
Solana;11/09/2021 14:00;16.125
Solana;11/09/2021 15:00;17.10709953
Solana;11/09/2021 16:00;17.81040001
Solana;11/09/2021 17:00;19.02930069
Solana;11/09/2021 18:00;18.0734005
Solana;11/09/2021 19:00;15.97480011
Solana;11/09/2021 20:00;14.05440044
Solana;11/09/2021 21:00;12.41909981
Solana;11/09/2021 22:00;11.35270023
Solana;11/09/2021 23:00;10.46870041
Solana;12/09/2021 0:00;9.852700233
Solana;12/09/2021 1:00;9.526000023
Solana;12/09/2021 2:00;9.081500053
Solana;12/09/2021 3:00;8.663900375
Solana;12/09/2021 4:00;8.471099854
Solana;12/09/2021 5:00;8.149900436
Solana;12/09/2021 6:00;8.187399864
Solana;12/09/2021 7:00;8.24090004
Solana;12/09/2021 8:00;8.331899643
Solana;12/09/2021 9:00;9.006500244
Solana;12/09/2021 10:00;10.71510029
Solana;12/09/2021 11:00;13.06239986
Solana;12/09/2021 12:00;15.52939987
Solana;12/09/2021 13:00;16.97290039
Solana;12/09/2021 14:00;18.48690033
Solana;12/09/2021 15:00;18.50839996
Solana;12/09/2021 16:00;19.35149956
Solana;12/09/2021 17:00;20.13579941
Solana;12/09/2021 18:00;18.66410065
Solana;12/09/2021 19:00;16.67239952
Solana;12/09/2021 20:00;14.89640045
Solana;12/09/2021 21:00;13.63609982
Solana;12/09/2021 22:00;12.77289963
Solana;12/09/2021 23:00;12.21549988
Solana;13/09/2021 0:00;11.7652998
Solana;13/09/2021 1:00;11.38479996
Solana;13/09/2021 2:00;11.22410011
Solana;13/09/2021 3:00;10.9829998
Solana;13/09/2021 4:00;10.8597002
Solana;13/09/2021 5:00;10.76329994
Solana;13/09/2021 6:00;10.54370022
Solana;13/09/2021 7:00;10.36690044
Solana;13/09/2021 8:00;10.33469963
Solana;13/09/2021 9:00;10.80080032
Solana;13/09/2021 10:00;11.38479996
Solana;13/09/2021 11:00;12.38160038
Solana;13/09/2021 12:00;13.66829967
Solana;13/09/2021 13:00;13.56639957
Solana;13/09/2021 14:00;13.94709969
Solana;13/09/2021 15:00;13.15890026
Solana;13/09/2021 16:00;11.84029961
Solana;13/09/2021 17:00;11.1704998
Solana;13/09/2021 18:00;10.6026001
Solana;13/09/2021 19:00;10.2276001
Solana;13/09/2021 20:00;9.991900444
Solana;13/09/2021 21:00;9.836600304
Solana;13/09/2021 22:00;9.729499817
Solana;13/09/2021 23:00;9.702699661
Solana;14/09/2021 0:00;9.408100128
Solana;14/09/2021 1:00;9.242099762
Solana;14/09/2021 2:00;8.872699738
Solana;14/09/2021 3:00;8.803099632
Solana;14/09/2021 4:00;8.663900375
Solana;14/09/2021 5:00;8.428299904
Solana;14/09/2021 6:00;8.069600105
Solana;14/09/2021 7:00;7.85010004
Solana;14/09/2021 8:00;7.876900196
Solana;14/09/2021 9:00;8.503199577
Solana;14/09/2021 10:00;8.947600365
Solana;14/09/2021 11:00;9.504500389
Solana;14/09/2021 12:00;9.767000198
Solana;14/09/2021 13:00;10.19009972
Solana;14/09/2021 14:00;11.00969982
Solana;14/09/2021 15:00;11.11690044
Solana;14/09/2021 16:00;11.21870041
Solana;14/09/2021 17:00;10.95619965
Solana;14/09/2021 18:00;10.53829956
Solana;14/09/2021 19:00;9.959799767
Solana;14/09/2021 20:00;9.579500198
Solana;14/09/2021 21:00;9.408100128
Solana;14/09/2021 22:00;9.343899727
Solana;14/09/2021 23:00;9.284999847
Solana;15/09/2021 0:00;9.290300369
Solana;15/09/2021 1:00;9.290300369
Solana;15/09/2021 2:00;9.210000038
Solana;15/09/2021 3:00;9.043999672
Solana;15/09/2021 4:00;8.899399757
Solana;15/09/2021 5:00;8.722700119
Solana;15/09/2021 6:00;8.428299904
Solana;15/09/2021 7:00;7.967899799
Solana;15/09/2021 8:00;7.828700066
Solana;15/09/2021 9:00;8.074999809
Solana;15/09/2021 10:00;9.782999992
Solana;15/09/2021 11:00;11.8135004
Solana;15/09/2021 12:00;12.11900043
Solana;15/09/2021 13:00;12.13510036
Solana;15/09/2021 14:00;13.07310009
Solana;15/09/2021 15:00;14.19379997
Solana;15/09/2021 16:00;13.37339973
Solana;15/09/2021 17:00;12.71399975
Solana;15/09/2021 18:00;12.25300026
Solana;15/09/2021 19:00;11.96360016
Solana;15/09/2021 20:00;11.1651001
Solana;15/09/2021 21:00;10.59189987
Solana;15/09/2021 22:00;10.14729977
Solana;15/09/2021 23:00;9.756299973
Solana;16/09/2021 0:00;9.381400108
Solana;16/09/2021 1:00;9.076100349
Solana;16/09/2021 2:00;8.669199944
Solana;16/09/2021 3:00;8.465800285
Solana;16/09/2021 4:00;8.412199974
Solana;16/09/2021 5:00;8
Solana;16/09/2021 6:00;7.839399815
Solana;16/09/2021 7:00;7.400499821
Solana;16/09/2021 8:00;7.052700043
Solana;16/09/2021 9:00;7.914400101
Solana;16/09/2021 10:00;9.895500183
Solana;16/09/2021 11:00;12.53709984
Solana;16/09/2021 12:00;15.3416996
Solana;16/09/2021 13:00;19.5503006
Solana;16/09/2021 14:00;18.90040016
Solana;16/09/2021 15:00;17.76740074
Solana;16/09/2021 16:00;16.79050064
Solana;16/09/2021 17:00;17.12319946
Solana;16/09/2021 18:00;15.89430046
Solana;16/09/2021 19:00;14.94470024
Solana;16/09/2021 20:00;13.07849979
Solana;16/09/2021 21:00;11.59379959
Solana;16/09/2021 22:00;10.49540043
Solana;16/09/2021 23:00;9.536700249
Solana;17/09/2021 0:00;8.588899612
Solana;17/09/2021 1:00;8.117799759
Solana;17/09/2021 2:00;7.657400131
Solana;17/09/2021 3:00;7.368400097
Solana;17/09/2021 4:00;6.972400188
Solana;17/09/2021 5:00;6.442699909
Solana;17/09/2021 6:00;6.217899799
Solana;17/09/2021 7:00;5.923699856
Solana;17/09/2021 8:00;6.116300106
Solana;17/09/2021 9:00;6.581799984
Solana;17/09/2021 10:00;7.83409977
Solana;17/09/2021 11:00;10.08829975
Solana;17/09/2021 12:00;12.57460022
Solana;17/09/2021 13:00;15.22360039
Solana;17/09/2021 14:00;17.68149948
Solana;17/09/2021 15:00;18.65870094
Solana;17/09/2021 16:00;18.12179947
Solana;17/09/2021 17:00;14.92860031
Solana;17/09/2021 18:00;13.43239975
Solana;17/09/2021 19:00;12.39229965
Solana;17/09/2021 20:00;10.72039986
Solana;17/09/2021 21:00;9.408100128
Solana;17/09/2021 22:00;8.374699593
Solana;17/09/2021 23:00;7.379099846
Solana;18/09/2021 0:00;6.544300079
Solana;18/09/2021 1:00;6.335700035
Solana;18/09/2021 2:00;6.100200176
Solana;18/09/2021 3:00;5.458300114
Solana;18/09/2021 4:00;4.730899811
Solana;18/09/2021 5:00;4.1802001
Solana;18/09/2021 6:00;3.923500061
Solana;18/09/2021 7:00;3.725699902
Solana;18/09/2021 8:00;3.538599968
Solana;18/09/2021 9:00;4.185500145
Solana;18/09/2021 10:00;5.463699818
Solana;18/09/2021 11:00;7.320300102
Solana;18/09/2021 12:00;8.583499908
Solana;18/09/2021 13:00;9.740200043
Solana;18/09/2021 14:00;10.19550037
Solana;18/09/2021 15:00;10.72039986
Solana;18/09/2021 16:00;12.29590034
Solana;18/09/2021 17:00;12.2262001
Solana;18/09/2021 18:00;11.79740047
Solana;18/09/2021 19:00;10.56509972
Solana;18/09/2021 20:00;9.038700104
Solana;18/09/2021 21:00;8.021400452
Solana;18/09/2021 22:00;6.870699883
Solana;18/09/2021 23:00;5.98789978
Solana;19/09/2021 0:00;5.2979002
Solana;19/09/2021 1:00;4.752299786
Solana;19/09/2021 2:00;4.335199833
Solana;19/09/2021 3:00;3.928900003
Solana;19/09/2021 4:00;3.693599939
Solana;19/09/2021 5:00;3.843300104
Solana;19/09/2021 6:00;4.014400005
Solana;19/09/2021 7:00;4.319200039
Solana;19/09/2021 8:00;4.736299992
Solana;19/09/2021 9:00;5.388800144
Solana;19/09/2021 10:00;6.39989996
Solana;19/09/2021 11:00;9.027899742
Solana;19/09/2021 12:00;12.45670033
Solana;19/09/2021 13:00;15.47039986
Solana;19/09/2021 14:00;16.40410042
Solana;19/09/2021 15:00;17.18230057
Solana;19/09/2021 16:00;16.67779922
Solana;19/09/2021 17:00;15.77089977
Solana;19/09/2021 18:00;14.82129955
Solana;19/09/2021 19:00;13.40550041
Solana;19/09/2021 20:00;11.87250042
Solana;19/09/2021 21:00;10.30790043
Solana;19/09/2021 22:00;9.386699677
Solana;19/09/2021 23:00;8.829799652
Solana;20/09/2021 0:00;8.524600029
Solana;20/09/2021 1:00;8.133799553
Solana;20/09/2021 2:00;7.689599991
Solana;20/09/2021 3:00;7.202499866
Solana;20/09/2021 4:00;6.597799778
Solana;20/09/2021 5:00;6.378499985
Solana;20/09/2021 6:00;6.153699875
Solana;20/09/2021 7:00;6.121600151
Solana;20/09/2021 8:00;6.244699955
Solana;20/09/2021 9:00;6.645999908
Solana;20/09/2021 10:00;7.272099972
Solana;20/09/2021 11:00;8.219499588
Solana;20/09/2021 12:00;9.922300339
Solana;20/09/2021 13:00;12.03320026
Solana;20/09/2021 14:00;13.13749981
Solana;20/09/2021 15:00;13.07310009
Solana;20/09/2021 16:00;12.23690033
Solana;20/09/2021 17:00;11.39550018
Solana;20/09/2021 18:00;10.26509953
Solana;20/09/2021 19:00;9.006500244
Solana;20/09/2021 20:00;7.941100121
Solana;20/09/2021 21:00;7.272099972
Solana;20/09/2021 22:00;6.785099983
Solana;20/09/2021 23:00;6.410600185
Solana;21/09/2021 0:00;6.110899925
Solana;21/09/2021 1:00;5.907700062
Solana;21/09/2021 2:00;5.410200119
Solana;21/09/2021 3:00;4.853899956
Solana;21/09/2021 4:00;4.420800209
Solana;21/09/2021 5:00;4.244299889
Solana;21/09/2021 6:00;3.896800041
Solana;21/09/2021 7:00;3.592099905
Solana;21/09/2021 8:00;3.410300016
Solana;21/09/2021 9:00;3.645499945
Solana;21/09/2021 10:00;5.0625
Solana;21/09/2021 11:00;7.122200012
Solana;21/09/2021 12:00;9.659899712
Solana;21/09/2021 13:00;11.37409973
Solana;21/09/2021 14:00;12.30659962
Solana;21/09/2021 15:00;12.4673996
Solana;21/09/2021 16:00;12.88549995
Solana;21/09/2021 17:00;12.07079983
Solana;21/09/2021 18:00;11.05259991
Solana;21/09/2021 19:00;9.890199661
Solana;21/09/2021 20:00;8.910099983
Solana;21/09/2021 21:00;8.085700035
Solana;21/09/2021 22:00;7.593200207
Solana;21/09/2021 23:00;7.256000042
Solana;22/09/2021 0:00;6.977799892
Solana;22/09/2021 1:00;6.817200184
Solana;22/09/2021 2:00;6.603199959
Solana;22/09/2021 3:00;6.480100155
Solana;22/09/2021 4:00;6.426599979
Solana;22/09/2021 5:00;6.335700035
Solana;22/09/2021 6:00;6.29820013
Solana;22/09/2021 7:00;6.153699875
Solana;22/09/2021 8:00;6.041399956
Solana;22/09/2021 9:00;6.062799931
Solana;22/09/2021 10:00;6.244699955
Solana;22/09/2021 11:00;7.197199821
Solana;22/09/2021 12:00;8.037500381
Solana;22/09/2021 13:00;8.963700294
Solana;22/09/2021 14:00;9.0333004
Solana;22/09/2021 15:00;12.88010025
Solana;22/09/2021 16:00;12.27980042
Solana;22/09/2021 17:00;12.2475996
Solana;22/09/2021 18:00;11.50809956
Solana;22/09/2021 19:00;10.35079956
Solana;22/09/2021 20:00;8.942299843
Solana;22/09/2021 21:00;8.04279995
Solana;22/09/2021 22:00;7.609300137
Solana;22/09/2021 23:00;7.004499912
Solana;23/09/2021 0:00;6.967000008
Solana;23/09/2021 1:00;6.662000179
Solana;23/09/2021 2:00;6.100200176
Solana;23/09/2021 3:00;5.725800037
Solana;23/09/2021 4:00;5.479700089
Solana;23/09/2021 5:00;5.1802001
Solana;23/09/2021 6:00;4.939499855
Solana;23/09/2021 7:00;4.773700237
Solana;23/09/2021 8:00;4.704199791
Solana;23/09/2021 9:00;5.174799919
Solana;23/09/2021 10:00;6.747700214
Solana;23/09/2021 11:00;9.349200249
Solana;23/09/2021 12:00;12.58530045
Solana;23/09/2021 13:00;13.4751997
Solana;23/09/2021 14:00;14.79990005
Solana;23/09/2021 15:00;16.2859993
Solana;23/09/2021 16:00;16.24309921
Solana;23/09/2021 17:00;15.47039986
Solana;23/09/2021 18:00;15.87819958
Solana;23/09/2021 19:00;14.44589996
Solana;23/09/2021 20:00;12.16720009
Solana;23/09/2021 21:00;10.61330032
Solana;23/09/2021 22:00;9.574199677
Solana;23/09/2021 23:00;8.985099792
Solana;24/09/2021 0:00;8.653100014
Solana;24/09/2021 1:00;8.701299667
Solana;24/09/2021 2:00;8.674599648
Solana;24/09/2021 3:00;8.615699768
Solana;24/09/2021 4:00;8.551400185
Solana;24/09/2021 5:00;8.481800079
Solana;24/09/2021 6:00;8.428299904
Solana;24/09/2021 7:00;8.331899643
Solana;24/09/2021 8:00;8.315899849
Solana;24/09/2021 9:00;8.465800285
Solana;24/09/2021 10:00;8.696000099
Solana;24/09/2021 11:00;8.631699562
Solana;24/09/2021 12:00;9.300999641
Solana;24/09/2021 13:00;9.729499817
Solana;24/09/2021 14:00;10.54899979
Solana;24/09/2021 15:00;10.75259972
Solana;24/09/2021 16:00;10.4364996
Solana;24/09/2021 17:00;9.692000389
Solana;24/09/2021 18:00;9.820500374
Solana;24/09/2021 19:00;9.295700073
Solana;24/09/2021 20:00;8.728099823
Solana;24/09/2021 21:00;8.535400391
Solana;24/09/2021 22:00;8.433600426
Solana;24/09/2021 23:00;8.401499748
Solana;25/09/2021 0:00;8.305100441
Solana;25/09/2021 1:00;8.166000366
Solana;25/09/2021 2:00;7.95720005
Solana;25/09/2021 3:00;7.395199776
Solana;25/09/2021 4:00;7.047299862
Solana;25/09/2021 5:00;6.624599934
Solana;25/09/2021 6:00;6.736999989
Solana;25/09/2021 7:00;6.774400234
Solana;25/09/2021 8:00;6.801199913
Solana;25/09/2021 9:00;6.940299988
Solana;25/09/2021 10:00;7.545000076
Solana;25/09/2021 11:00;8.128499985
Solana;25/09/2021 12:00;7.871500015
Solana;25/09/2021 13:00;7.95720005
Solana;25/09/2021 14:00;7.454100132
Solana;25/09/2021 15:00;7.8822999
Solana;25/09/2021 16:00;7.764500141
Solana;25/09/2021 17:00;7.914400101
Solana;25/09/2021 18:00;7.823400021
Solana;25/09/2021 19:00;7.272099972
Solana;25/09/2021 20:00;6.763700008
Solana;25/09/2021 21:00;6.480100155
Solana;25/09/2021 22:00;6.362400055
Solana;25/09/2021 23:00;6.10559988
Solana;26/09/2021 0:00;5.918399811
Solana;26/09/2021 1:00;5.624100208
Solana;26/09/2021 2:00;5.715099812
Solana;26/09/2021 3:00;5.645500183
Solana;26/09/2021 4:00;5.618800163
Solana;26/09/2021 5:00;5.693699837
Solana;26/09/2021 6:00;5.602700233
Solana;26/09/2021 7:00;5.329899788
Solana;26/09/2021 8:00;5.340600014
Solana;26/09/2021 9:00;5.795300007
Solana;26/09/2021 10:00;6.61920023
Solana;26/09/2021 11:00;8.594200134
Solana;26/09/2021 12:00;11.62059975
Solana;26/09/2021 13:00;13.59319973
Solana;26/09/2021 14:00;15.41679955
Solana;26/09/2021 15:00;14.76229954
Solana;26/09/2021 16:00;14.61209965
Solana;26/09/2021 17:00;13.51809978
Solana;26/09/2021 18:00;12.07079983
Solana;26/09/2021 19:00;10.95079994
Solana;26/09/2021 20:00;10.00800037
Solana;26/09/2021 21:00;9.429599762
Solana;26/09/2021 22:00;8.840499878
Solana;26/09/2021 23:00;8.18200016
Solana;27/09/2021 0:00;7.486199856
Solana;27/09/2021 1:00;6.918900013
Solana;27/09/2021 2:00;6.522900105
Solana;27/09/2021 3:00;6.694099903
Solana;27/09/2021 4:00;6.774400234
Solana;27/09/2021 5:00;7.068699837
Solana;27/09/2021 6:00;7.443399906
Solana;27/09/2021 7:00;7.400499821
Solana;27/09/2021 8:00;7.400499821
Solana;27/09/2021 9:00;7.844799995
Solana;27/09/2021 10:00;8.267700195
Solana;27/09/2021 11:00;9.290300369
Solana;27/09/2021 12:00;10.00800037
Solana;27/09/2021 13:00;10.76869965
Solana;27/09/2021 14:00;12.37090015
Solana;27/09/2021 15:00;13.65219975
Solana;27/09/2021 16:00;14.57460022
Solana;27/09/2021 17:00;15.15390015
Solana;27/09/2021 18:00;15.82450008
Solana;27/09/2021 19:00;13.82909966
Solana;27/09/2021 20:00;11.30980015
Solana;27/09/2021 21:00;9.965100288
Solana;27/09/2021 22:00;9.193900108
Solana;27/09/2021 23:00;8.696000099
Solana;28/09/2021 0:00;8.203399658
Solana;28/09/2021 1:00;7.95179987
Solana;28/09/2021 2:00;7.614600182
Solana;28/09/2021 3:00;7.710999966
Solana;28/09/2021 4:00;7.823400021
Solana;28/09/2021 5:00;7.844799995
Solana;28/09/2021 6:00;7.802000046
Solana;28/09/2021 7:00;7.662799835
Solana;28/09/2021 8:00;7.555699825
Solana;28/09/2021 9:00;7.66809988
Solana;28/09/2021 10:00;8.728099823
Solana;28/09/2021 11:00;10.06690025
Solana;28/09/2021 12:00;12.68719959
Solana;28/09/2021 13:00;16.24839973
Solana;28/09/2021 14:00;16.8173008
Solana;28/09/2021 15:00;18.25060081
Solana;28/09/2021 16:00;18.88430023
Solana;28/09/2021 17:00;18.08950043
Solana;28/09/2021 18:00;15.73330021
Solana;28/09/2021 19:00;13.4751997
Solana;28/09/2021 20:00;11.40089989
Solana;28/09/2021 21:00;9.906200409
Solana;28/09/2021 22:00;8.353300095
Solana;28/09/2021 23:00;6.983099937
Solana;29/09/2021 0:00;6.169799805
Solana;29/09/2021 1:00;5.725800037
Solana;29/09/2021 2:00;5.479700089
Solana;29/09/2021 3:00;5.244400024
Solana;29/09/2021 4:00;5.132100105
Solana;29/09/2021 5:00;5.217599869
Solana;29/09/2021 6:00;5.479700089
Solana;29/09/2021 7:00;5.693699837
Solana;29/09/2021 8:00;5.864900112
Solana;29/09/2021 9:00;6.255400181
Solana;29/09/2021 10:00;6.811900139
Solana;29/09/2021 11:00;8.722700119
Solana;29/09/2021 12:00;10.80620003
Solana;29/09/2021 13:00;13.58780003
Solana;29/09/2021 14:00;15.8888998
Solana;29/09/2021 15:00;18.92720032
Solana;29/09/2021 16:00;18.41710091
Solana;29/09/2021 17:00;17.40239906
Solana;29/09/2021 18:00;15.94260025
Solana;29/09/2021 19:00;14.16699982
Solana;29/09/2021 20:00;12.31190014
Solana;29/09/2021 21:00;10.75790024
Solana;29/09/2021 22:00;9.574199677
Solana;29/09/2021 23:00;8.77630043
Solana;30/09/2021 0:00;8.235600471
Solana;30/09/2021 1:00;7.81799984
Solana;30/09/2021 2:00;7.448699951
Solana;30/09/2021 3:00;6.892099857
Solana;30/09/2021 4:00;6.43200016
Solana;30/09/2021 5:00;6.17509985
Solana;30/09/2021 6:00;5.955800056
Solana;30/09/2021 7:00;5.576000214
Solana;30/09/2021 8:00;5.32460022
Solana;30/09/2021 9:00;5.436900139
Solana;30/09/2021 10:00;6.410600185
Solana;30/09/2021 11:00;8.786999702
Solana;30/09/2021 12:00;11.94209957
Solana;30/09/2021 13:00;15.12709999
Solana;30/09/2021 14:00;17.59020042
Solana;30/09/2021 15:00;19.99080086
Solana;30/09/2021 16:00;21.43079948
Solana;30/09/2021 17:00;20.92029953
Solana;30/09/2021 18:00;18.49760056
Solana;30/09/2021 19:00;15.79769993
Solana;30/09/2021 20:00;13.49670029
Solana;30/09/2021 21:00;11.82419968
Solana;30/09/2021 22:00;10.51690006
Solana;30/09/2021 23:00;9.616999626
Solana;01/10/2021 0:00;8.856599808
Solana;01/10/2021 1:00;8.246299744
Solana;01/10/2021 2:00;8.010700226
Solana;01/10/2021 3:00;7.85010004
Solana;01/10/2021 4:00;7.812699795
Solana;01/10/2021 5:00;7.876900196
Solana;01/10/2021 6:00;7.79129982
Solana;01/10/2021 7:00;7.710999966
Solana;01/10/2021 8:00;7.625299931
Solana;01/10/2021 9:00;7.75909996
Solana;01/10/2021 10:00;8.24090004
Solana;01/10/2021 11:00;9.376000404
Solana;01/10/2021 12:00;11.88850021
Solana;01/10/2021 13:00;15.10029984
Solana;01/10/2021 14:00;18.48690033
Solana;01/10/2021 15:00;20.24329948
Solana;01/10/2021 16:00;19.44820023
Solana;01/10/2021 17:00;18.44930077
Solana;01/10/2021 18:00;16.69389915
Solana;01/10/2021 19:00;15.01980019
Solana;01/10/2021 20:00;13.42700005
Solana;01/10/2021 21:00;12.26369953
Solana;01/10/2021 22:00;10.9776001
Solana;01/10/2021 23:00;9.986599922
Solana;02/10/2021 0:00;9.317099571
Solana;02/10/2021 1:00;8.658499718
Solana;02/10/2021 2:00;8.36400032
Solana;02/10/2021 3:00;8.256999969
Solana;02/10/2021 4:00;8.144499779
Solana;02/10/2021 5:00;8.026800156
Solana;02/10/2021 6:00;7.876900196
Solana;02/10/2021 7:00;7.8822999
Solana;02/10/2021 8:00;8
Solana;02/10/2021 9:00;8.24090004
Solana;02/10/2021 10:00;8.588899612
Solana;02/10/2021 11:00;9.086799622
Solana;02/10/2021 12:00;9.311800003
Solana;02/10/2021 13:00;9.461700439
Solana;02/10/2021 14:00;9.451000214
Solana;02/10/2021 15:00;9.504500389
Solana;02/10/2021 16:00;9.440299988
Solana;02/10/2021 17:00;9.140399933
Solana;02/10/2021 18:00;8.953000069
Solana;02/10/2021 19:00;8.81910038
Solana;02/10/2021 20:00;8.669199944
Solana;02/10/2021 21:00;8.519300461
Solana;02/10/2021 22:00;8.406900406
Solana;02/10/2021 23:00;8.369400024
Solana;03/10/2021 0:00;8.406900406
Solana;03/10/2021 1:00;8.43900013
Solana;03/10/2021 2:00;8.465800285
Solana;03/10/2021 3:00;7.507599831
Solana;03/10/2021 4:00;6.469399929
Solana;03/10/2021 5:00;6.26609993
Solana;03/10/2021 6:00;5.929100037
Solana;03/10/2021 7:00;5.351299763
Solana;03/10/2021 8:00;4.586599827
Solana;03/10/2021 9:00;4.538400173
Solana;03/10/2021 10:00;4.212299824
Solana;03/10/2021 11:00;4.955599785
Solana;03/10/2021 12:00;6.38380003
Solana;03/10/2021 13:00;8.513899803
Solana;03/10/2021 14:00;10.72039986
Solana;03/10/2021 15:00;11.30980015
Solana;03/10/2021 16:00;11.05259991
Solana;03/10/2021 17:00;10.17399979
Solana;03/10/2021 18:00;9.456299782
Solana;03/10/2021 19:00;7.97329998
Solana;03/10/2021 20:00;6.752999783
Solana;03/10/2021 21:00;5.554599762
Solana;03/10/2021 22:00;4.736299992
Solana;03/10/2021 23:00;3.928900003
Solana;04/10/2021 0:00;3.308799982
Solana;04/10/2021 1:00;2.907900095
Solana;04/10/2021 2:00;2.592499971
Solana;04/10/2021 3:00;2.335999966
Solana;04/10/2021 4:00;2.213099957
Solana;04/10/2021 5:00;2.234499931
Solana;04/10/2021 6:00;2.309299946
Solana;04/10/2021 7:00;2.389499903
Solana;04/10/2021 8:00;2.587199926
Solana;04/10/2021 9:00;2.891799927
Solana;04/10/2021 10:00;3.57069993
Solana;04/10/2021 11:00;4.645400047
Solana;04/10/2021 12:00;5.977200031
Solana;04/10/2021 13:00;7.919700146
Solana;04/10/2021 14:00;8.508600235
Solana;04/10/2021 15:00;9.392100334
Solana;04/10/2021 16:00;9.220700264
Solana;04/10/2021 17:00;8.615699768
Solana;04/10/2021 18:00;8.18200016
Solana;04/10/2021 19:00;7.181099892
Solana;04/10/2021 20:00;6.678100109
Solana;04/10/2021 21:00;6.50150013
Solana;04/10/2021 22:00;6.260700226
Solana;04/10/2021 23:00;6.19119978
Solana;05/10/2021 0:00;6.084199905
Solana;05/10/2021 1:00;6.153699875
Solana;05/10/2021 2:00;6.196499825
Solana;05/10/2021 3:00;6.29820013
Solana;05/10/2021 4:00;6.38380003
Solana;05/10/2021 5:00;6.442699909
Solana;05/10/2021 6:00;6.43200016
Solana;05/10/2021 7:00;6.437300205
Solana;05/10/2021 8:00;6.41590023
Solana;05/10/2021 9:00;6.587100029
Solana;05/10/2021 10:00;6.779799938
Solana;05/10/2021 11:00;7.373799801
Solana;05/10/2021 12:00;8.24090004
Solana;05/10/2021 13:00;8.529999733
Solana;05/10/2021 14:00;8.797699928
Solana;05/10/2021 15:00;9.552700043
Solana;05/10/2021 16:00;10.19009972
Solana;05/10/2021 17:00;10.10439968
Solana;05/10/2021 18:00;9.911600113
Solana;05/10/2021 19:00;8.57820034
Solana;05/10/2021 20:00;7.828700066
Solana;05/10/2021 21:00;7.438000202
Solana;05/10/2021 22:00;7.159699917
Solana;05/10/2021 23:00;6.790500164
Solana;06/10/2021 0:00;6.035999775
Solana;06/10/2021 1:00;5.351299763
Solana;06/10/2021 2:00;4.939499855
Solana;06/10/2021 3:00;4.677499771
Solana;06/10/2021 4:00;4.549099922
Solana;06/10/2021 5:00;4.361999989
Solana;06/10/2021 6:00;4.16410017
Solana;06/10/2021 7:00;4.148099899
Solana;06/10/2021 8:00;4.057199955
Solana;06/10/2021 9:00;4.426099777
Solana;06/10/2021 10:00;5.576000214
Solana;06/10/2021 11:00;7.486199856
Solana;06/10/2021 12:00;10.06159973
Solana;06/10/2021 13:00;13.42160034
Solana;06/10/2021 14:00;16.31819916
Solana;06/10/2021 15:00;18.11100006
Solana;06/10/2021 16:00;18.92720032
Solana;06/10/2021 17:00;18.90040016
Solana;06/10/2021 18:00;17.61170006
Solana;06/10/2021 19:00;15.30410004
Solana;06/10/2021 20:00;12.81579971
Solana;06/10/2021 21:00;11.26690006
Solana;06/10/2021 22:00;10.05080032
Solana;06/10/2021 23:00;9.199299812
Solana;07/10/2021 0:00;8.556799889
Solana;07/10/2021 1:00;8.090999603
Solana;07/10/2021 2:00;7.785900116
Solana;07/10/2021 3:00;7.518300056
Solana;07/10/2021 4:00;7.261400223
Solana;07/10/2021 5:00;6.945600033
Solana;07/10/2021 6:00;6.581799984
Solana;07/10/2021 7:00;6.116300106
Solana;07/10/2021 8:00;5.961200237
Solana;07/10/2021 9:00;6.217899799
Solana;07/10/2021 10:00;7.427299976
Solana;07/10/2021 11:00;9.874099731
Solana;07/10/2021 12:00;12.82649994
Solana;07/10/2021 13:00;16.53280067
Solana;07/10/2021 14:00;19.3192997
Solana;07/10/2021 15:00;20.93639946
Solana;07/10/2021 16:00;20.24329948
Solana;07/10/2021 17:00;19.42670059
Solana;07/10/2021 18:00;18.22909927
Solana;07/10/2021 19:00;15.55630016
Solana;07/10/2021 20:00;13.26080036
Solana;07/10/2021 21:00;11.73849964
Solana;07/10/2021 22:00;10.58650017
Solana;07/10/2021 23:00;9.670599937
Solana;08/10/2021 0:00;8.926199913
Solana;08/10/2021 1:00;8.294400215
Solana;08/10/2021 2:00;7.716300011
Solana;08/10/2021 3:00;7.256000042
Solana;08/10/2021 4:00;6.833300114
Solana;08/10/2021 5:00;6.426599979
Solana;08/10/2021 6:00;6.078800201
Solana;08/10/2021 7:00;5.875599861
Solana;08/10/2021 8:00;5.629499912
Solana;08/10/2021 9:00;6.046700001
Solana;08/10/2021 10:00;7.261400223
Solana;08/10/2021 11:00;9.745499611
Solana;08/10/2021 12:00;13.16959953
Solana;08/10/2021 13:00;16.51140022
Solana;08/10/2021 14:00;19.3192997
Solana;08/10/2021 15:00;20.79129982
Solana;08/10/2021 16:00;21.74250031
Solana;08/10/2021 17:00;21.25349998
Solana;08/10/2021 18:00;19.08839989
Solana;08/10/2021 19:00;16.3932991
Solana;08/10/2021 20:00;14.15629959
Solana;08/10/2021 21:00;12.41380024
Solana;08/10/2021 22:00;10.94550037
Solana;08/10/2021 23:00;9.890199661
Solana;09/10/2021 0:00;9.177900314
Solana;09/10/2021 1:00;8.615699768
Solana;09/10/2021 2:00;8.187399864
Solana;09/10/2021 3:00;7.785900116
Solana;09/10/2021 4:00;7.330999851
Solana;09/10/2021 5:00;7.084799767
Solana;09/10/2021 6:00;7.009900093
Solana;09/10/2021 7:00;7.009900093
Solana;09/10/2021 8:00;7.031300068
Solana;09/10/2021 9:00;7.432600021
Solana;09/10/2021 10:00;7.946499825
Solana;09/10/2021 11:00;9.434900284
Solana;09/10/2021 12:00;12.17800045
Solana;09/10/2021 13:00;15.57240009
Solana;09/10/2021 14:00;17.68149948
Solana;09/10/2021 15:00;19.92630005
Solana;09/10/2021 16:00;19.82959938
Solana;09/10/2021 17:00;17.85330009
Solana;09/10/2021 18:00;15.45969963
Solana;09/10/2021 19:00;13.3572998
Solana;09/10/2021 20:00;11.70100021
Solana;09/10/2021 21:00;10.40970039
Solana;09/10/2021 22:00;9.483099937
Solana;09/10/2021 23:00;8.803099632
Solana;10/10/2021 0:00;8.219499588
Solana;10/10/2021 1:00;7.721700191
Solana;10/10/2021 2:00;7.250699997
Solana;10/10/2021 3:00;6.865399837
Solana;10/10/2021 4:00;6.539000034
Solana;10/10/2021 5:00;6.17509985
Solana;10/10/2021 6:00;5.939799786
Solana;10/10/2021 7:00;5.672299862
Solana;10/10/2021 8:00;5.661600113
Solana;10/10/2021 9:00;5.955800056
Solana;10/10/2021 10:00;6.758399963
Solana;10/10/2021 11:00;8.513899803
Solana;10/10/2021 12:00;10.89719963
Solana;10/10/2021 13:00;14.18309975
Solana;10/10/2021 14:00;16.75289917
Solana;10/10/2021 15:00;19.08300018
Solana;10/10/2021 16:00;19.87260056
Solana;10/10/2021 17:00;20.15189934
Solana;10/10/2021 18:00;17.55800056
Solana;10/10/2021 19:00;14.8696003
Solana;10/10/2021 20:00;12.7407999
Solana;10/10/2021 21:00;10.9989996
Solana;10/10/2021 22:00;9.708100319
Solana;10/10/2021 23:00;8.663900375
Solana;11/10/2021 0:00;7.941100121
Solana;11/10/2021 1:00;7.304200172
Solana;11/10/2021 2:00;6.736999989
Solana;11/10/2021 3:00;6.41590023
Solana;11/10/2021 4:00;6.052100182
Solana;11/10/2021 5:00;5.747200012
Solana;11/10/2021 6:00;5.426199913
Solana;11/10/2021 7:00;5.1802001
Solana;11/10/2021 8:00;5.121399879
Solana;11/10/2021 9:00;5.485099792
Solana;11/10/2021 10:00;6.447999954
Solana;11/10/2021 11:00;8.39620018
Solana;11/10/2021 12:00;11.25619984
Solana;11/10/2021 13:00;14.15629959
Solana;11/10/2021 14:00;16.67239952
Solana;11/10/2021 15:00;18.93260002
Solana;11/10/2021 16:00;19.92090034
Solana;11/10/2021 17:00;20.03370094
Solana;11/10/2021 18:00;18.52980042
Solana;11/10/2021 19:00;15.27729988
Solana;11/10/2021 20:00;12.6388998
Solana;11/10/2021 21:00;10.76329994
Solana;11/10/2021 22:00;9.408100128
Solana;11/10/2021 23:00;8.38010025
Solana;12/10/2021 0:00;7.646699905
Solana;12/10/2021 1:00;7.165100098
Solana;12/10/2021 2:00;6.629899979
Solana;12/10/2021 3:00;6.14839983
Solana;12/10/2021 4:00;5.822100163
Solana;12/10/2021 5:00;5.506499767
Solana;12/10/2021 6:00;5.228300095
Solana;12/10/2021 7:00;4.971600056
Solana;12/10/2021 8:00;4.789800167
Solana;12/10/2021 9:00;5.025100231
Solana;12/10/2021 10:00;6.10559988
Solana;12/10/2021 11:00;8.465800285
Solana;12/10/2021 12:00;11.45979977
Solana;12/10/2021 13:00;14.67109966
Solana;12/10/2021 14:00;17.83180046
Solana;12/10/2021 15:00;19.73290062
Solana;12/10/2021 16:00;20.68379974
Solana;12/10/2021 17:00;20.37220001
Solana;12/10/2021 18:00;18.41710091
Solana;12/10/2021 19:00;15.27729988
Solana;12/10/2021 20:00;12.8586998
Solana;12/10/2021 21:00;11.04189968
Solana;12/10/2021 22:00;9.820500374
Solana;12/10/2021 23:00;9.108300209
Solana;13/10/2021 0:00;8.289099693
Solana;13/10/2021 1:00;7.614600182
Solana;13/10/2021 2:00;7.090099812
Solana;13/10/2021 3:00;6.47480011
Solana;13/10/2021 4:00;6.260700226
Solana;13/10/2021 5:00;6.068099976
Solana;13/10/2021 6:00;5.929100037
Solana;13/10/2021 7:00;5.902299881
Solana;13/10/2021 8:00;5.848800182
Solana;13/10/2021 9:00;6.271500111
Solana;13/10/2021 10:00;7.304200172
Solana;13/10/2021 11:00;9.568799973
Solana;13/10/2021 12:00;12.70320034
Solana;13/10/2021 13:00;15.92650032
Solana;13/10/2021 14:00;18.57279968
Solana;13/10/2021 15:00;20.25399971
Solana;13/10/2021 16:00;21.1352005
Solana;13/10/2021 17:00;20.58709908
Solana;13/10/2021 18:00;18.58889961
Solana;13/10/2021 19:00;15.45969963
Solana;13/10/2021 20:00;13.12139988
Solana;13/10/2021 21:00;11.41699982
Solana;13/10/2021 22:00;10.16329956
Solana;13/10/2021 23:00;9.167200089
Solana;14/10/2021 0:00;8.337300301
Solana;14/10/2021 1:00;7.646699905
Solana;14/10/2021 2:00;7.084799767
Solana;14/10/2021 3:00;6.565700054
Solana;14/10/2021 4:00;6.159100056
Solana;14/10/2021 5:00;5.886300087
Solana;14/10/2021 6:00;5.859499931
Solana;14/10/2021 7:00;5.747200012
Solana;14/10/2021 8:00;5.629499912
Solana;14/10/2021 9:00;5.661600113
Solana;14/10/2021 10:00;6.59250021
Solana;14/10/2021 11:00;8.856599808
Solana;14/10/2021 12:00;11.99569988
Solana;14/10/2021 13:00;16.10350037
Solana;14/10/2021 14:00;19.09370041
Solana;14/10/2021 15:00;20.90950012
Solana;14/10/2021 16:00;20.50650024
Solana;14/10/2021 17:00;18.77149963
Solana;14/10/2021 18:00;16.57579994
Solana;14/10/2021 19:00;14.26889992
Solana;14/10/2021 20:00;12.12440014
Solana;14/10/2021 21:00;10.49009991
Solana;14/10/2021 22:00;9.306400299
Solana;14/10/2021 23:00;8.449700356
Solana;15/10/2021 0:00;7.539700031
Solana;15/10/2021 1:00;6.720900059
Solana;15/10/2021 2:00;6.29820013
Solana;15/10/2021 3:00;6.201900005
Solana;15/10/2021 4:00;5.875599861
Solana;15/10/2021 5:00;5.715099812
Solana;15/10/2021 6:00;5.773900032
Solana;15/10/2021 7:00;5.800700188
Solana;15/10/2021 8:00;5.731100082
Solana;15/10/2021 9:00;5.747200012
Solana;15/10/2021 10:00;6.560400009
Solana;15/10/2021 11:00;8.481800079
Solana;15/10/2021 12:00;11.48659992
Solana;15/10/2021 13:00;15.07339954
Solana;15/10/2021 14:00;17.8586998
Solana;15/10/2021 15:00;19.6093998
Solana;15/10/2021 16:00;20.39369965
Solana;15/10/2021 17:00;18.69630051
Solana;15/10/2021 18:00;16.70459938
Solana;15/10/2021 19:00;14.23670006
Solana;15/10/2021 20:00;12.15120029
Solana;15/10/2021 21:00;10.58119965
Solana;15/10/2021 22:00;9.397399902
Solana;15/10/2021 23:00;8.508600235
Solana;16/10/2021 0:00;7.914400101
Solana;16/10/2021 1:00;7.625299931
Solana;16/10/2021 2:00;7.384500027
Solana;16/10/2021 3:00;7.496900082
Solana;16/10/2021 4:00;7.507599831
Solana;16/10/2021 5:00;7.496900082
Solana;16/10/2021 6:00;7.411200047
Solana;16/10/2021 7:00;7.470099926
Solana;16/10/2021 8:00;7.539700031
Solana;16/10/2021 9:00;7.903699875
Solana;16/10/2021 10:00;8.166000366
Solana;16/10/2021 11:00;8.626399994
Solana;16/10/2021 12:00;9.584899902
Solana;16/10/2021 13:00;11.35270023
Solana;16/10/2021 14:00;11.99569988
Solana;16/10/2021 15:00;11.72780037
Solana;16/10/2021 16:00;11.80819988
Solana;16/10/2021 17:00;10.95079994
Solana;16/10/2021 18:00;9.782999992
Solana;16/10/2021 19:00;8.744199753
Solana;16/10/2021 20:00;8.315899849
Solana;16/10/2021 21:00;8.19810009
Solana;16/10/2021 22:00;8.107099533
Solana;16/10/2021 23:00;8.069600105
Solana;17/10/2021 0:00;8.069600105
Solana;17/10/2021 1:00;7.887599945
Solana;17/10/2021 2:00;7.475500107
Solana;17/10/2021 3:00;7.336299896
Solana;17/10/2021 4:00;7.218599796
Solana;17/10/2021 5:00;6.667399883
Solana;17/10/2021 6:00;6.196499825
Solana;17/10/2021 7:00;6.08949995
Solana;17/10/2021 8:00;5.608099937
Solana;17/10/2021 9:00;5.185500145
Solana;17/10/2021 10:00;5.559899807
Solana;17/10/2021 11:00;7.545000076
Solana;17/10/2021 12:00;9.825900078
Solana;17/10/2021 13:00;12.61750031
Solana;17/10/2021 14:00;14.37609959
Solana;17/10/2021 15:00;15.7869997
Solana;17/10/2021 16:00;15.77620029
Solana;17/10/2021 17:00;15.15929985
Solana;17/10/2021 18:00;13.36270046
Solana;17/10/2021 19:00;11.39019966
Solana;17/10/2021 20:00;9.782999992
Solana;17/10/2021 21:00;8.487199783
Solana;17/10/2021 22:00;7.962500095
Solana;17/10/2021 23:00;7.860799789
Solana;18/10/2021 0:00;7.893000126
Solana;18/10/2021 1:00;7.946499825
Solana;18/10/2021 2:00;7.95179987
Solana;18/10/2021 3:00;7.764500141
Solana;18/10/2021 4:00;8.310500145
Solana;18/10/2021 5:00;8.744199753
Solana;18/10/2021 6:00;9.043999672
Solana;18/10/2021 7:00;9.327799797
Solana;18/10/2021 8:00;9.440299988
Solana;18/10/2021 9:00;9.718799591
Solana;18/10/2021 10:00;10.30259991
Solana;18/10/2021 11:00;11.33119965
Solana;18/10/2021 12:00;13.31980038
Solana;18/10/2021 13:00;14.95540047
Solana;18/10/2021 14:00;15.93719959
Solana;18/10/2021 15:00;16.42020035
Solana;18/10/2021 16:00;15.90499973
Solana;18/10/2021 17:00;15.24510002
Solana;18/10/2021 18:00;13.89890003
Solana;18/10/2021 19:00;12.49419975
Solana;18/10/2021 20:00;11.75459957
Solana;18/10/2021 21:00;11.11690044
Solana;18/10/2021 22:00;10.64009953
Solana;18/10/2021 23:00;10.27050018
Solana;19/10/2021 0:00;9.938400269
Solana;19/10/2021 1:00;9.606300354
Solana;19/10/2021 2:00;9.263600349
Solana;19/10/2021 3:00;8.83520031
Solana;19/10/2021 4:00;8.867300034
Solana;19/10/2021 5:00;8.968999863
Solana;19/10/2021 6:00;9.065400124
Solana;19/10/2021 7:00;9.065400124
Solana;19/10/2021 8:00;9.140399933
Solana;19/10/2021 9:00;9.317099571
Solana;19/10/2021 10:00;9.815199852
Solana;19/10/2021 11:00;10.65079975
Solana;19/10/2021 12:00;11.52950001
Solana;19/10/2021 13:00;12.37629986
Solana;19/10/2021 14:00;13.61470032
Solana;19/10/2021 15:00;14.59070015
Solana;19/10/2021 16:00;13.91489983
Solana;19/10/2021 17:00;13.29829979
Solana;19/10/2021 18:00;12.60680008
Solana;19/10/2021 19:00;11.79740047
Solana;19/10/2021 20:00;10.79539967
Solana;19/10/2021 21:00;10.29189968
Solana;19/10/2021 22:00;10.13650036
Solana;19/10/2021 23:00;10.02939987
Solana;20/10/2021 0:00;9.841899872
Solana;20/10/2021 1:00;9.702699661
Solana;20/10/2021 2:00;9.488499641
Solana;20/10/2021 3:00;9.161800385
Solana;20/10/2021 4:00;8.936900139
Solana;20/10/2021 5:00;8.540699959
Solana;20/10/2021 6:00;8.208800316
Solana;20/10/2021 7:00;7.989299774
Solana;20/10/2021 8:00;7.930399895
Solana;20/10/2021 9:00;8.123100281
Solana;20/10/2021 10:00;8.39620018
Solana;20/10/2021 11:00;8.722700119
Solana;20/10/2021 12:00;9.129699707
Solana;20/10/2021 13:00;9.284999847
Solana;20/10/2021 14:00;9.365300179
Solana;20/10/2021 15:00;9.563500404
Solana;20/10/2021 16:00;9.991900444
Solana;20/10/2021 17:00;9.349200249
Solana;20/10/2021 18:00;8.358699799
Solana;20/10/2021 19:00;7.512899876
Solana;20/10/2021 20:00;6.742300034
Solana;20/10/2021 21:00;6.367800236
Solana;20/10/2021 22:00;6.28219986
Solana;20/10/2021 23:00;6.255400181
Solana;21/10/2021 0:00;6.126999855
Solana;21/10/2021 1:00;6.110899925
Solana;21/10/2021 2:00;5.543900013
Solana;21/10/2021 3:00;5.073200226
Solana;21/10/2021 4:00;4.912799835
Solana;21/10/2021 5:00;4.554500103
Solana;21/10/2021 6:00;4.196199894
Solana;21/10/2021 7:00;3.463799953
Solana;21/10/2021 8:00;2.945300102
Solana;21/10/2021 9:00;2.506999969
Solana;21/10/2021 10:00;2.913199902
Solana;21/10/2021 11:00;3.714999914
Solana;21/10/2021 12:00;6.51760006
Solana;21/10/2021 13:00;8.808400154
Solana;21/10/2021 14:00;11.81890011
Solana;21/10/2021 15:00;13.97929955
Solana;21/10/2021 16:00;15.14319992
Solana;21/10/2021 17:00;14.25279999
Solana;21/10/2021 18:00;12.29049969
Solana;21/10/2021 19:00;10.29189968
Solana;21/10/2021 20:00;8.508600235
Solana;21/10/2021 21:00;6.811900139
Solana;21/10/2021 22:00;5.672299862
Solana;21/10/2021 23:00;5.142700195
Solana;22/10/2021 0:00;4.880700111
Solana;22/10/2021 1:00;4.768400192
Solana;22/10/2021 2:00;4.624000072
Solana;22/10/2021 3:00;4.271100044
Solana;22/10/2021 4:00;4.212299824
Solana;22/10/2021 5:00;4.148099899
Solana;22/10/2021 6:00;3.912800074
Solana;22/10/2021 7:00;3.848700047
Solana;22/10/2021 8:00;3.880800009
Solana;22/10/2021 9:00;4.313799858
Solana;22/10/2021 10:00;5.158800125
Solana;22/10/2021 11:00;6.287499905
Solana;22/10/2021 12:00;8.069600105
Solana;22/10/2021 13:00;10.51150036
Solana;22/10/2021 14:00;12.91769981
Solana;22/10/2021 15:00;14.52630043
Solana;22/10/2021 16:00;14.29570007
Solana;22/10/2021 17:00;13.14280033
Solana;22/10/2021 18:00;11.94750023
Solana;22/10/2021 19:00;9.943699837
Solana;22/10/2021 20:00;8.310500145
Solana;22/10/2021 21:00;7.207900047
Solana;22/10/2021 22:00;6.29820013
Solana;22/10/2021 23:00;5.533199787
Solana;23/10/2021 0:00;4.736299992
Solana;23/10/2021 1:00;3.886100054
Solana;23/10/2021 2:00;3.046799898
Solana;23/10/2021 3:00;2.416199923
Solana;23/10/2021 4:00;1.978000045
Solana;23/10/2021 5:00;1.331500053
Solana;23/10/2021 6:00;1.406299949
Solana;23/10/2021 7:00;1.294100046
Solana;23/10/2021 8:00;1.267400026
Solana;23/10/2021 9:00;1.262099981
Solana;23/10/2021 10:00;1.705500007
Solana;23/10/2021 11:00;3.891499996
Solana;23/10/2021 12:00;7.309599876
Solana;23/10/2021 13:00;11.02050018
Solana;23/10/2021 14:00;13.8774004
Solana;23/10/2021 15:00;15.81919956
Solana;23/10/2021 16:00;16.8173008
Solana;23/10/2021 17:00;15.46510029
Solana;23/10/2021 18:00;12.59070015
Solana;23/10/2021 19:00;9.954400063
Solana;23/10/2021 20:00;8.048199654
Solana;23/10/2021 21:00;6.913499832
Solana;23/10/2021 22:00;6.100200176
Solana;23/10/2021 23:00;5.485099792
Solana;24/10/2021 0:00;4.811200142
Solana;24/10/2021 1:00;4.190899849
Solana;24/10/2021 2:00;3.907500029
Solana;24/10/2021 3:00;3.822000027
Solana;24/10/2021 4:00;3.54399991
Solana;24/10/2021 5:00;3.394299984
Solana;24/10/2021 6:00;3.244600058
Solana;24/10/2021 7:00;3.121700048
Solana;24/10/2021 8:00;2.95600009
Solana;24/10/2021 9:00;2.950599909
Solana;24/10/2021 10:00;3.404999971
Solana;24/10/2021 11:00;5.083899975
Solana;24/10/2021 12:00;8.074999809
Solana;24/10/2021 13:00;11.68490028
Solana;24/10/2021 14:00;14.56389999
Solana;24/10/2021 15:00;16.6026001
Solana;24/10/2021 16:00;17.64929962
Solana;24/10/2021 17:00;15.84060001
Solana;24/10/2021 18:00;13.70580006
Solana;24/10/2021 19:00;11.81890011
Solana;24/10/2021 20:00;10.2489996
Solana;24/10/2021 21:00;8.808400154
Solana;24/10/2021 22:00;7.598599911
Solana;24/10/2021 23:00;6.811900139
Solana;25/10/2021 0:00;5.698999882
Solana;25/10/2021 1:00;4.869999886
Solana;25/10/2021 2:00;4.287099838
Solana;25/10/2021 3:00;3.832600117
Solana;25/10/2021 4:00;3.495800018
Solana;25/10/2021 5:00;3.217900038
Solana;25/10/2021 6:00;2.923899889
Solana;25/10/2021 7:00;2.715500116
Solana;25/10/2021 8:00;2.555099964
Solana;25/10/2021 9:00;2.806299925
Solana;25/10/2021 10:00;3.180500031
Solana;25/10/2021 11:00;4.656099796
Solana;25/10/2021 12:00;7.352399826
Solana;25/10/2021 13:00;9.531299591
Solana;25/10/2021 14:00;10.49540043
Solana;25/10/2021 15:00;11.44909954
Solana;25/10/2021 16:00;11.47060013
Solana;25/10/2021 17:00;11.07400036
Solana;25/10/2021 18:00;10.16870022
Solana;25/10/2021 19:00;8.604999542
Solana;25/10/2021 20:00;7.341700077
Solana;25/10/2021 21:00;6.362400055
Solana;25/10/2021 22:00;5.538599968
Solana;25/10/2021 23:00;4.789800167
Solana;26/10/2021 0:00;4.132100105
Solana;26/10/2021 1:00;3.704299927
Solana;26/10/2021 2:00;3.437000036
Solana;26/10/2021 3:00;3.105600119
Solana;26/10/2021 4:00;2.544399977
Solana;26/10/2021 5:00;2.015399933
Solana;26/10/2021 6:00;1.652099967
Solana;26/10/2021 7:00;1.310199976
Solana;26/10/2021 8:00;1.021700025
Solana;26/10/2021 9:00;1.059100032
Solana;26/10/2021 10:00;1.748200059
Solana;26/10/2021 11:00;3.993000031
Solana;26/10/2021 12:00;7.213200092
Solana;26/10/2021 13:00;10.12049961
Solana;26/10/2021 14:00;12.37629986
Solana;26/10/2021 15:00;14.39220047
Solana;26/10/2021 16:00;14.96619987
Solana;26/10/2021 17:00;14.55309963
Solana;26/10/2021 18:00;12.62819958
Solana;26/10/2021 19:00;10.14729977
Solana;26/10/2021 20:00;8.085700035
Solana;26/10/2021 21:00;6.645999908
Solana;26/10/2021 22:00;5.501100063
Solana;26/10/2021 23:00;5.089300156
Solana;27/10/2021 0:00;4.618599892
Solana;27/10/2021 1:00;4.148099899
Solana;27/10/2021 2:00;3.575999975
Solana;27/10/2021 3:00;3.23390007
Solana;27/10/2021 4:00;3.009399891
Solana;27/10/2021 5:00;2.881099939
Solana;27/10/2021 6:00;2.501699924
Solana;27/10/2021 7:00;2.218499899
Solana;27/10/2021 8:00;2.031399965
Solana;27/10/2021 9:00;2.074199915
Solana;27/10/2021 10:00;2.645999908
Solana;27/10/2021 11:00;4.912799835
Solana;27/10/2021 12:00;8.15530014
Solana;27/10/2021 13:00;11.36870003
Solana;27/10/2021 14:00;14.05970001
Solana;27/10/2021 15:00;15.79769993
Solana;27/10/2021 16:00;16.52210045
Solana;27/10/2021 17:00;15.95330048
Solana;27/10/2021 18:00;14.26889992
Solana;27/10/2021 19:00;11.46520042
Solana;27/10/2021 20:00;9.520600319
Solana;27/10/2021 21:00;8.037500381
Solana;27/10/2021 22:00;6.961699963
Solana;27/10/2021 23:00;5.939799786
Solana;28/10/2021 0:00;5.32460022
Solana;28/10/2021 1:00;4.843299866
Solana;28/10/2021 2:00;4.639999866
Solana;28/10/2021 3:00;4.394100189
Solana;28/10/2021 4:00;3.902199984
Solana;28/10/2021 5:00;3.522599936
Solana;28/10/2021 6:00;3.458400011
Solana;28/10/2021 7:00;3.340800047
Solana;28/10/2021 8:00;3.175100088
Solana;28/10/2021 9:00;3.169800043
Solana;28/10/2021 10:00;3.816600084
Solana;28/10/2021 11:00;4.955599785
Solana;28/10/2021 12:00;7.282800198
Solana;28/10/2021 13:00;8.968999863
Solana;28/10/2021 14:00;10.16870022
Solana;28/10/2021 15:00;10.55970001
Solana;28/10/2021 16:00;10.60789967
Solana;28/10/2021 17:00;9.547400475
Solana;28/10/2021 18:00;8.230199814
Solana;28/10/2021 19:00;7.186500072
Solana;28/10/2021 20:00;6.442699909
Solana;28/10/2021 21:00;5.683000088
Solana;28/10/2021 22:00;4.950200081
Solana;28/10/2021 23:00;4.388700008
Solana;29/10/2021 0:00;4.094600201
Solana;29/10/2021 1:00;3.923500061
Solana;29/10/2021 2:00;3.800600052
Solana;29/10/2021 3:00;3.763099909
Solana;29/10/2021 4:00;3.725699902
Solana;29/10/2021 5:00;3.757800102
Solana;29/10/2021 6:00;3.816600084
Solana;29/10/2021 7:00;3.864700079
Solana;29/10/2021 8:00;3.896800041
Solana;29/10/2021 9:00;4.07859993
Solana;29/10/2021 10:00;4.522399902
Solana;29/10/2021 11:00;5.190899849
Solana;29/10/2021 12:00;5.576000214
Solana;29/10/2021 13:00;6.330299854
Solana;29/10/2021 14:00;6.45870018
Solana;29/10/2021 15:00;6.052100182
Solana;29/10/2021 16:00;5.517199993
Solana;29/10/2021 17:00;5.10529995
Solana;29/10/2021 18:00;4.805799961
Solana;29/10/2021 19:00;4.436800003
Solana;29/10/2021 20:00;4.083899975
Solana;29/10/2021 21:00;3.704299927
Solana;29/10/2021 22:00;3.554699898
Solana;29/10/2021 23:00;3.549299955
Solana;30/10/2021 0:00;3.693599939
Solana;30/10/2021 1:00;4.014400005
Solana;30/10/2021 2:00;4.789800167
Solana;30/10/2021 3:00;5.522500038
Solana;30/10/2021 4:00;5.923699856
Solana;30/10/2021 5:00;5.961200237
Solana;30/10/2021 6:00;5.656199932
Solana;30/10/2021 7:00;5.22300005
Solana;30/10/2021 8:00;4.848599911
Solana;30/10/2021 9:00;4.624000072
Solana;30/10/2021 10:00;4.581200123
Solana;30/10/2021 11:00;4.875299931
Solana;30/10/2021 12:00;5.757900238
Solana;30/10/2021 13:00;6.560400009
Solana;30/10/2021 14:00;6.967000008
Solana;30/10/2021 15:00;7.186500072
Solana;30/10/2021 16:00;7.250699997
Solana;30/10/2021 17:00;6.993800163
Solana;30/10/2021 18:00;6.624599934
Solana;30/10/2021 19:00;6.143000126
Solana;30/10/2021 20:00;5.848800182
Solana;30/10/2021 21:00;5.581299782
Solana;30/10/2021 22:00;5.303199768
Solana;30/10/2021 23:00;4.998300076
Solana;31/10/2021 0:00;4.93419981
Solana;31/10/2021 1:00;4.950200081
Solana;31/10/2021 2:00;4.950200081
Solana;31/10/2021 3:00;5.083899975
Solana;31/10/2021 4:00;5.196199894
Solana;31/10/2021 5:00;5.212299824
Solana;31/10/2021 6:00;5.420899868
Solana;31/10/2021 7:00;5.806000233
Solana;31/10/2021 8:00;6.116300106
Solana;31/10/2021 9:00;6.512199879
Solana;31/10/2021 10:00;6.876100063
Solana;31/10/2021 11:00;7.159699917
Solana;31/10/2021 12:00;7.53429985
Solana;31/10/2021 13:00;7.491499901
Solana;31/10/2021 14:00;7.282800198
Solana;31/10/2021 15:00;6.843999863
Solana;31/10/2021 16:00;6.742300034
Solana;31/10/2021 17:00;6.14839983
Solana;31/10/2021 18:00;5.779300213
Solana;31/10/2021 19:00;5.453000069
Solana;31/10/2021 20:00;5.014400005
Solana;31/10/2021 21:00;4.730899811
Solana;31/10/2021 22:00;4.420800209
Solana;31/10/2021 23:00;4.281799793
Solana;01/11/2021 0:00;4.185500145
Solana;01/11/2021 1:00;4.0625
Solana;01/11/2021 2:00;3.832600117
Solana;01/11/2021 3:00;3.282000065
Solana;01/11/2021 4:00;2.790299892
Solana;01/11/2021 5:00;2.432199955
Solana;01/11/2021 6:00;1.940600038
Solana;01/11/2021 7:00;1.636000037
Solana;01/11/2021 8:00;1.230000019
Solana;01/11/2021 9:00;1.016299963
Solana;01/11/2021 10:00;1.02699995
Solana;01/11/2021 11:00;1.032400012
Solana;01/11/2021 12:00;1.240700006
Solana;01/11/2021 13:00;1.748200059
Solana;01/11/2021 14:00;3.608099937
Solana;01/11/2021 15:00;4.730899811
Solana;01/11/2021 16:00;4.500999928
Solana;01/11/2021 17:00;3.725699902
Solana;01/11/2021 18:00;2.923899889
Solana;01/11/2021 19:00;2.271899939
Solana;01/11/2021 20:00;1.887199998
Solana;01/11/2021 21:00;1.636000037
Solana;01/11/2021 22:00;1.470399976
Solana;01/11/2021 23:00;1.363600016
Solana;02/11/2021 0:00;1.310199976
Solana;02/11/2021 1:00;1.315500021
Solana;02/11/2021 2:00;1.320799947
Solana;02/11/2021 3:00;1.326200008
Solana;02/11/2021 4:00;1.336899996
Solana;02/11/2021 5:00;1.342200041
Solana;02/11/2021 6:00;1.363600016
Solana;02/11/2021 7:00;1.395599961
Solana;02/11/2021 8:00;1.395599961
Solana;02/11/2021 9:00;1.401000023
Solana;02/11/2021 10:00;1.454399943
Solana;02/11/2021 11:00;1.636000037
Solana;02/11/2021 12:00;1.892500043
Solana;02/11/2021 13:00;2.186399937
Solana;02/11/2021 14:00;2.42689991
Solana;02/11/2021 15:00;2.667399883
Solana;02/11/2021 16:00;2.421499968
Solana;02/11/2021 17:00;2.015399933
Solana;02/11/2021 18:00;1.716199994
Solana;02/11/2021 19:00;1.481099963
Solana;02/11/2021 20:00;1.213999987
Solana;02/11/2021 21:00;0.930899978
Solana;02/11/2021 22:00;0.824000001
Solana;02/11/2021 23:00;0.674499989
Solana;03/11/2021 0:00;0.567700028
Solana;03/11/2021 1:00;0.514299989
Solana;03/11/2021 2:00;0.492900014
Solana;03/11/2021 3:00;0.460900009
Solana;03/11/2021 4:00;0.386099994
Solana;03/11/2021 5:00;0.354000002
Solana;03/11/2021 6:00;0.359400004
Solana;03/11/2021 7:00;0.338
Solana;03/11/2021 8:00;0.321999997
Solana;03/11/2021 9:00;0.300599992
Solana;03/11/2021 10:00;0.354000002
Solana;03/11/2021 11:00;0.476900011
Solana;03/11/2021 12:00;0.583700001
Solana;03/11/2021 13:00;0.685199976
Solana;03/11/2021 14:00;0.770600021
Solana;03/11/2021 15:00;0.845399976
Solana;03/11/2021 16:00;0.925499976
Solana;03/11/2021 17:00;1.016299963
Solana;03/11/2021 18:00;1.08039999
Solana;03/11/2021 19:00;1.075099945
Solana;03/11/2021 20:00;1.02699995
Solana;03/11/2021 21:00;0.995000005
Solana;03/11/2021 22:00;0.92019999
Solana;03/11/2021 23:00;0.914900005
Solana;04/11/2021 0:00;0.909500003
Solana;04/11/2021 1:00;0.92019999
Solana;04/11/2021 2:00;0.936200023
Solana;04/11/2021 3:00;0.936200023
Solana;04/11/2021 4:00;0.94690001
Solana;04/11/2021 5:00;0.930899978
Solana;04/11/2021 6:00;0.925499976
Solana;04/11/2021 7:00;0.904200017
Solana;04/11/2021 8:00;0.94690001
Solana;04/11/2021 9:00;0.984300017
Solana;04/11/2021 10:00;1.021700025
Solana;04/11/2021 11:00;1.069800019
Solana;04/11/2021 12:00;1.107200027
Solana;04/11/2021 13:00;1.128499985
Solana;04/11/2021 14:00;1.144600034
Solana;04/11/2021 15:00;1.155200005
Solana;04/11/2021 16:00;1.171300054
Solana;04/11/2021 17:00;1.192600012
Solana;04/11/2021 18:00;1.213999987
Solana;04/11/2021 19:00;1.235399961
Solana;04/11/2021 20:00;1.256700039
Solana;04/11/2021 21:00;1.278100014
Solana;04/11/2021 22:00;1.299499989
Solana;04/11/2021 23:00;1.320799947
Solana;05/11/2021 0:00;1.342200041
Solana;05/11/2021 1:00;1.363600016
Solana;05/11/2021 2:00;1.379600048
Solana;05/11/2021 3:00;1.395599961
Solana;05/11/2021 4:00;1.41170001
Solana;05/11/2021 5:00;1.422299981
Solana;05/11/2021 6:00;1.432999969
Solana;05/11/2021 7:00;1.443699956
Solana;05/11/2021 8:00;1.449100018
Solana;05/11/2021 9:00;1.459699988
Solana;05/11/2021 10:00;1.470399976
Solana;05/11/2021 11:00;1.475800037
Solana;05/11/2021 12:00;1.481099963
Solana;05/11/2021 13:00;1.486500025
Solana;05/11/2021 14:00;1.491799951
Solana;05/11/2021 15:00;1.491799951
Solana;05/11/2021 16:00;1.481099963
Solana;05/11/2021 17:00;1.475800037
Solana;05/11/2021 18:00;1.470399976
Solana;05/11/2021 19:00;1.46510005
Solana;05/11/2021 20:00;1.454399943
Solana;05/11/2021 21:00;1.449100018
Solana;05/11/2021 22:00;1.43840003
Solana;05/11/2021 23:00;1.422299981
Solana;06/11/2021 0:00;1.41170001
Solana;06/11/2021 1:00;1.401000023
Solana;06/11/2021 2:00;1.395599961
Solana;06/11/2021 3:00;1.390300035
Solana;06/11/2021 4:00;1.390300035
Solana;06/11/2021 5:00;1.384899974
Solana;06/11/2021 6:00;1.384899974
Solana;06/11/2021 7:00;1.379600048
Solana;06/11/2021 8:00;1.384899974
Solana;06/11/2021 9:00;1.379600048
Solana;06/11/2021 10:00;1.379600048
Solana;06/11/2021 11:00;1.374300003
Solana;06/11/2021 12:00;1.379600048
Solana;06/11/2021 13:00;1.379600048
Solana;06/11/2021 14:00;1.379600048
Solana;06/11/2021 15:00;1.379600048
Solana;06/11/2021 16:00;1.379600048
Solana;06/11/2021 17:00;1.379600048
Solana;06/11/2021 18:00;1.379600048
Solana;06/11/2021 19:00;1.379600048
Solana;06/11/2021 20:00;1.374300003
Solana;06/11/2021 21:00;1.374300003
Solana;06/11/2021 22:00;1.374300003
Solana;06/11/2021 23:00;1.374300003
Solana;07/11/2021 0:00;1.374300003
Solana;07/11/2021 1:00;1.374300003
Solana;07/11/2021 2:00;1.374300003
Solana;07/11/2021 3:00;1.374300003
Solana;07/11/2021 4:00;1.379600048
Solana;07/11/2021 5:00;1.379600048
Solana;07/11/2021 6:00;1.384899974
Solana;07/11/2021 7:00;1.384899974
Solana;07/11/2021 8:00;1.384899974
Solana;07/11/2021 9:00;1.384899974
Solana;07/11/2021 10:00;1.390300035
Solana;07/11/2021 11:00;1.390300035
Solana;07/11/2021 12:00;1.395599961
Solana;07/11/2021 13:00;1.395599961
Solana;07/11/2021 14:00;1.401000023
Solana;07/11/2021 15:00;1.395599961
Solana;07/11/2021 16:00;1.395599961
Solana;07/11/2021 17:00;1.390300035
Solana;07/11/2021 18:00;1.390300035
Solana;07/11/2021 19:00;1.384899974
Solana;07/11/2021 20:00;1.379600048
Solana;07/11/2021 21:00;1.374300003
Solana;07/11/2021 22:00;1.368899941
Solana;07/11/2021 23:00;1.363600016
Solana;08/11/2021 0:00;1.358199954
Solana;08/11/2021 1:00;1.352900028
Solana;08/11/2021 2:00;1.342200041
Solana;08/11/2021 3:00;1.336899996
Solana;08/11/2021 4:00;1.326200008
Solana;08/11/2021 5:00;1.315500021
Solana;08/11/2021 6:00;1.310199976
Solana;08/11/2021 7:00;1.304800034
Solana;08/11/2021 8:00;1.299499989
Solana;08/11/2021 9:00;1.294100046
Solana;08/11/2021 10:00;1.294100046
Solana;08/11/2021 11:00;1.294100046
Solana;08/11/2021 12:00;1.294100046
Solana;08/11/2021 13:00;1.294100046
Solana;08/11/2021 14:00;1.294100046
Solana;08/11/2021 15:00;1.294100046
Solana;08/11/2021 16:00;1.283400059
Solana;08/11/2021 17:00;1.272799969
Solana;08/11/2021 18:00;1.251399994
Solana;08/11/2021 19:00;1.230000019
Solana;08/11/2021 20:00;1.213999987
Solana;08/11/2021 21:00;1.203299999
Solana;08/11/2021 22:00;1.197999954
Solana;08/11/2021 23:00;1.187299967
Solana;09/11/2021 0:00;1.187299967
Solana;09/11/2021 1:00;1.187299967
Solana;09/11/2021 2:00;1.187299967
Solana;09/11/2021 3:00;1.197999954
Solana;09/11/2021 4:00;1.197999954
Solana;09/11/2021 5:00;1.203299999
Solana;09/11/2021 6:00;1.208699942
Solana;09/11/2021 7:00;1.213999987
Solana;09/11/2021 8:00;1.224699974
Solana;09/11/2021 9:00;1.230000019
Solana;09/11/2021 10:00;1.240700006
Solana;09/11/2021 11:00;1.262099981
Solana;09/11/2021 12:00;1.299499989
Solana;09/11/2021 13:00;1.342200041
Solana;09/11/2021 14:00;1.401000023
Solana;09/11/2021 15:00;1.454399943
Solana;09/11/2021 16:00;1.502500057
Solana;09/11/2021 17:00;1.529199958
Solana;09/11/2021 18:00;1.529199958
Solana;09/11/2021 19:00;1.491799951
Solana;09/11/2021 20:00;1.443699956
Solana;09/11/2021 21:00;1.401000023
Solana;09/11/2021 22:00;1.368899941
Solana;09/11/2021 23:00;1.342200041
Solana;10/11/2021 0:00;1.320799947
Solana;10/11/2021 1:00;1.304800034
Solana;10/11/2021 2:00;1.299499989
Solana;10/11/2021 3:00;1.294100046
Solana;10/11/2021 4:00;1.288800001
Solana;10/11/2021 5:00;1.272799969
Solana;10/11/2021 6:00;1.240700006
Solana;10/11/2021 7:00;1.203299999
Solana;10/11/2021 8:00;1.165899992
Solana;10/11/2021 9:00;1.123200059
Solana;10/11/2021 10:00;1.112499952
Solana;10/11/2021 11:00;1.219300032
Solana;10/11/2021 12:00;1.427700043
Solana;10/11/2021 13:00;1.646700025
Solana;10/11/2021 14:00;1.908499956
Solana;10/11/2021 15:00;2.245199919
Solana;10/11/2021 16:00;2.592499971
Solana;10/11/2021 17:00;2.811700106
Solana;10/11/2021 18:00;2.806299925
Solana;10/11/2021 19:00;2.549799919
Solana;10/11/2021 20:00;2.127599955
Solana;10/11/2021 21:00;1.716199994
Solana;10/11/2021 22:00;1.43840003
Solana;10/11/2021 23:00;1.272799969
Solana;11/11/2021 0:00;1.14989996
Solana;11/11/2021 1:00;1.037700057
Solana;11/11/2021 2:00;0.941600025
Solana;11/11/2021 3:00;0.818700016
Solana;11/11/2021 4:00;0.658500016
Solana;11/11/2021 5:00;0.498199999
Solana;11/11/2021 6:00;0.354000002
Solana;11/11/2021 7:00;0.268599987
Solana;11/11/2021 8:00;0.209800005
Solana;11/11/2021 9:00;0.188500002
Solana;11/11/2021 10:00;0.236499995
Solana;11/11/2021 11:00;0.380699992
Solana;11/11/2021 12:00;0.578400016
Solana;11/11/2021 13:00;0.978999972
Solana;11/11/2021 14:00;2.250499964
Solana;11/11/2021 15:00;5.067900181
Solana;11/11/2021 16:00;7.92509985
Solana;11/11/2021 17:00;8.171299934
Solana;11/11/2021 18:00;6.576399803
Solana;11/11/2021 19:00;4.864600182
Solana;11/11/2021 20:00;3.838000059
Solana;11/11/2021 21:00;3.062900066
Solana;11/11/2021 22:00;2.517699957
Solana;11/11/2021 23:00;2.154299974
Solana;12/11/2021 0:00;1.92990005
Solana;12/11/2021 1:00;1.630699992
Solana;12/11/2021 2:00;1.43840003
Solana;12/11/2021 3:00;1.304800034
Solana;12/11/2021 4:00;1.208699942
Solana;12/11/2021 5:00;1.14989996
Solana;12/11/2021 6:00;1.128499985
Solana;12/11/2021 7:00;1.069800019
Solana;12/11/2021 8:00;1.00030005
Solana;12/11/2021 9:00;0.952199996
Solana;12/11/2021 10:00;1.043099999
Solana;12/11/2021 11:00;1.593299985
Solana;12/11/2021 12:00;4.041200161
Solana;12/11/2021 13:00;6.308899879
Solana;12/11/2021 14:00;8.43900013
Solana;12/11/2021 15:00;9.932999611
Solana;12/11/2021 16:00;10.19009972
Solana;12/11/2021 17:00;9.654500008
Solana;12/11/2021 18:00;8.123100281
Solana;12/11/2021 19:00;6.196499825
Solana;12/11/2021 20:00;4.859300137
Solana;12/11/2021 21:00;3.886100054
Solana;12/11/2021 22:00;3.105600119
Solana;12/11/2021 23:00;2.309299946
Solana;13/11/2021 0:00;1.716199994
Solana;13/11/2021 1:00;1.390300035
Solana;13/11/2021 2:00;1.256700039
Solana;13/11/2021 3:00;1.422299981
Solana;13/11/2021 4:00;1.406299949
Solana;13/11/2021 5:00;1.336899996
Solana;13/11/2021 6:00;1.203299999
Solana;13/11/2021 7:00;1.064399958
Solana;13/11/2021 8:00;0.957599998
Solana;13/11/2021 9:00;0.936200023
Solana;13/11/2021 10:00;1.267400026
Solana;13/11/2021 11:00;2.523099899
Solana;13/11/2021 12:00;4.977000237
Solana;13/11/2021 13:00;7.218599796
Solana;13/11/2021 14:00;8.979800224
Solana;13/11/2021 15:00;10.12580013
Solana;13/11/2021 16:00;8.331899643
Solana;13/11/2021 17:00;8.123100281
Solana;13/11/2021 18:00;6.260700226
Solana;13/11/2021 19:00;4.714900017
Solana;13/11/2021 20:00;3.59739995
Solana;13/11/2021 21:00;3.046799898
Solana;13/11/2021 22:00;2.678100109
Solana;13/11/2021 23:00;2.35739994
Solana;14/11/2021 0:00;1.99940002
Solana;14/11/2021 1:00;1.523900032
Solana;14/11/2021 2:00;1.358199954
Solana;14/11/2021 3:00;1.096500039
Solana;14/11/2021 4:00;0.850799978
Solana;14/11/2021 5:00;0.685199976
Solana;14/11/2021 6:00;0.535600007
Solana;14/11/2021 7:00;0.476900011
Solana;14/11/2021 8:00;0.434100002
Solana;14/11/2021 9:00;0.391400009
Solana;14/11/2021 10:00;0.503600001
Solana;14/11/2021 11:00;0.936200023
Solana;14/11/2021 12:00;2.015399933
Solana;14/11/2021 13:00;4.923500061
Solana;14/11/2021 14:00;7.561100006
Solana;14/11/2021 15:00;9.402799606
Solana;14/11/2021 16:00;9.772299767
Solana;14/11/2021 17:00;8.942299843
Solana;14/11/2021 18:00;7.427299976
Solana;14/11/2021 19:00;5.864900112
Solana;14/11/2021 20:00;4.661399841
Solana;14/11/2021 21:00;3.74180007
Solana;14/11/2021 22:00;3.020100117
Solana;14/11/2021 23:00;2.432199955
Solana;15/11/2021 0:00;2.191699982
Solana;15/11/2021 1:00;2.229099989
Solana;15/11/2021 2:00;1.897899985
Solana;15/11/2021 3:00;1.774999976
Solana;15/11/2021 4:00;1.871099949
Solana;15/11/2021 5:00;1.742900014
Solana;15/11/2021 6:00;1.507799983
Solana;15/11/2021 7:00;1.315500021
Solana;15/11/2021 8:00;1.176599979
Solana;15/11/2021 9:00;1.230000019
Solana;15/11/2021 10:00;1.609300017
Solana;15/11/2021 11:00;2.506999969
Solana;15/11/2021 12:00;3.228600025
Solana;15/11/2021 13:00;4.238999844
Solana;15/11/2021 14:00;5.939799786
Solana;15/11/2021 15:00;7.025899887
Solana;15/11/2021 16:00;6.951000214
Solana;15/11/2021 17:00;6.217899799
Solana;15/11/2021 18:00;5.212299824
Solana;15/11/2021 19:00;4.361999989
Solana;15/11/2021 20:00;3.533299923
Solana;15/11/2021 21:00;2.987999916
Solana;15/11/2021 22:00;2.656699896
Solana;15/11/2021 23:00;2.437599897
Solana;16/11/2021 0:00;2.181099892
Solana;16/11/2021 1:00;1.849799991
Solana;16/11/2021 2:00;1.310199976
Solana;16/11/2021 3:00;0.94690001
Solana;16/11/2021 4:00;0.647800028
Solana;16/11/2021 5:00;0.434100002
Solana;16/11/2021 6:00;0.391400009
Solana;16/11/2021 7:00;0.28459999
Solana;16/11/2021 8:00;0.273900002
Solana;16/11/2021 9:00;0.359400004
Solana;16/11/2021 10:00;0.471500009
Solana;16/11/2021 11:00;0.78670001
Solana;16/11/2021 12:00;1.839100003
Solana;16/11/2021 13:00;4.073200226
Solana;16/11/2021 14:00;7.293499947
Solana;16/11/2021 15:00;9.440299988
Solana;16/11/2021 16:00;10.12049961
Solana;16/11/2021 17:00;9.343899727
Solana;16/11/2021 18:00;7.047299862
Solana;16/11/2021 19:00;5.158800125
Solana;16/11/2021 20:00;3.725699902
Solana;16/11/2021 21:00;2.630000114
Solana;16/11/2021 22:00;1.812399983
Solana;16/11/2021 23:00;1.422299981
Solana;17/11/2021 0:00;1.112499952
Solana;17/11/2021 1:00;0.877499998
Solana;17/11/2021 2:00;0.679799974
Solana;17/11/2021 3:00;0.615700006
Solana;17/11/2021 4:00;0.535600007
Solana;17/11/2021 5:00;0.466199994
Solana;17/11/2021 6:00;0.343400002
Solana;17/11/2021 7:00;0.204500005
Solana;17/11/2021 8:00;0.129700005
Solana;17/11/2021 9:00;0.081699997
Solana;17/11/2021 10:00;0.204500005
Solana;17/11/2021 11:00;0.370099992
Solana;17/11/2021 12:00;0.845399976
Solana;17/11/2021 13:00;2.309299946
Solana;17/11/2021 14:00;4.661399841
Solana;17/11/2021 15:00;6.1322999
Solana;17/11/2021 16:00;6.421299934
Solana;17/11/2021 17:00;6.068099976
Solana;17/11/2021 18:00;4.714900017
Solana;17/11/2021 19:00;3.121700048
Solana;17/11/2021 20:00;2.090199947
Solana;17/11/2021 21:00;1.459699988
Solana;17/11/2021 22:00;1.075099945
Solana;17/11/2021 23:00;0.749300003
Solana;18/11/2021 0:00;0.492900014
Solana;18/11/2021 1:00;0.354000002
Solana;18/11/2021 2:00;0.2579
Solana;18/11/2021 3:00;0.199200004
Solana;18/11/2021 4:00;0.092399999
Solana;18/11/2021 5:00;0.033599999
Solana;18/11/2021 6:00;-0.0145
Solana;18/11/2021 7:00;-0.046500001
Solana;18/11/2021 8:00;-0.083899997
Solana;18/11/2021 9:00;-0.110600002
Solana;18/11/2021 10:00;0.0283
Solana;18/11/2021 11:00;0.396800011
Solana;18/11/2021 12:00;1.085800052
Solana;18/11/2021 13:00;2.95600009
Solana;18/11/2021 14:00;5.725800037
Solana;18/11/2021 15:00;7.887599945
Solana;18/11/2021 16:00;8.594200134
Solana;18/11/2021 17:00;7.64139986
Solana;18/11/2021 18:00;5.795300007
Solana;18/11/2021 19:00;4.11070013
Solana;18/11/2021 20:00;2.923899889
Solana;18/11/2021 21:00;2.058199883
Solana;18/11/2021 22:00;1.46510005
Solana;18/11/2021 23:00;1.075099945
Solana;19/11/2021 0:00;0.797299981
Solana;19/11/2021 1:00;0.583700001
Solana;19/11/2021 2:00;0.418099999
Solana;19/11/2021 3:00;0.295300007
Solana;19/11/2021 4:00;0.156399995
Solana;19/11/2021 5:00;0.103
Solana;19/11/2021 6:00;0.049600001
Solana;19/11/2021 7:00;-0.0198
Solana;19/11/2021 8:00;-0.0038
Solana;19/11/2021 9:00;-0.0305
Solana;19/11/2021 10:00;0.140400007
Solana;19/11/2021 11:00;0.407400012
Solana;19/11/2021 12:00;1.069800019
Solana;19/11/2021 13:00;2.726200104
Solana;19/11/2021 14:00;5.126699924
Solana;19/11/2021 15:00;6.838600159
Solana;19/11/2021 16:00;7.619999886
Solana;19/11/2021 17:00;6.683400154
Solana;19/11/2021 18:00;5.094600201
Solana;19/11/2021 19:00;3.485199928
Solana;19/11/2021 20:00;2.448199987
Solana;19/11/2021 21:00;1.710800052
Solana;19/11/2021 22:00;1.390300035
Solana;19/11/2021 23:00;1.379600048
Solana;20/11/2021 0:00;1.342200041
Solana;20/11/2021 1:00;1.278100014
Solana;20/11/2021 2:00;1.032400012
Solana;20/11/2021 3:00;0.808000028
Solana;20/11/2021 4:00;0.776000023
Solana;20/11/2021 5:00;0.605099976
Solana;20/11/2021 6:00;0.588999987
Solana;20/11/2021 7:00;0.588999987
Solana;20/11/2021 8:00;0.674499989
Solana;20/11/2021 9:00;0.541000009
Solana;20/11/2021 10:00;0.722599983
Solana;20/11/2021 11:00;1.352900028
Solana;20/11/2021 12:00;3.324800014
Solana;20/11/2021 13:00;6.137700081
Solana;20/11/2021 14:00;8.342599869
Solana;20/11/2021 15:00;9.408100128
Solana;20/11/2021 16:00;9.611700058
Solana;20/11/2021 17:00;8.583499908
Solana;20/11/2021 18:00;6.961699963
Solana;20/11/2021 19:00;5.319200039
Solana;20/11/2021 20:00;4.196199894
Solana;20/11/2021 21:00;2.998699903
Solana;20/11/2021 22:00;2.138299942
Solana;20/11/2021 23:00;1.577299953
Solana;21/11/2021 0:00;1.176599979
Solana;21/11/2021 1:00;1.02699995
Solana;21/11/2021 2:00;0.84009999
Solana;21/11/2021 3:00;0.738600016
Solana;21/11/2021 4:00;0.605099976
Solana;21/11/2021 5:00;0.498199999
Solana;21/11/2021 6:00;0.423500001
Solana;21/11/2021 7:00;0.348699987
Solana;21/11/2021 8:00;0.2579
Solana;21/11/2021 9:00;0.215200007
Solana;21/11/2021 10:00;0.220500007
Solana;21/11/2021 11:00;0.428799987
Solana;21/11/2021 12:00;1.171300054
Solana;21/11/2021 13:00;3.068200111
Solana;21/11/2021 14:00;5.661600113
Solana;21/11/2021 15:00;6.576399803
Solana;21/11/2021 16:00;6.362400055
Solana;21/11/2021 17:00;5.527900219
Solana;21/11/2021 18:00;4.629300117
Solana;21/11/2021 19:00;3.848700047
Solana;21/11/2021 20:00;3.169800043
Solana;21/11/2021 21:00;2.645999908
Solana;21/11/2021 22:00;2.154299974
Solana;21/11/2021 23:00;1.774999976
Solana;22/11/2021 0:00;1.523900032
Solana;22/11/2021 1:00;1.320799947
Solana;22/11/2021 2:00;1.05369997
Solana;22/11/2021 3:00;0.834699988
Solana;22/11/2021 4:00;0.679799974
Solana;22/11/2021 5:00;0.615700006
Solana;22/11/2021 6:00;0.551599979
Solana;22/11/2021 7:00;0.546299994
Solana;22/11/2021 8:00;0.567700028
Solana;22/11/2021 9:00;0.524900019
Solana;22/11/2021 10:00;0.535600007
Solana;22/11/2021 11:00;0.631799996
Solana;22/11/2021 12:00;0.679799974
Solana;22/11/2021 13:00;0.738600016
Solana;22/11/2021 14:00;0.834699988
Solana;22/11/2021 15:00;0.898800015
Solana;22/11/2021 16:00;0.909500003
Solana;22/11/2021 17:00;0.909500003
Solana;22/11/2021 18:00;0.941600025
Solana;22/11/2021 19:00;0.957599998
Solana;22/11/2021 20:00;0.978999972
Solana;22/11/2021 21:00;1.005699992
Solana;22/11/2021 22:00;1.02699995
Solana;22/11/2021 23:00;1.05369997
Solana;23/11/2021 0:00;1.059100032
Solana;23/11/2021 1:00;1.048400044
Solana;23/11/2021 2:00;1.064399958
Solana;23/11/2021 3:00;1.08039999
Solana;23/11/2021 4:00;1.096500039
Solana;23/11/2021 5:00;1.107200027
Solana;23/11/2021 6:00;1.101799965
Solana;23/11/2021 7:00;1.05369997
Solana;23/11/2021 8:00;1.069800019
Solana;23/11/2021 9:00;1.091099977
Solana;23/11/2021 10:00;1.107200027
Solana;23/11/2021 11:00;1.133900046
Solana;23/11/2021 12:00;1.160599947
Solana;23/11/2021 13:00;1.203299999
Solana;23/11/2021 14:00;1.235399961
Solana;23/11/2021 15:00;1.256700039
Solana;23/11/2021 16:00;1.246099949
Solana;23/11/2021 17:00;1.235399961
Solana;23/11/2021 18:00;1.224699974
Solana;23/11/2021 19:00;1.208699942
Solana;23/11/2021 20:00;1.187299967
Solana;23/11/2021 21:00;1.165899992
Solana;23/11/2021 22:00;1.096500039
Solana;23/11/2021 23:00;0.930899978
Solana;24/11/2021 0:00;0.776000023
Solana;24/11/2021 1:00;0.75999999
Solana;24/11/2021 2:00;0.594399989
Solana;24/11/2021 3:00;0.498199999
Solana;24/11/2021 4:00;0.391400009
Solana;24/11/2021 5:00;0.396800011
Solana;24/11/2021 6:00;0.444799989
Solana;24/11/2021 7:00;0.455500007
Solana;24/11/2021 8:00;0.519599974
Solana;24/11/2021 9:00;0.562300026
Solana;24/11/2021 10:00;0.615700006
Solana;24/11/2021 11:00;0.663800001
Solana;24/11/2021 12:00;0.706499994
Solana;24/11/2021 13:00;0.743900001
Solana;24/11/2021 14:00;0.78670001
Solana;24/11/2021 15:00;0.829400003
Solana;24/11/2021 16:00;0.845399976
Solana;24/11/2021 17:00;0.850799978
Solana;24/11/2021 18:00;0.850799978
Solana;24/11/2021 19:00;0.850799978
Solana;24/11/2021 20:00;0.845399976
Solana;24/11/2021 21:00;0.84009999
Solana;24/11/2021 22:00;0.829400003
Solana;24/11/2021 23:00;0.824000001
Solana;25/11/2021 0:00;0.824000001
Solana;25/11/2021 1:00;0.818700016
Solana;25/11/2021 2:00;0.818700016
Solana;25/11/2021 3:00;0.813399971
Solana;25/11/2021 4:00;0.808000028
Solana;25/11/2021 5:00;0.808000028
Solana;25/11/2021 6:00;0.797299981
Solana;25/11/2021 7:00;0.797299981
Solana;25/11/2021 8:00;0.791999996
Solana;25/11/2021 9:00;0.78670001
Solana;25/11/2021 10:00;0.781300008
Solana;25/11/2021 11:00;0.781300008
Solana;25/11/2021 12:00;0.770600021
Solana;25/11/2021 13:00;0.770600021
Solana;25/11/2021 14:00;0.770600021
Solana;25/11/2021 15:00;0.765299976
Solana;25/11/2021 16:00;0.765299976
Solana;25/11/2021 17:00;0.75999999
Solana;25/11/2021 18:00;0.754599988
Solana;25/11/2021 19:00;0.754599988
Solana;25/11/2021 20:00;0.749300003
Solana;25/11/2021 21:00;0.743900001
Solana;25/11/2021 22:00;0.743900001
Solana;25/11/2021 23:00;0.738600016
Solana;26/11/2021 0:00;0.733200014
Solana;26/11/2021 1:00;0.733200014
Solana;26/11/2021 2:00;0.733200014
Solana;26/11/2021 3:00;0.733200014
Solana;26/11/2021 4:00;0.733200014
Solana;26/11/2021 5:00;0.733200014
Solana;26/11/2021 6:00;0.727900028
Solana;26/11/2021 7:00;0.727900028
Solana;26/11/2021 8:00;0.727900028
Solana;26/11/2021 9:00;0.727900028
Solana;26/11/2021 10:00;0.727900028
Solana;26/11/2021 11:00;0.727900028
Solana;26/11/2021 12:00;0.727900028
Solana;26/11/2021 13:00;0.722599983
Solana;26/11/2021 14:00;0.722599983
Solana;26/11/2021 15:00;0.717199981
Solana;26/11/2021 16:00;0.717199981
Solana;26/11/2021 17:00;0.717199981
Solana;26/11/2021 18:00;0.717199981
Solana;26/11/2021 19:00;0.717199981
Solana;26/11/2021 20:00;0.717199981
Solana;26/11/2021 21:00;0.717199981
Solana;26/11/2021 22:00;0.711899996
Solana;26/11/2021 23:00;0.717199981
Solana;27/11/2021 0:00;0.711899996
Solana;27/11/2021 1:00;0.711899996
Solana;27/11/2021 2:00;0.711899996
Solana;27/11/2021 3:00;0.711899996
Solana;27/11/2021 4:00;0.711899996
Solana;27/11/2021 5:00;0.711899996
Solana;27/11/2021 6:00;0.706499994
Solana;27/11/2021 7:00;0.706499994
Solana;27/11/2021 8:00;0.701200008
Solana;27/11/2021 9:00;0.701200008
Solana;27/11/2021 10:00;0.690500021
Solana;27/11/2021 11:00;0.685199976
Solana;27/11/2021 12:00;0.679799974
Solana;27/11/2021 13:00;0.669200003
Solana;27/11/2021 14:00;0.663800001
Solana;27/11/2021 15:00;0.658500016
Solana;27/11/2021 16:00;0.653100014
Solana;27/11/2021 17:00;0.642400026
Solana;27/11/2021 18:00;0.642400026
Solana;27/11/2021 19:00;0.631799996
Solana;27/11/2021 20:00;0.626399994
Solana;27/11/2021 21:00;0.621100008
Solana;27/11/2021 22:00;0.615700006
Solana;27/11/2021 23:00;0.610400021
Solana;28/11/2021 0:00;0.610400021
Solana;28/11/2021 1:00;0.599699974
Solana;28/11/2021 2:00;0.599699974
Solana;28/11/2021 3:00;0.594399989
Solana;28/11/2021 4:00;0.594399989
Solana;28/11/2021 5:00;0.588999987
Solana;28/11/2021 6:00;0.588999987
Solana;28/11/2021 7:00;0.583700001
Solana;28/11/2021 8:00;0.578400016
Solana;28/11/2021 9:00;0.573000014
Solana;28/11/2021 10:00;0.567700028
Solana;28/11/2021 11:00;0.567700028
Solana;28/11/2021 12:00;0.567700028
Solana;28/11/2021 13:00;0.567700028
Solana;28/11/2021 14:00;0.567700028
Solana;28/11/2021 15:00;0.562300026
Solana;28/11/2021 16:00;0.562300026
Solana;28/11/2021 17:00;0.556999981
Solana;28/11/2021 18:00;0.556999981
Solana;28/11/2021 19:00;0.556999981
Solana;28/11/2021 20:00;0.556999981
Solana;28/11/2021 21:00;0.556999981
Solana;28/11/2021 22:00;0.556999981
Solana;28/11/2021 23:00;0.562300026
Solana;29/11/2021 0:00;0.562300026
Solana;29/11/2021 1:00;0.562300026
Solana;29/11/2021 2:00;0.567700028
Solana;29/11/2021 3:00;0.567700028
Solana;29/11/2021 4:00;0.573000014
Solana;29/11/2021 5:00;0.573000014
Solana;29/11/2021 6:00;0.573000014
Solana;29/11/2021 7:00;0.578400016
Solana;29/11/2021 8:00;0.578400016
Solana;29/11/2021 9:00;0.578400016
Solana;29/11/2021 10:00;0.578400016
Solana;29/11/2021 11:00;0.578400016
Solana;29/11/2021 12:00;0.578400016
Solana;29/11/2021 13:00;0.583700001
Solana;29/11/2021 14:00;0.583700001
Solana;29/11/2021 15:00;0.578400016
Solana;29/11/2021 16:00;0.583700001
Solana;29/11/2021 17:00;0.583700001
Solana;29/11/2021 18:00;0.583700001
Solana;29/11/2021 19:00;0.583700001
Solana;29/11/2021 20:00;0.583700001
Solana;29/11/2021 21:00;0.583700001
Solana;29/11/2021 22:00;0.583700001
Solana;29/11/2021 23:00;0.583700001
Solana;30/11/2021 0:00;0.583700001
Solana;30/11/2021 1:00;0.583700001
Solana;30/11/2021 2:00;0.583700001
Solana;30/11/2021 3:00;0.583700001
Solana;30/11/2021 4:00;0.583700001
Solana;30/11/2021 5:00;0.578400016
Solana;30/11/2021 6:00;0.583700001
Solana;30/11/2021 7:00;0.583700001
Solana;30/11/2021 8:00;0.583700001
Solana;30/11/2021 9:00;0.583700001
Solana;30/11/2021 10:00;0.583700001
Solana;30/11/2021 11:00;0.578400016
Solana;30/11/2021 12:00;0.578400016
Solana;30/11/2021 13:00;0.578400016
Solana;30/11/2021 14:00;0.583700001
Solana;30/11/2021 15:00;0.578400016
Solana;30/11/2021 16:00;0.578400016
Solana;30/11/2021 17:00;0.578400016
Solana;30/11/2021 18:00;0.578400016
Solana;30/11/2021 19:00;0.578400016
Solana;30/11/2021 20:00;0.578400016
Solana;30/11/2021 21:00;0.578400016
Solana;30/11/2021 22:00;0.573000014
Solana;30/11/2021 23:00;0.578400016
Solana;01/12/2021 0:00;0.578400016
Solana;01/12/2021 1:00;0.578400016
Solana;01/12/2021 2:00;0.578400016
Solana;01/12/2021 3:00;0.573000014
Solana;01/12/2021 4:00;0.573000014
Solana;01/12/2021 5:00;0.573000014
Solana;01/12/2021 6:00;0.573000014
Solana;01/12/2021 7:00;0.573000014
Solana;01/12/2021 8:00;0.567700028
Solana;01/12/2021 9:00;0.567700028
Solana;01/12/2021 10:00;0.567700028
Solana;01/12/2021 11:00;0.567700028
Solana;01/12/2021 12:00;0.567700028
Solana;01/12/2021 13:00;0.567700028
Solana;01/12/2021 14:00;0.562300026
Solana;01/12/2021 15:00;0.562300026
Solana;01/12/2021 16:00;0.562300026
Solana;01/12/2021 17:00;0.562300026
Solana;01/12/2021 18:00;0.562300026
Solana;01/12/2021 19:00;0.562300026
Solana;01/12/2021 20:00;0.556999981
Solana;01/12/2021 21:00;0.556999981
Solana;01/12/2021 22:00;0.562300026
Solana;01/12/2021 23:00;0.556999981
Solana;02/12/2021 0:00;0.556999981
Solana;02/12/2021 1:00;0.551599979
Solana;02/12/2021 2:00;0.551599979
Solana;02/12/2021 3:00;0.556999981
Solana;02/12/2021 4:00;0.551599979
Solana;02/12/2021 5:00;0.551599979
Solana;02/12/2021 6:00;0.546299994
Solana;02/12/2021 7:00;0.546299994
Solana;02/12/2021 8:00;0.546299994
Solana;02/12/2021 9:00;0.541000009
Solana;02/12/2021 10:00;0.541000009
Solana;02/12/2021 11:00;0.541000009
Solana;02/12/2021 12:00;0.535600007
Solana;02/12/2021 13:00;0.535600007
Solana;02/12/2021 14:00;0.535600007
Solana;02/12/2021 15:00;0.530300021
Solana;02/12/2021 16:00;0.530300021
Solana;02/12/2021 17:00;0.524900019
Solana;02/12/2021 18:00;0.524900019
Solana;02/12/2021 19:00;0.524900019
Solana;02/12/2021 20:00;0.519599974
Solana;02/12/2021 21:00;0.519599974
Solana;02/12/2021 22:00;0.519599974
Solana;02/12/2021 23:00;0.519599974
Solana;03/12/2021 0:00;0.514299989
Solana;03/12/2021 1:00;0.514299989
Solana;03/12/2021 2:00;0.514299989
Solana;03/12/2021 3:00;0.514299989
Solana;03/12/2021 4:00;0.514299989
Solana;03/12/2021 5:00;0.514299989
Solana;03/12/2021 6:00;0.514299989
Solana;03/12/2021 7:00;0.514299989
Solana;03/12/2021 8:00;0.514299989
Solana;03/12/2021 9:00;0.508899987
Solana;03/12/2021 10:00;0.508899987
Solana;03/12/2021 11:00;0.508899987
Solana;03/12/2021 12:00;0.508899987
Solana;03/12/2021 13:00;0.508899987
Solana;03/12/2021 14:00;0.508899987
Solana;03/12/2021 15:00;0.508899987
Solana;03/12/2021 16:00;0.508899987
Solana;03/12/2021 17:00;0.508899987
Solana;03/12/2021 18:00;0.503600001
Solana;03/12/2021 19:00;0.503600001
Solana;03/12/2021 20:00;0.503600001
Solana;03/12/2021 21:00;0.503600001
Solana;03/12/2021 22:00;0.503600001
Solana;03/12/2021 23:00;0.503600001
Solana;04/12/2021 0:00;0.503600001
Solana;04/12/2021 1:00;0.503600001
Solana;04/12/2021 2:00;0.498199999
Solana;04/12/2021 3:00;0.498199999
Solana;04/12/2021 4:00;0.498199999
Solana;04/12/2021 5:00;0.498199999
Solana;04/12/2021 6:00;0.498199999
Solana;04/12/2021 7:00;0.498199999
Solana;04/12/2021 8:00;0.498199999
Solana;04/12/2021 9:00;0.498199999
Solana;04/12/2021 10:00;0.498199999
Solana;04/12/2021 11:00;0.492900014
Solana;04/12/2021 12:00;0.498199999
Solana;04/12/2021 13:00;0.492900014
Solana;04/12/2021 14:00;0.492900014
Solana;04/12/2021 15:00;0.492900014
Solana;04/12/2021 16:00;0.492900014
Solana;04/12/2021 17:00;0.492900014
Solana;04/12/2021 18:00;0.492900014
Solana;04/12/2021 19:00;0.492900014
Solana;04/12/2021 20:00;0.492900014
Solana;04/12/2021 21:00;0.492900014
Solana;04/12/2021 22:00;0.492900014
Solana;04/12/2021 23:00;0.487599999
Solana;05/12/2021 0:00;0.492900014
Solana;05/12/2021 1:00;0.487599999
Solana;05/12/2021 2:00;0.487599999
Solana;05/12/2021 3:00;0.487599999
Solana;05/12/2021 4:00;0.482199997
Solana;05/12/2021 5:00;0.487599999
Solana;05/12/2021 6:00;0.487599999
Solana;05/12/2021 7:00;0.487599999
Solana;05/12/2021 8:00;0.487599999
Solana;05/12/2021 9:00;0.482199997
Solana;05/12/2021 10:00;0.482199997
Solana;05/12/2021 11:00;0.482199997
Solana;05/12/2021 12:00;0.482199997
Solana;05/12/2021 13:00;0.482199997
Solana;05/12/2021 14:00;0.482199997
Solana;05/12/2021 15:00;0.482199997
Solana;05/12/2021 16:00;0.482199997
Solana;05/12/2021 17:00;0.476900011
Solana;05/12/2021 18:00;0.476900011
Solana;05/12/2021 19:00;0.476900011
Solana;05/12/2021 20:00;0.476900011
Solana;05/12/2021 21:00;0.476900011
Solana;05/12/2021 22:00;0.476900011
Solana;05/12/2021 23:00;0.476900011
Solana;06/12/2021 0:00;0.476900011
Solana;06/12/2021 1:00;0.476900011
Solana;06/12/2021 2:00;0.476900011
Solana;06/12/2021 3:00;0.471500009
Solana;06/12/2021 4:00;0.471500009
Solana;06/12/2021 5:00;0.471500009
Solana;06/12/2021 6:00;0.471500009
Solana;06/12/2021 7:00;0.466199994
Solana;06/12/2021 8:00;0.471500009
Solana;06/12/2021 9:00;0.466199994
Solana;06/12/2021 10:00;0.466199994
Solana;06/12/2021 11:00;0.466199994
Solana;06/12/2021 12:00;0.466199994
Solana;06/12/2021 13:00;0.466199994
Solana;06/12/2021 14:00;0.466199994
Solana;06/12/2021 15:00;0.460900009
Solana;06/12/2021 16:00;0.460900009
Solana;06/12/2021 17:00;0.466199994
Solana;06/12/2021 18:00;0.460900009
Solana;06/12/2021 19:00;0.460900009
Solana;06/12/2021 20:00;0.460900009
Solana;06/12/2021 21:00;0.460900009
Solana;06/12/2021 22:00;0.455500007
Solana;06/12/2021 23:00;0.460900009
Solana;07/12/2021 0:00;0.455500007
Solana;07/12/2021 1:00;0.455500007
Solana;07/12/2021 2:00;0.455500007
Solana;07/12/2021 3:00;0.455500007
Solana;07/12/2021 4:00;0.450199991
Solana;07/12/2021 5:00;0.450199991
Solana;07/12/2021 6:00;0.450199991
Solana;07/12/2021 7:00;0.450199991
Solana;07/12/2021 8:00;0.450199991
Solana;07/12/2021 9:00;0.450199991
Solana;07/12/2021 10:00;0.444799989
Solana;07/12/2021 11:00;0.439500004
Solana;07/12/2021 12:00;0.439500004
Solana;07/12/2021 13:00;0.439500004
Solana;07/12/2021 14:00;0.434100002
Solana;07/12/2021 15:00;0.428799987
Solana;07/12/2021 16:00;0.428799987
Solana;07/12/2021 17:00;0.428799987
Solana;07/12/2021 18:00;0.428799987
Solana;07/12/2021 19:00;0.428799987
Solana;07/12/2021 20:00;0.423500001
Solana;07/12/2021 21:00;0.423500001
Solana;07/12/2021 22:00;0.418099999
Solana;07/12/2021 23:00;0.423500001
Solana;08/12/2021 0:00;0.418099999
Solana;08/12/2021 1:00;0.418099999
Solana;08/12/2021 2:00;0.412800014
Solana;08/12/2021 3:00;0.412800014
Solana;08/12/2021 4:00;0.412800014
Solana;08/12/2021 5:00;0.412800014
Solana;08/12/2021 6:00;0.412800014
Solana;08/12/2021 7:00;0.407400012
Solana;08/12/2021 8:00;0.407400012
Solana;08/12/2021 9:00;0.407400012
Solana;08/12/2021 10:00;0.407400012
Solana;08/12/2021 11:00;0.407400012
Solana;08/12/2021 12:00;0.407400012
Solana;08/12/2021 13:00;0.407400012
Solana;08/12/2021 14:00;0.407400012
Solana;08/12/2021 15:00;0.407400012
Solana;08/12/2021 16:00;0.407400012
Solana;08/12/2021 17:00;0.407400012
Solana;08/12/2021 18:00;0.402099997
Solana;08/12/2021 19:00;0.407400012
Solana;08/12/2021 20:00;0.407400012
Solana;08/12/2021 21:00;0.402099997
Solana;08/12/2021 22:00;0.407400012
Solana;08/12/2021 23:00;0.402099997
Solana;09/12/2021 0:00;0.402099997
Solana;09/12/2021 1:00;0.402099997
Solana;09/12/2021 2:00;0.402099997
Solana;09/12/2021 3:00;0.402099997
Solana;09/12/2021 4:00;0.402099997
Solana;09/12/2021 5:00;0.402099997
Solana;09/12/2021 6:00;0.402099997
Solana;09/12/2021 7:00;0.396800011
Solana;09/12/2021 8:00;0.402099997
Solana;09/12/2021 9:00;0.402099997
Solana;09/12/2021 10:00;0.396800011
Solana;09/12/2021 11:00;0.402099997
Solana;09/12/2021 12:00;0.402099997
Solana;09/12/2021 13:00;0.402099997
Solana;09/12/2021 14:00;0.402099997
Solana;09/12/2021 15:00;0.402099997
Solana;09/12/2021 16:00;0.402099997
Solana;09/12/2021 17:00;0.396800011
Solana;09/12/2021 18:00;0.396800011
Solana;09/12/2021 19:00;0.402099997
Solana;09/12/2021 20:00;0.396800011
Solana;09/12/2021 21:00;0.396800011
Solana;09/12/2021 22:00;0.402099997
Solana;09/12/2021 23:00;0.396800011
Solana;10/12/2021 0:00;0.396800011
Solana;10/12/2021 1:00;0.396800011
Solana;10/12/2021 2:00;0.396800011
Solana;10/12/2021 3:00;0.396800011
Solana;10/12/2021 4:00;0.396800011
Solana;10/12/2021 5:00;0.396800011
Solana;10/12/2021 6:00;0.396800011
Solana;10/12/2021 7:00;0.391400009
Solana;10/12/2021 8:00;0.391400009
Solana;10/12/2021 9:00;0.391400009
Solana;10/12/2021 10:00;0.391400009
Solana;10/12/2021 11:00;0.391400009
Solana;10/12/2021 12:00;0.391400009
Solana;10/12/2021 13:00;0.391400009
Solana;10/12/2021 14:00;0.391400009
Solana;10/12/2021 15:00;0.391400009
Solana;10/12/2021 16:00;0.391400009
Solana;10/12/2021 17:00;0.391400009
Solana;10/12/2021 18:00;0.391400009
Solana;10/12/2021 19:00;0.386099994
Solana;10/12/2021 20:00;0.391400009
Solana;10/12/2021 21:00;0.386099994
Solana;10/12/2021 22:00;0.386099994
Solana;10/12/2021 23:00;0.391400009
Solana;11/12/2021 0:00;0.386099994
Solana;11/12/2021 1:00;0.391400009
Solana;11/12/2021 2:00;0.391400009
Solana;11/12/2021 3:00;0.391400009
Solana;11/12/2021 4:00;0.386099994
Solana;11/12/2021 5:00;0.386099994
Solana;11/12/2021 6:00;0.386099994
Solana;11/12/2021 7:00;0.386099994
Solana;11/12/2021 8:00;0.386099994
Solana;11/12/2021 9:00;0.380699992
Solana;11/12/2021 10:00;0.375400007
Solana;11/12/2021 11:00;0.375400007
Solana;11/12/2021 12:00;0.370099992
Solana;11/12/2021 13:00;0.370099992
Solana;11/12/2021 14:00;0.370099992
Solana;11/12/2021 15:00;0.36469999
Solana;11/12/2021 16:00;0.359400004
Solana;11/12/2021 17:00;0.359400004
Solana;11/12/2021 18:00;0.359400004
Solana;11/12/2021 19:00;0.354000002
Solana;11/12/2021 20:00;0.354000002
Solana;11/12/2021 21:00;0.354000002
Solana;11/12/2021 22:00;0.348699987
Solana;11/12/2021 23:00;0.348699987
Solana;12/12/2021 0:00;0.354000002
Solana;12/12/2021 1:00;0.348699987
Solana;12/12/2021 2:00;0.354000002
Solana;12/12/2021 3:00;0.354000002
Solana;12/12/2021 4:00;0.354000002
Solana;12/12/2021 5:00;0.354000002
Solana;12/12/2021 6:00;0.354000002
Solana;12/12/2021 7:00;0.354000002
Solana;12/12/2021 8:00;0.359400004
Solana;12/12/2021 9:00;0.354000002
Solana;12/12/2021 10:00;0.359400004
Solana;12/12/2021 11:00;0.354000002
Solana;12/12/2021 12:00;0.359400004
Solana;12/12/2021 13:00;0.359400004
Solana;12/12/2021 14:00;0.359400004
Solana;12/12/2021 15:00;0.36469999
Solana;12/12/2021 16:00;0.359400004
Solana;12/12/2021 17:00;0.36469999
Solana;12/12/2021 18:00;0.359400004
Solana;12/12/2021 19:00;0.36469999
Solana;12/12/2021 20:00;0.359400004
Solana;12/12/2021 21:00;0.359400004
Solana;12/12/2021 22:00;0.359400004
Solana;12/12/2021 23:00;0.359400004
Solana;13/12/2021 0:00;0.359400004
Solana;13/12/2021 1:00;0.359400004
Solana;13/12/2021 2:00;0.354000002
Solana;13/12/2021 3:00;0.359400004
Solana;13/12/2021 4:00;0.359400004
Solana;13/12/2021 5:00;0.359400004
Solana;13/12/2021 6:00;0.359400004
Solana;13/12/2021 7:00;0.359400004
Solana;13/12/2021 8:00;0.359400004
Solana;13/12/2021 9:00;0.354000002
Solana;13/12/2021 10:00;0.359400004
Solana;13/12/2021 11:00;0.359400004
Solana;13/12/2021 12:00;0.359400004
Solana;13/12/2021 13:00;0.359400004
Solana;13/12/2021 14:00;0.359400004
Solana;13/12/2021 15:00;0.36469999
Solana;13/12/2021 16:00;0.359400004
Solana;13/12/2021 17:00;0.36469999
Solana;13/12/2021 18:00;0.359400004
Solana;13/12/2021 19:00;0.36469999
Solana;13/12/2021 20:00;0.359400004
Solana;13/12/2021 21:00;0.36469999
Solana;13/12/2021 22:00;0.359400004
Solana;13/12/2021 23:00;0.359400004
Solana;14/12/2021 0:00;0.359400004
Solana;14/12/2021 1:00;0.359400004
Solana;14/12/2021 2:00;0.359400004
Solana;14/12/2021 3:00;0.359400004
Solana;14/12/2021 4:00;0.359400004
Solana;14/12/2021 5:00;0.359400004
Solana;14/12/2021 6:00;0.359400004
Solana;14/12/2021 7:00;0.359400004
Solana;14/12/2021 8:00;0.359400004
Solana;14/12/2021 9:00;0.359400004
Solana;14/12/2021 10:00;0.359400004
Solana;14/12/2021 11:00;0.359400004
Solana;14/12/2021 12:00;0.359400004
Solana;14/12/2021 13:00;0.36469999
Solana;14/12/2021 14:00;0.36469999
Solana;14/12/2021 15:00;0.36469999
Solana;14/12/2021 16:00;0.36469999
Solana;14/12/2021 17:00;0.370099992
Solana;14/12/2021 18:00;0.36469999
Solana;14/12/2021 19:00;0.36469999
Solana;14/12/2021 20:00;0.36469999
Solana;14/12/2021 21:00;0.36469999
Solana;14/12/2021 22:00;0.36469999
Solana;14/12/2021 23:00;0.36469999
Solana;15/12/2021 0:00;0.36469999
Solana;15/12/2021 1:00;0.36469999
Solana;15/12/2021 2:00;0.36469999
Solana;15/12/2021 3:00;0.36469999
Solana;15/12/2021 4:00;0.36469999
Solana;15/12/2021 5:00;0.36469999
Solana;15/12/2021 6:00;0.36469999
Solana;15/12/2021 7:00;0.36469999
Solana;15/12/2021 8:00;0.36469999
Solana;15/12/2021 9:00;0.36469999
Solana;15/12/2021 10:00;0.36469999
Solana;15/12/2021 11:00;0.36469999
Solana;15/12/2021 12:00;0.36469999
Solana;15/12/2021 13:00;0.370099992
Solana;15/12/2021 14:00;0.370099992
Solana;15/12/2021 15:00;0.375400007
Solana;15/12/2021 16:00;0.375400007
Solana;15/12/2021 17:00;0.375400007
Solana;15/12/2021 18:00;0.375400007
Solana;15/12/2021 19:00;0.375400007
Solana;15/12/2021 20:00;0.375400007
Solana;15/12/2021 21:00;0.370099992
Solana;15/12/2021 22:00;0.370099992
Solana;15/12/2021 23:00;0.375400007
Solana;16/12/2021 0:00;0.370099992
Solana;16/12/2021 1:00;0.370099992
Solana;16/12/2021 2:00;0.370099992
Solana;16/12/2021 3:00;0.375400007
Solana;16/12/2021 4:00;0.370099992
Solana;16/12/2021 5:00;0.370099992
Solana;16/12/2021 6:00;0.370099992
Solana;16/12/2021 7:00;0.370099992
Solana;16/12/2021 8:00;0.370099992
Solana;16/12/2021 9:00;0.370099992
Solana;16/12/2021 10:00;0.370099992
Solana;16/12/2021 11:00;0.370099992
Solana;16/12/2021 12:00;0.375400007
Solana;16/12/2021 13:00;0.375400007
Solana;16/12/2021 14:00;0.380699992
Solana;16/12/2021 15:00;0.380699992
Solana;16/12/2021 16:00;0.386099994
Solana;16/12/2021 17:00;0.380699992
Solana;16/12/2021 18:00;0.386099994
Solana;16/12/2021 19:00;0.380699992
Solana;16/12/2021 20:00;0.380699992
Solana;16/12/2021 21:00;0.380699992
Solana;16/12/2021 22:00;0.380699992
Solana;16/12/2021 23:00;0.380699992
Solana;17/12/2021 0:00;0.380699992
Solana;17/12/2021 1:00;0.380699992
Solana;17/12/2021 2:00;0.380699992
Solana;17/12/2021 3:00;0.375400007
Solana;17/12/2021 4:00;0.380699992
Solana;17/12/2021 5:00;0.380699992
Solana;17/12/2021 6:00;0.380699992
Solana;17/12/2021 7:00;0.380699992
Solana;17/12/2021 8:00;0.380699992
Solana;17/12/2021 9:00;0.380699992
Solana;17/12/2021 10:00;0.380699992
Solana;17/12/2021 11:00;0.386099994
Solana;17/12/2021 12:00;0.386099994
Solana;17/12/2021 13:00;0.396800011
Solana;17/12/2021 14:00;0.396800011
Solana;17/12/2021 15:00;0.402099997
Solana;17/12/2021 16:00;0.402099997
Solana;17/12/2021 17:00;0.407400012
Solana;17/12/2021 18:00;0.407400012
Solana;17/12/2021 19:00;0.407400012
Solana;17/12/2021 20:00;0.407400012
Solana;17/12/2021 21:00;0.402099997
Solana;17/12/2021 22:00;0.402099997
Solana;17/12/2021 23:00;0.402099997
Solana;18/12/2021 0:00;0.402099997
Solana;18/12/2021 1:00;0.402099997
Solana;18/12/2021 2:00;0.402099997
Solana;18/12/2021 3:00;0.402099997
Solana;18/12/2021 4:00;0.402099997
Solana;18/12/2021 5:00;0.402099997
Solana;18/12/2021 6:00;0.396800011
Solana;18/12/2021 7:00;0.396800011
Solana;18/12/2021 8:00;0.396800011
Solana;18/12/2021 9:00;0.391400009
Solana;18/12/2021 10:00;0.386099994
Solana;18/12/2021 11:00;0.386099994
Solana;18/12/2021 12:00;0.380699992
Solana;18/12/2021 13:00;0.380699992
Solana;18/12/2021 14:00;0.380699992
Solana;18/12/2021 15:00;0.380699992
Solana;18/12/2021 16:00;0.380699992
Solana;18/12/2021 17:00;0.380699992
Solana;18/12/2021 18:00;0.380699992
Solana;18/12/2021 19:00;0.380699992
Solana;18/12/2021 20:00;0.386099994
Solana;18/12/2021 21:00;0.386099994
Solana;18/12/2021 22:00;0.391400009
Solana;18/12/2021 23:00;0.391400009
Solana;19/12/2021 0:00;0.391400009
Solana;19/12/2021 1:00;0.391400009
Solana;19/12/2021 2:00;0.391400009
Solana;19/12/2021 3:00;0.386099994
Solana;19/12/2021 4:00;0.386099994
Solana;19/12/2021 5:00;0.391400009
Solana;19/12/2021 6:00;0.386099994
Solana;19/12/2021 7:00;0.380699992
Solana;19/12/2021 8:00;0.375400007
Solana;19/12/2021 9:00;0.370099992
Solana;19/12/2021 10:00;0.36469999
Solana;19/12/2021 11:00;0.359400004
Solana;19/12/2021 12:00;0.359400004
Solana;19/12/2021 13:00;0.359400004
Solana;19/12/2021 14:00;0.359400004
Solana;19/12/2021 15:00;0.36469999
Solana;19/12/2021 16:00;0.370099992
Solana;19/12/2021 17:00;0.370099992
Solana;19/12/2021 18:00;0.375400007
Solana;19/12/2021 19:00;0.375400007
Solana;19/12/2021 20:00;0.380699992
Solana;19/12/2021 21:00;0.380699992
Solana;19/12/2021 22:00;0.380699992
Solana;19/12/2021 23:00;0.380699992
Solana;20/12/2021 0:00;0.386099994
Solana;20/12/2021 1:00;0.386099994
Solana;20/12/2021 2:00;0.386099994
Solana;20/12/2021 3:00;0.380699992
Solana;20/12/2021 4:00;0.386099994
Solana;20/12/2021 5:00;0.386099994
Solana;20/12/2021 6:00;0.386099994
Solana;20/12/2021 7:00;0.386099994
Solana;20/12/2021 8:00;0.380699992
Solana;20/12/2021 9:00;0.380699992
Solana;20/12/2021 10:00;0.380699992
Solana;20/12/2021 11:00;0.386099994
Solana;20/12/2021 12:00;0.380699992
Solana;20/12/2021 13:00;0.386099994
Solana;20/12/2021 14:00;0.386099994
Solana;20/12/2021 15:00;0.386099994
Solana;20/12/2021 16:00;0.386099994
Solana;20/12/2021 17:00;0.391400009
Solana;20/12/2021 18:00;0.391400009
Solana;20/12/2021 19:00;0.391400009
Solana;20/12/2021 20:00;0.391400009
Solana;20/12/2021 21:00;0.391400009
Solana;20/12/2021 22:00;0.391400009
Solana;20/12/2021 23:00;0.391400009
Solana;21/12/2021 0:00;0.396800011
Solana;21/12/2021 1:00;0.391400009
Solana;21/12/2021 2:00;0.391400009
Solana;21/12/2021 3:00;0.396800011
Solana;21/12/2021 4:00;0.396800011
Solana;21/12/2021 5:00;0.396800011
Solana;21/12/2021 6:00;0.396800011
Solana;21/12/2021 7:00;0.396800011
Solana;21/12/2021 8:00;0.396800011
Solana;21/12/2021 9:00;0.396800011
Solana;21/12/2021 10:00;0.396800011
Solana;21/12/2021 11:00;0.391400009
Solana;21/12/2021 12:00;0.391400009
Solana;21/12/2021 13:00;0.391400009
Solana;21/12/2021 14:00;0.391400009
Solana;21/12/2021 15:00;0.391400009
Solana;21/12/2021 16:00;0.391400009
Solana;21/12/2021 17:00;0.386099994
Solana;21/12/2021 18:00;0.386099994
Solana;21/12/2021 19:00;0.380699992
Solana;21/12/2021 20:00;0.375400007
Solana;21/12/2021 21:00;0.370099992
Solana;21/12/2021 22:00;0.370099992
Solana;21/12/2021 23:00;0.370099992
Solana;22/12/2021 0:00;0.36469999
Solana;22/12/2021 1:00;0.36469999
Solana;22/12/2021 2:00;0.359400004
Solana;22/12/2021 3:00;0.359400004
Solana;22/12/2021 4:00;0.354000002
Solana;22/12/2021 5:00;0.359400004
Solana;22/12/2021 6:00;0.354000002
Solana;22/12/2021 7:00;0.354000002
Solana;22/12/2021 8:00;0.348699987
Solana;22/12/2021 9:00;0.348699987
Solana;22/12/2021 10:00;0.348699987
Solana;22/12/2021 11:00;0.348699987
Solana;22/12/2021 12:00;0.348699987
Solana;22/12/2021 13:00;0.348699987
Solana;22/12/2021 14:00;0.348699987
Solana;22/12/2021 15:00;0.348699987
Solana;22/12/2021 16:00;0.354000002
Solana;22/12/2021 17:00;0.354000002
Solana;22/12/2021 18:00;0.354000002
Solana;22/12/2021 19:00;0.354000002
Solana;22/12/2021 20:00;0.354000002
Solana;22/12/2021 21:00;0.354000002
Solana;22/12/2021 22:00;0.354000002
Solana;22/12/2021 23:00;0.354000002
Solana;23/12/2021 0:00;0.359400004
Solana;23/12/2021 1:00;0.354000002
Solana;23/12/2021 2:00;0.359400004
Solana;23/12/2021 3:00;0.359400004
Solana;23/12/2021 4:00;0.359400004
Solana;23/12/2021 5:00;0.354000002
Solana;23/12/2021 6:00;0.348699987
Solana;23/12/2021 7:00;0.343400002
Solana;23/12/2021 8:00;0.343400002
Solana;23/12/2021 9:00;0.343400002
Solana;23/12/2021 10:00;0.343400002
Solana;23/12/2021 11:00;0.338
Solana;23/12/2021 12:00;0.338
Solana;23/12/2021 13:00;0.338
Solana;23/12/2021 14:00;0.338
Solana;23/12/2021 15:00;0.338
Solana;23/12/2021 16:00;0.338
Solana;23/12/2021 17:00;0.338
Solana;23/12/2021 18:00;0.332700014
Solana;23/12/2021 19:00;0.332700014
Solana;23/12/2021 20:00;0.332700014
Solana;23/12/2021 21:00;0.332700014
Solana;23/12/2021 22:00;0.332700014
Solana;23/12/2021 23:00;0.332700014
Solana;24/12/2021 0:00;0.327300012
Solana;24/12/2021 1:00;0.332700014
Solana;24/12/2021 2:00;0.332700014
Solana;24/12/2021 3:00;0.332700014
Solana;24/12/2021 4:00;0.332700014
Solana;24/12/2021 5:00;0.338
Solana;24/12/2021 6:00;0.338
Solana;24/12/2021 7:00;0.338
Solana;24/12/2021 8:00;0.338
Solana;24/12/2021 9:00;0.338
Solana;24/12/2021 10:00;0.343400002
Solana;24/12/2021 11:00;0.338
Solana;24/12/2021 12:00;0.343400002
Solana;24/12/2021 13:00;0.343400002
Solana;24/12/2021 14:00;0.343400002
Solana;24/12/2021 15:00;0.348699987
Solana;24/12/2021 16:00;0.348699987
Solana;24/12/2021 17:00;0.348699987
Solana;24/12/2021 18:00;0.343400002
Solana;24/12/2021 19:00;0.348699987
Solana;24/12/2021 20:00;0.343400002
Solana;24/12/2021 21:00;0.348699987
Solana;24/12/2021 22:00;0.343400002
Solana;24/12/2021 23:00;0.343400002
Solana;25/12/2021 0:00;0.348699987
Solana;25/12/2021 1:00;0.343400002
Solana;25/12/2021 2:00;0.343400002
Solana;25/12/2021 3:00;0.348699987
Solana;25/12/2021 4:00;0.348699987
Solana;25/12/2021 5:00;0.348699987
Solana;25/12/2021 6:00;0.343400002
Solana;25/12/2021 7:00;0.348699987
Solana;25/12/2021 8:00;0.348699987
Solana;25/12/2021 9:00;0.348699987
Solana;25/12/2021 10:00;0.348699987
Solana;25/12/2021 11:00;0.348699987
Solana;25/12/2021 12:00;0.348699987
Solana;25/12/2021 13:00;0.354000002
Solana;25/12/2021 14:00;0.354000002
Solana;25/12/2021 15:00;0.359400004
Solana;25/12/2021 16:00;0.359400004
Solana;25/12/2021 17:00;0.359400004
Solana;25/12/2021 18:00;0.359400004
Solana;25/12/2021 19:00;0.359400004
Solana;25/12/2021 20:00;0.354000002
Solana;25/12/2021 21:00;0.354000002
Solana;25/12/2021 22:00;0.354000002
Solana;25/12/2021 23:00;0.348699987
Solana;26/12/2021 0:00;0.348699987
Solana;26/12/2021 1:00;0.348699987
Solana;26/12/2021 2:00;0.348699987
Solana;26/12/2021 3:00;0.348699987
Solana;26/12/2021 4:00;0.348699987
Solana;26/12/2021 5:00;0.348699987
Solana;26/12/2021 6:00;0.348699987
Solana;26/12/2021 7:00;0.343400002
Solana;26/12/2021 8:00;0.348699987
Solana;26/12/2021 9:00;0.348699987
Solana;26/12/2021 10:00;0.348699987
Solana;26/12/2021 11:00;0.348699987
Solana;26/12/2021 12:00;0.348699987
Solana;26/12/2021 13:00;0.348699987
Solana;26/12/2021 14:00;0.348699987
Solana;26/12/2021 15:00;0.348699987
Solana;26/12/2021 16:00;0.343400002
Solana;26/12/2021 17:00;0.343400002
Solana;26/12/2021 18:00;0.338
Solana;26/12/2021 19:00;0.338
Solana;26/12/2021 20:00;0.332700014
Solana;26/12/2021 21:00;0.332700014
Solana;26/12/2021 22:00;0.332700014
Solana;26/12/2021 23:00;0.332700014
Solana;27/12/2021 0:00;0.332700014
Solana;27/12/2021 1:00;0.327300012
Solana;27/12/2021 2:00;0.321999997
Solana;27/12/2021 3:00;0.321999997
Solana;27/12/2021 4:00;0.321999997
Solana;27/12/2021 5:00;0.316599995
Solana;27/12/2021 6:00;0.321999997
Solana;27/12/2021 7:00;0.316599995
Solana;27/12/2021 8:00;0.316599995
Solana;27/12/2021 9:00;0.316599995
Solana;27/12/2021 10:00;0.321999997
Solana;27/12/2021 11:00;0.321999997
Solana;27/12/2021 12:00;0.321999997
Solana;27/12/2021 13:00;0.327300012
Solana;27/12/2021 14:00;0.327300012
Solana;27/12/2021 15:00;0.332700014
Solana;27/12/2021 16:00;0.332700014
Solana;27/12/2021 17:00;0.338
Solana;27/12/2021 18:00;0.338
Solana;27/12/2021 19:00;0.332700014
Solana;27/12/2021 20:00;0.327300012
Solana;27/12/2021 21:00;0.321999997
Solana;27/12/2021 22:00;0.321999997
Solana;27/12/2021 23:00;0.316599995
Solana;28/12/2021 0:00;0.321999997
Solana;28/12/2021 1:00;0.316599995
Solana;28/12/2021 2:00;0.311300009
Solana;28/12/2021 3:00;0.311300009
Solana;28/12/2021 4:00;0.311300009
Solana;28/12/2021 5:00;0.311300009
Solana;28/12/2021 6:00;0.311300009
Solana;28/12/2021 7:00;0.305999994
Solana;28/12/2021 8:00;0.300599992
Solana;28/12/2021 9:00;0.300599992
Solana;28/12/2021 10:00;0.300599992
Solana;28/12/2021 11:00;0.305999994
Solana;28/12/2021 12:00;0.321999997
Solana;28/12/2021 13:00;0.348699987
Solana;28/12/2021 14:00;0.460900009
Solana;28/12/2021 15:00;0.717199981
Solana;28/12/2021 16:00;1.101799965
Solana;28/12/2021 17:00;1.096500039
Solana;28/12/2021 18:00;0.984300017
Solana;28/12/2021 19:00;0.685199976
Solana;28/12/2021 20:00;0.594399989
Solana;28/12/2021 21:00;0.530300021
Solana;28/12/2021 22:00;0.455500007
Solana;28/12/2021 23:00;0.450199991
Solana;29/12/2021 0:00;0.605099976
Solana;29/12/2021 1:00;1.139199972
Solana;29/12/2021 2:00;1.92990005
Solana;29/12/2021 3:00;2.031399965
Solana;29/12/2021 4:00;2.437599897
Solana;29/12/2021 5:00;2.373399973
Solana;29/12/2021 6:00;2.613899946
Solana;29/12/2021 7:00;2.587199926
Solana;29/12/2021 8:00;2.421499968
Solana;29/12/2021 9:00;2.421499968
Solana;29/12/2021 10:00;2.742199898
Solana;29/12/2021 11:00;3.399600029
Solana;29/12/2021 12:00;4.335199833
Solana;29/12/2021 13:00;4.98759985
Solana;29/12/2021 14:00;5.945099831
Solana;29/12/2021 15:00;6.736999989
Solana;29/12/2021 16:00;6.421299934
Solana;29/12/2021 17:00;5.977200031
Solana;29/12/2021 18:00;4.629300117
Solana;29/12/2021 19:00;3.527899981
Solana;29/12/2021 20:00;2.881099939
Solana;29/12/2021 21:00;2.38409996
Solana;29/12/2021 22:00;2.02609992
Solana;29/12/2021 23:00;1.919199944
Solana;30/12/2021 0:00;1.908499956
Solana;30/12/2021 1:00;2.015399933
Solana;30/12/2021 2:00;1.988700032
Solana;30/12/2021 3:00;1.881800056
Solana;30/12/2021 4:00;1.919199944
Solana;30/12/2021 5:00;2.148999929
Solana;30/12/2021 6:00;2.132999897
Solana;30/12/2021 7:00;2.047499895
Solana;30/12/2021 8:00;2.010099888
Solana;30/12/2021 9:00;1.721500039
Solana;30/12/2021 10:00;1.716199994
Solana;30/12/2021 11:00;2.389499903
Solana;30/12/2021 12:00;3.602799892
Solana;30/12/2021 13:00;4.645400047
Solana;30/12/2021 14:00;5.453000069
Solana;30/12/2021 15:00;6.014699936
Solana;30/12/2021 16:00;6.094900131
Solana;30/12/2021 17:00;5.468999863
Solana;30/12/2021 18:00;4.116000175
Solana;30/12/2021 19:00;2.822400093
Solana;30/12/2021 20:00;1.962000012
Solana;30/12/2021 21:00;1.342200041
Solana;30/12/2021 22:00;1.096500039
Solana;30/12/2021 23:00;0.888100028
Solana;31/12/2021 0:00;0.690500021
Solana;31/12/2021 1:00;0.556999981
Solana;31/12/2021 2:00;0.562300026
Solana;31/12/2021 3:00;0.594399989
Solana;31/12/2021 4:00;0.562300026
Solana;31/12/2021 5:00;0.541000009
Solana;31/12/2021 6:00;0.503600001
Solana;31/12/2021 7:00;0.530300021
Solana;31/12/2021 8:00;0.599699974
Solana;31/12/2021 9:00;0.626399994
Solana;31/12/2021 10:00;0.711899996
Solana;31/12/2021 11:00;1.304800034
Solana;31/12/2021 12:00;3.036099911
Solana;31/12/2021 13:00;5.116000175
Solana;31/12/2021 14:00;6.833300114
Solana;31/12/2021 15:00;7.373799801
Solana;31/12/2021 16:00;7.100800037
Solana;31/12/2021 17:00;5.934400082
Solana;31/12/2021 18:00;4.351299763
Solana;31/12/2021 19:00;3.324800014
Solana;31/12/2021 20:00;2.528399944
Solana;31/12/2021 21:00;1.897899985
Solana;31/12/2021 22:00;1.57190001
Solana;31/12/2021 23:00;1.43840003
Solana;01/01/2022 0:00;1.342200041
Solana;01/01/2022 1:00;1.240700006
Solana;01/01/2022 2:00;1.176599979
Solana;01/01/2022 3:00;1.101799965
Solana;01/01/2022 4:00;1.208699942
Solana;01/01/2022 5:00;1.230000019
Solana;01/01/2022 6:00;1.133900046
Solana;01/01/2022 7:00;0.962899983
Solana;01/01/2022 8:00;0.84009999
Solana;01/01/2022 9:00;0.802699983
Solana;01/01/2022 10:00;1.069800019
Solana;01/01/2022 11:00;1.561300039
Solana;01/01/2022 12:00;2.362699986
Solana;01/01/2022 13:00;3.212500095
Solana;01/01/2022 14:00;3.479799986
Solana;01/01/2022 15:00;3.59739995
Solana;01/01/2022 16:00;3.816600084
Solana;01/01/2022 17:00;3.784499884
Solana;01/01/2022 18:00;2.929199934
Solana;01/01/2022 19:00;2.266599894
Solana;01/01/2022 20:00;1.823099971
Solana;01/01/2022 21:00;1.577299953
Solana;01/01/2022 22:00;1.374300003
Solana;01/01/2022 23:00;1.107200027
Solana;02/01/2022 0:00;1.043099999
Solana;02/01/2022 1:00;1.422299981
Solana;02/01/2022 2:00;1.64139998
Solana;02/01/2022 3:00;1.791000009
Solana;02/01/2022 4:00;1.90320003
Solana;02/01/2022 5:00;2.234499931
Solana;02/01/2022 6:00;2.506999969
Solana;02/01/2022 7:00;1.625399947
Solana;02/01/2022 8:00;1.043099999
Solana;02/01/2022 9:00;0.685199976
Solana;02/01/2022 10:00;0.487599999
Solana;02/01/2022 11:00;0.487599999
Solana;02/01/2022 12:00;0.727900028
Solana;02/01/2022 13:00;2.565799952
Solana;02/01/2022 14:00;3.399600029
Solana;02/01/2022 15:00;5.10529995
Solana;02/01/2022 16:00;5.228300095
Solana;02/01/2022 17:00;4.490300179
Solana;02/01/2022 18:00;3.052200079
Solana;02/01/2022 19:00;1.90320003
Solana;02/01/2022 20:00;1.112499952
Solana;02/01/2022 21:00;0.578400016
Solana;02/01/2022 22:00;0.316599995
Solana;02/01/2022 23:00;0.541000009
Solana;03/01/2022 0:00;0.492900014
Solana;03/01/2022 1:00;0.423500001
Solana;03/01/2022 2:00;0.343400002
Solana;03/01/2022 3:00;0.300599992
Solana;03/01/2022 4:00;0.273900002
Solana;03/01/2022 5:00;0.2579
Solana;03/01/2022 6:00;0.252600014
Solana;03/01/2022 7:00;0.247199997
Solana;03/01/2022 8:00;0.268599987
Solana;03/01/2022 9:00;0.402099997
Solana;03/01/2022 10:00;0.588999987
Solana;03/01/2022 11:00;1.347599983
Solana;03/01/2022 12:00;2.485699892
Solana;03/01/2022 13:00;3.244600058
Solana;03/01/2022 14:00;3.779200077
Solana;03/01/2022 15:00;4.292500019
Solana;03/01/2022 16:00;4.313799858
Solana;03/01/2022 17:00;3.811300039
Solana;03/01/2022 18:00;3.228600025
Solana;03/01/2022 19:00;2.512399912
Solana;03/01/2022 20:00;2.07949996
Solana;03/01/2022 21:00;1.892500043
Solana;03/01/2022 22:00;1.855100036
Solana;03/01/2022 23:00;1.839100003
Solana;04/01/2022 0:00;1.897899985
Solana;04/01/2022 1:00;1.92990005
Solana;04/01/2022 2:00;1.983299971
Solana;04/01/2022 3:00;2.084899902
Solana;04/01/2022 4:00;2.234499931
Solana;04/01/2022 5:00;2.036799908
Solana;04/01/2022 6:00;1.219300032
Solana;04/01/2022 7:00;1.112499952
Solana;04/01/2022 8:00;1.08039999
Solana;04/01/2022 9:00;0.904200017
Solana;04/01/2022 10:00;0.872099996
Solana;04/01/2022 11:00;0.791999996
Solana;04/01/2022 12:00;0.717199981
Solana;04/01/2022 13:00;0.674499989
Solana;04/01/2022 14:00;0.642400026
Solana;04/01/2022 15:00;0.588999987
Solana;04/01/2022 16:00;0.556999981
Solana;04/01/2022 17:00;0.546299994
Solana;04/01/2022 18:00;0.530300021
Solana;04/01/2022 19:00;0.503600001
Solana;04/01/2022 20:00;0.471500009
Solana;04/01/2022 21:00;0.418099999
Solana;04/01/2022 22:00;0.359400004
Solana;04/01/2022 23:00;0.316599995
Solana;05/01/2022 0:00;0.28459999
Solana;05/01/2022 1:00;0.263200015
Solana;05/01/2022 2:00;0.241899997
Solana;05/01/2022 3:00;0.215200007
Solana;05/01/2022 4:00;0.1778
Solana;05/01/2022 5:00;0.129700005
Solana;05/01/2022 6:00;0.076300003
Solana;05/01/2022 7:00;0.0176
Solana;05/01/2022 8:00;-0.046500001
Solana;05/01/2022 9:00;-0.083899997
Solana;05/01/2022 10:00;-0.0999
Solana;05/01/2022 11:00;-0.067900002
Solana;05/01/2022 12:00;-0.0305
Solana;05/01/2022 13:00;0.0069
Solana;05/01/2022 14:00;0.0283
Solana;05/01/2022 15:00;0.038899999
Solana;05/01/2022 16:00;0.049600001
Solana;05/01/2022 17:00;0.038899999
Solana;05/01/2022 18:00;-0.0091
Solana;05/01/2022 19:00;-0.0572
Solana;05/01/2022 20:00;-0.089199997
Solana;05/01/2022 21:00;-0.089199997
Solana;05/01/2022 22:00;-0.078500003
Solana;05/01/2022 23:00;-0.067900002
Solana;06/01/2022 0:00;-0.0625
Solana;06/01/2022 1:00;-0.0625
Solana;06/01/2022 2:00;-0.073200002
Solana;06/01/2022 3:00;-0.115900002
Solana;06/01/2022 4:00;-0.195999995
Solana;06/01/2022 5:00;-0.249400005
Solana;06/01/2022 6:00;-0.286799997
Solana;06/01/2022 7:00;-0.313499987
Solana;06/01/2022 8:00;-0.350899994
Solana;06/01/2022 9:00;-0.388200015
Solana;06/01/2022 10:00;-0.446999997
Solana;06/01/2022 11:00;-0.441599995
Solana;06/01/2022 12:00;-0.366899997
Solana;06/01/2022 13:00;-0.270799994
Solana;06/01/2022 14:00;-0.190699995
Solana;06/01/2022 15:00;-0.121299997
Solana;06/01/2022 16:00;-0.121299997
Solana;06/01/2022 17:00;-0.148000002
Solana;06/01/2022 18:00;-0.158600003
Solana;06/01/2022 19:00;-0.201399997
Solana;06/01/2022 20:00;-0.233400002
Solana;06/01/2022 21:00;-0.244100004
Solana;06/01/2022 22:00;-0.206699997
Solana;06/01/2022 23:00;-0.153300002
Solana;07/01/2022 0:00;-0.121299997
Solana;07/01/2022 1:00;-0.0999
Solana;07/01/2022 2:00;-0.089199997
Solana;07/01/2022 3:00;-0.089199997
Solana;07/01/2022 4:00;-0.1052
Solana;07/01/2022 5:00;-0.121299997
Solana;07/01/2022 6:00;-0.1426
Solana;07/01/2022 7:00;-0.180000007
Solana;07/01/2022 8:00;-0.206699997
Solana;07/01/2022 9:00;-0.249400005
Solana;07/01/2022 10:00;-0.254700005
Solana;07/01/2022 11:00;-0.228100002
Solana;07/01/2022 12:00;-0.244100004
Solana;07/01/2022 13:00;-0.228100002
Solana;07/01/2022 14:00;-0.180000007
Solana;07/01/2022 15:00;-0.1373
Solana;07/01/2022 16:00;-0.121299997
Solana;07/01/2022 17:00;-0.174700007
Solana;07/01/2022 18:00;-0.3028
Solana;07/01/2022 19:00;-0.441599995
Solana;07/01/2022 20:00;-0.537699997
Solana;07/01/2022 21:00;-0.617799997
Solana;07/01/2022 22:00;-0.676599979
Solana;07/01/2022 23:00;-0.703299999
Solana;08/01/2022 0:00;-0.756600022
Solana;08/01/2022 1:00;-0.825999975
Solana;08/01/2022 2:00;-0.90079999
Solana;08/01/2022 3:00;-0.986199975
Solana;08/01/2022 4:00;-1.055600047
Solana;08/01/2022 5:00;-1.09829998
Solana;08/01/2022 6:00;-1.082299948
Solana;08/01/2022 7:00;-1.087599993
Solana;08/01/2022 8:00;-1.082299948
Solana;08/01/2022 9:00;-1.082299948
Solana;08/01/2022 10:00;-1.050300002
Solana;08/01/2022 11:00;-0.890100002
Solana;08/01/2022 12:00;-0.724600017
Solana;08/01/2022 13:00;-0.601800025
Solana;08/01/2022 14:00;-0.446999997
Solana;08/01/2022 15:00;-0.35620001
Solana;08/01/2022 16:00;-0.40959999
Solana;08/01/2022 17:00;-0.607200027
Solana;08/01/2022 18:00;-0.607200027
Solana;08/01/2022 19:00;-0.644500017
Solana;08/01/2022 20:00;-0.665899992
Solana;08/01/2022 21:00;-0.612500012
Solana;08/01/2022 22:00;-0.521700025
Solana;08/01/2022 23:00;-0.414900005
Solana;09/01/2022 0:00;-0.340200007
Solana;09/01/2022 1:00;-0.254700005
Solana;09/01/2022 2:00;-0.206699997
Solana;09/01/2022 3:00;-0.238700002
Solana;09/01/2022 4:00;-0.361499995
Solana;09/01/2022 5:00;-0.350899994
Solana;09/01/2022 6:00;-0.292100012
Solana;09/01/2022 7:00;-0.340200007
Solana;09/01/2022 8:00;-0.372200012
Solana;09/01/2022 9:00;-0.3829
Solana;09/01/2022 10:00;-0.32949999
Solana;09/01/2022 11:00;-0.27610001
Solana;09/01/2022 12:00;-0.158600003
Solana;09/01/2022 13:00;-0.094599999
Solana;09/01/2022 14:00;0.0016
Solana;09/01/2022 15:00;0.156399995
Solana;09/01/2022 16:00;0.263200015
Solana;09/01/2022 17:00;0.321999997
Solana;09/01/2022 18:00;0.359400004
Solana;09/01/2022 19:00;0.412800014
Solana;09/01/2022 20:00;0.439500004
Solana;09/01/2022 21:00;0.439500004
Solana;09/01/2022 22:00;0.487599999
Solana;09/01/2022 23:00;0.487599999
Solana;10/01/2022 0:00;0.460900009
Solana;10/01/2022 1:00;0.492900014
Solana;10/01/2022 2:00;0.28459999
Solana;10/01/2022 3:00;0.332700014
Solana;10/01/2022 4:00;0.055
Solana;10/01/2022 5:00;0.049600001
Solana;10/01/2022 6:00;0.038899999
Solana;10/01/2022 7:00;-0.094599999
Solana;10/01/2022 8:00;-0.041200001
Solana;10/01/2022 9:00;0.0016
Solana;10/01/2022 10:00;0.0016
Solana;10/01/2022 11:00;0.0176
Solana;10/01/2022 12:00;1.748200059
Solana;10/01/2022 13:00;2.341399908
Solana;10/01/2022 14:00;2.891799927
Solana;10/01/2022 15:00;3.714999914
Solana;10/01/2022 16:00;4.303199768
Solana;10/01/2022 17:00;4.201600075
Solana;10/01/2022 18:00;3.378200054
Solana;10/01/2022 19:00;2.603199959
Solana;10/01/2022 20:00;2.063499928
Solana;10/01/2022 21:00;1.449100018
Solana;10/01/2022 22:00;0.86680001
Solana;10/01/2022 23:00;0.701200008
Solana;11/01/2022 0:00;0.514299989
Solana;11/01/2022 1:00;0.338
Solana;11/01/2022 2:00;0.145799994
Solana;11/01/2022 3:00;-0.035799999
Solana;11/01/2022 4:00;-0.190699995
Solana;11/01/2022 5:00;-0.32949999
Solana;11/01/2022 6:00;-0.345499992
Solana;11/01/2022 7:00;-0.430999994
Solana;11/01/2022 8:00;-0.532400012
Solana;11/01/2022 9:00;-0.463
Solana;11/01/2022 10:00;-0.345499992
Solana;11/01/2022 11:00;-0.164000005
Solana;11/01/2022 12:00;-0.0145
Solana;11/01/2022 13:00;0.824000001
Solana;11/01/2022 14:00;2.010099888
Solana;11/01/2022 15:00;3.757800102
Solana;11/01/2022 16:00;5.645500183
Solana;11/01/2022 17:00;6.39989996
Solana;11/01/2022 18:00;5.00369978
Solana;11/01/2022 19:00;3.041500092
Solana;11/01/2022 20:00;1.940600038
Solana;11/01/2022 21:00;1.230000019
Solana;11/01/2022 22:00;0.850799978
Solana;11/01/2022 23:00;0.631799996
Solana;12/01/2022 0:00;0.460900009
Solana;12/01/2022 1:00;0.247199997
Solana;12/01/2022 2:00;0.081699997
Solana;12/01/2022 3:00;-0.078500003
Solana;12/01/2022 4:00;-0.244100004
Solana;12/01/2022 5:00;-0.366899997
Solana;12/01/2022 6:00;-0.318800002
Solana;12/01/2022 7:00;-0.404300004
Solana;12/01/2022 8:00;-0.601800025
Solana;12/01/2022 9:00;-0.71390003
Solana;12/01/2022 10:00;-0.628499985
Solana;12/01/2022 11:00;-0.377600014
Solana;12/01/2022 12:00;-0.115900002
Solana;12/01/2022 13:00;-0.0251
Solana;12/01/2022 14:00;0.354000002
Solana;12/01/2022 15:00;0.770600021
Solana;12/01/2022 16:00;1.123200059
Solana;12/01/2022 17:00;1.235399961
Solana;12/01/2022 18:00;0.808000028
Solana;12/01/2022 19:00;0.578400016
Solana;12/01/2022 20:00;0.220500007
Solana;12/01/2022 21:00;-0.148000002
Solana;12/01/2022 22:00;-0.40959999
Solana;12/01/2022 23:00;-0.575100005
Solana;13/01/2022 0:00;-0.697899997
Solana;13/01/2022 1:00;-0.815400004
Solana;13/01/2022 2:00;-0.922100008
Solana;13/01/2022 3:00;-1.00759995
Solana;13/01/2022 4:00;-1.119699955
Solana;13/01/2022 5:00;-1.25849998
Solana;13/01/2022 6:00;-1.397300005
Solana;13/01/2022 7:00;-1.536000013
Solana;13/01/2022 8:00;-1.706799984
Solana;13/01/2022 9:00;-1.914999962
Solana;13/01/2022 10:00;-1.786900043
Solana;13/01/2022 11:00;-1.274500012
Solana;13/01/2022 12:00;-0.628499985
Solana;13/01/2022 13:00;-0.286799997
Solana;13/01/2022 14:00;-0.0999
Solana;13/01/2022 15:00;0.375400007
Solana;13/01/2022 16:00;0.412800014
Solana;13/01/2022 17:00;0.167099997
Solana;13/01/2022 18:00;-0.035799999
Solana;13/01/2022 19:00;-0.169300005
Solana;13/01/2022 20:00;-0.71390003
Solana;13/01/2022 21:00;-1.290500045
Solana;13/01/2022 22:00;-1.648100019
Solana;13/01/2022 23:00;-1.930999994
Solana;14/01/2022 0:00;-2.219199896
Solana;14/01/2022 1:00;-2.437999964
Solana;14/01/2022 2:00;-2.427299976
Solana;14/01/2022 3:00;-2.576699972
Solana;14/01/2022 4:00;-2.774100065
Solana;14/01/2022 5:00;-2.896899939
Solana;14/01/2022 6:00;-3.02489996
Solana;14/01/2022 7:00;-3.158299923
Solana;14/01/2022 8:00;-3.307699919
Solana;14/01/2022 9:00;-3.478399992
Solana;14/01/2022 10:00;-3.328999996
Solana;14/01/2022 11:00;-2.694099903
Solana;14/01/2022 12:00;-1.861600041
Solana;14/01/2022 13:00;-1.093000054
Solana;14/01/2022 14:00;-0.607200027
Solana;14/01/2022 15:00;-0.260100007
Solana;14/01/2022 16:00;-0.1052
Solana;14/01/2022 17:00;-0.233400002
Solana;14/01/2022 18:00;-0.297500014
Solana;14/01/2022 19:00;-1.210399985
Solana;14/01/2022 20:00;-1.936300039
Solana;14/01/2022 21:00;-2.549999952
Solana;14/01/2022 22:00;-3.115600109
Solana;14/01/2022 23:00;-3.638400078
Solana;15/01/2022 0:00;-4.043799877
Solana;15/01/2022 1:00;-4.374499798
Solana;15/01/2022 2:00;-4.833099842
Solana;15/01/2022 3:00;-5.169000149
Solana;15/01/2022 4:00;-5.360899925
Solana;15/01/2022 5:00;-5.488900185
Solana;15/01/2022 6:00;-5.616799831
Solana;15/01/2022 7:00;-5.718100071
Solana;15/01/2022 8:00;-5.72879982
Solana;15/01/2022 9:00;-5.824699879
Solana;15/01/2022 10:00;-5.776800156
Solana;15/01/2022 11:00;-4.822400093
Solana;15/01/2022 12:00;-3.152899981
Solana;15/01/2022 13:00;-1.418599963
Solana;15/01/2022 14:00;-0.131899998
Solana;15/01/2022 15:00;0.519599974
Solana;15/01/2022 16:00;0.647800028
Solana;15/01/2022 17:00;0.225899994
Solana;15/01/2022 18:00;-0.174700007
Solana;15/01/2022 19:00;-0.324200004
Solana;15/01/2022 20:00;-0.71390003
Solana;15/01/2022 21:00;-1.386600018
Solana;15/01/2022 22:00;-1.866999984
Solana;15/01/2022 23:00;-2.245899916
Solana;16/01/2022 0:00;-2.646100044
Solana;16/01/2022 1:00;-2.907500029
Solana;16/01/2022 2:00;-3.115600109
Solana;16/01/2022 3:00;-3.259599924
Solana;16/01/2022 4:00;-3.574399948
Solana;16/01/2022 5:00;-3.809099913
Solana;16/01/2022 6:00;-3.974400043
Solana;16/01/2022 7:00;-3.862400055
Solana;16/01/2022 8:00;-3.601099968
Solana;16/01/2022 9:00;-3.446399927
Solana;16/01/2022 10:00;-3.062299967
Solana;16/01/2022 11:00;-2.293900013
Solana;16/01/2022 12:00;-1.354500055
Solana;16/01/2022 13:00;-0.745999992
Solana;16/01/2022 14:00;-0.180000007
Solana;16/01/2022 15:00;0.215200007
Solana;16/01/2022 16:00;0.359400004
Solana;16/01/2022 17:00;0.471500009
Solana;16/01/2022 18:00;-0.233400002
Solana;16/01/2022 19:00;-0.158600003
Solana;16/01/2022 20:00;-0.217399999
Solana;16/01/2022 21:00;-0.308099985
Solana;16/01/2022 22:00;-0.425599992
Solana;16/01/2022 23:00;-0.596499979
Solana;17/01/2022 0:00;-0.863399982
Solana;17/01/2022 1:00;-1.087599993
Solana;17/01/2022 2:00;-1.237100005
Solana;17/01/2022 3:00;-1.423900008
Solana;17/01/2022 4:00;-1.696200013
Solana;17/01/2022 5:00;-1.98969996
Solana;17/01/2022 6:00;-2.299200058
Solana;17/01/2022 7:00;-2.688800097
Solana;17/01/2022 8:00;-3.126300097
Solana;17/01/2022 9:00;-3.446399927
Solana;17/01/2022 10:00;-3.280999899
Solana;17/01/2022 11:00;-2.421999931
Solana;17/01/2022 12:00;-1.274500012
Solana;17/01/2022 13:00;-0.484299988
Solana;17/01/2022 14:00;1.192600012
Solana;17/01/2022 15:00;1.310199976
Solana;17/01/2022 16:00;2.175699949
Solana;17/01/2022 17:00;1.05369997
Solana;17/01/2022 18:00;0.108400002
Solana;17/01/2022 19:00;-0.110600002
Solana;17/01/2022 20:00;-0.244100004
Solana;17/01/2022 21:00;-0.414900005
Solana;17/01/2022 22:00;-0.505699992
Solana;17/01/2022 23:00;-0.655200005
Solana;18/01/2022 0:00;-0.681900024
Solana;18/01/2022 1:00;-0.852699995
Solana;18/01/2022 2:00;-0.938199997
Solana;18/01/2022 3:00;-1.023599982
Solana;18/01/2022 4:00;-1.189100027
Solana;18/01/2022 5:00;-1.301200032
Solana;18/01/2022 6:00;-1.503999949
Solana;18/01/2022 7:00;-1.690799952
Solana;18/01/2022 8:00;-1.930999994
Solana;18/01/2022 9:00;-1.904299974
Solana;18/01/2022 10:00;-1.690799952
Solana;18/01/2022 11:00;-1.039600015
Solana;18/01/2022 12:00;-0.596499979
Solana;18/01/2022 13:00;0.0603
Solana;18/01/2022 14:00;1.085800052
Solana;18/01/2022 15:00;1.855100036
Solana;18/01/2022 16:00;2.405499935
Solana;18/01/2022 17:00;1.780300021
Solana;18/01/2022 18:00;0.444799989
Solana;18/01/2022 19:00;-0.051800001
Solana;18/01/2022 20:00;-0.201399997
Solana;18/01/2022 21:00;-0.32949999
Solana;18/01/2022 22:00;-0.420300007
Solana;18/01/2022 23:00;-0.527100027
Solana;19/01/2022 0:00;-0.623199999
Solana;19/01/2022 1:00;-0.74059999
Solana;19/01/2022 2:00;-0.90079999
Solana;19/01/2022 3:00;-1.023599982
Solana;19/01/2022 4:00;-1.162400007
Solana;19/01/2022 5:00;-1.317199945
Solana;19/01/2022 6:00;-1.407899976
Solana;19/01/2022 7:00;-1.568099976
Solana;19/01/2022 8:00;-1.674800038
Solana;19/01/2022 9:00;-1.947000027
Solana;19/01/2022 10:00;-1.893599987
Solana;19/01/2022 11:00;-1.269099951
Solana;19/01/2022 12:00;-0.564400017
Solana;19/01/2022 13:00;0.0229
Solana;19/01/2022 14:00;0.904200017
Solana;19/01/2022 15:00;1.684100032
Solana;19/01/2022 16:00;2.100899935
Solana;19/01/2022 17:00;1.742900014
Solana;19/01/2022 18:00;0.588999987
Solana;19/01/2022 19:00;-0.0038
Solana;19/01/2022 20:00;-0.217399999
Solana;19/01/2022 21:00;-0.334800005
Solana;19/01/2022 22:00;-0.398900002
Solana;19/01/2022 23:00;-0.452300012
Solana;20/01/2022 0:00;-0.575100005
Solana;20/01/2022 1:00;-0.644500017
Solana;20/01/2022 2:00;-0.730000019
Solana;20/01/2022 3:00;-0.745999992
Solana;20/01/2022 4:00;-0.98089999
Solana;20/01/2022 5:00;-1.050300002
Solana;20/01/2022 6:00;-0.90079999
Solana;20/01/2022 7:00;-0.922100008
Solana;20/01/2022 8:00;-1.039600015
Solana;20/01/2022 9:00;-1.20510006
Solana;20/01/2022 10:00;-1.519999981
Solana;20/01/2022 11:00;-1.17840004
Solana;20/01/2022 12:00;-0.48969999
Solana;20/01/2022 13:00;0.124399997
Solana;20/01/2022 14:00;1.011000037
Solana;20/01/2022 15:00;2.138299942
Solana;20/01/2022 16:00;2.822400093
Solana;20/01/2022 17:00;2.523099899
Solana;20/01/2022 18:00;0.86680001
Solana;20/01/2022 19:00;0.108400002
Solana;20/01/2022 20:00;-0.174700007
Solana;20/01/2022 21:00;-0.350899994
Solana;20/01/2022 22:00;-0.484299988
Solana;20/01/2022 23:00;-0.639199972
Solana;21/01/2022 0:00;-0.799399972
Solana;21/01/2022 1:00;-1.028900027
Solana;21/01/2022 2:00;-1.167700052
Solana;21/01/2022 3:00;-1.429299951
Solana;21/01/2022 4:00;-1.717499971
Solana;21/01/2022 5:00;-1.978999972
Solana;21/01/2022 6:00;-2.08039999
Solana;21/01/2022 7:00;-2.171200037
Solana;21/01/2022 8:00;-2.320600033
Solana;21/01/2022 9:00;-2.470000029
Solana;21/01/2022 10:00;-2.277899981
Solana;21/01/2022 11:00;-1.552000046
Solana;21/01/2022 12:00;-1.114300013
Solana;21/01/2022 13:00;-0.564400017
Solana;21/01/2022 14:00;-0.244100004
Solana;21/01/2022 15:00;0.439500004
Solana;21/01/2022 16:00;0.129700005
Solana;21/01/2022 17:00;-0.089199997
Solana;21/01/2022 18:00;-0.164000005
Solana;21/01/2022 19:00;-0.393599987
Solana;21/01/2022 20:00;-0.799399972
Solana;21/01/2022 21:00;-1.317199945
Solana;21/01/2022 22:00;-1.701500058
Solana;21/01/2022 23:00;-1.936300039
Solana;22/01/2022 0:00;-2.171200037
Solana;22/01/2022 1:00;-2.517999887
Solana;22/01/2022 2:00;-2.779500008
Solana;22/01/2022 3:00;-2.971600056
Solana;22/01/2022 4:00;-3.136899948
Solana;22/01/2022 5:00;-3.195600033
Solana;22/01/2022 6:00;-3.296999931
Solana;22/01/2022 7:00;-3.46239996
Solana;22/01/2022 8:00;-3.542399883
Solana;22/01/2022 9:00;-3.590399981
Solana;22/01/2022 10:00;-3.238300085
Solana;22/01/2022 11:00;-2.400599957
Solana;22/01/2022 12:00;-1.391899943
Solana;22/01/2022 13:00;-0.71390003
Solana;22/01/2022 14:00;0.033599999
Solana;22/01/2022 15:00;0.460900009
Solana;22/01/2022 16:00;0.75999999
Solana;22/01/2022 17:00;0.343400002
Solana;22/01/2022 18:00;-0.180000007
Solana;22/01/2022 19:00;-0.211999997
Solana;22/01/2022 20:00;-0.32949999
Solana;22/01/2022 21:00;-0.436300009
Solana;22/01/2022 22:00;-0.559099972
Solana;22/01/2022 23:00;-0.644500017
Solana;23/01/2022 0:00;-0.756600022
Solana;23/01/2022 1:00;-0.84740001
Solana;23/01/2022 2:00;-0.932799995
Solana;23/01/2022 3:00;-1.01820004
Solana;23/01/2022 4:00;-1.07159996
Solana;23/01/2022 5:00;-1.2852
Solana;23/01/2022 6:00;-1.407899976
Solana;23/01/2022 7:00;-1.605399966
Solana;23/01/2022 8:00;-1.733500004
Solana;23/01/2022 9:00;-1.978999972
Solana;23/01/2022 10:00;-1.936300039
Solana;23/01/2022 11:00;-1.333199978
Solana;23/01/2022 12:00;-0.3028
Solana;23/01/2022 13:00;0.989600003
Solana;23/01/2022 14:00;2.223799944
Solana;23/01/2022 15:00;3.057499886
Solana;23/01/2022 16:00;3.54399991
Solana;23/01/2022 17:00;3.142999887
Solana;23/01/2022 18:00;1.630699992
Solana;23/01/2022 19:00;0.129700005
Solana;23/01/2022 20:00;-0.388200015
Solana;23/01/2022 21:00;-0.495000005
Solana;23/01/2022 22:00;-0.553799987
Solana;23/01/2022 23:00;-0.676599979
Solana;24/01/2022 0:00;-0.804700017
Solana;24/01/2022 1:00;-0.911499977
Solana;24/01/2022 2:00;-1.066300035
Solana;24/01/2022 3:00;-1.215800047
Solana;24/01/2022 4:00;-1.418599963
Solana;24/01/2022 5:00;-1.541399956
Solana;24/01/2022 6:00;-1.733500004
Solana;24/01/2022 7:00;-1.936300039
Solana;24/01/2022 8:00;-2.117799997
Solana;24/01/2022 9:00;-2.219199896
Solana;24/01/2022 10:00;-2.027100086
Solana;24/01/2022 11:00;-1.37590003
Solana;24/01/2022 12:00;-0.591099977
Solana;24/01/2022 13:00;0.113700002
Solana;24/01/2022 14:00;0.546299994
Solana;24/01/2022 15:00;0.97359997
Solana;24/01/2022 16:00;1.326200008
Solana;24/01/2022 17:00;0.925499976
Solana;24/01/2022 18:00;0.0069
Solana;24/01/2022 19:00;-0.238700002
Solana;24/01/2022 20:00;-0.414900005
Solana;24/01/2022 21:00;-0.495000005
Solana;24/01/2022 22:00;-0.623199999
Solana;24/01/2022 23:00;-0.858099997
Solana;25/01/2022 0:00;-1.114300013
Solana;25/01/2022 1:00;-1.397300005
Solana;25/01/2022 2:00;-1.690799952
Solana;25/01/2022 3:00;-1.930999994
Solana;25/01/2022 4:00;-2.032399893
Solana;25/01/2022 5:00;-2.181799889
Solana;25/01/2022 6:00;-2.614099979
Solana;25/01/2022 7:00;-2.902199984
Solana;25/01/2022 8:00;-3.136899948
Solana;25/01/2022 9:00;-3.366300106
Solana;25/01/2022 10:00;-3.227600098
Solana;25/01/2022 11:00;-2.437999964
Solana;25/01/2022 12:00;-1.381199956
Solana;25/01/2022 13:00;-0.457700014
Solana;25/01/2022 14:00;0.370099992
Solana;25/01/2022 15:00;0.834699988
Solana;25/01/2022 16:00;1.363600016
Solana;25/01/2022 17:00;1.08039999
Solana;25/01/2022 18:00;0.0069
Solana;25/01/2022 19:00;-0.361499995
Solana;25/01/2022 20:00;-0.559099972
Solana;25/01/2022 21:00;-0.708599985
Solana;25/01/2022 22:00;-0.799399972
Solana;25/01/2022 23:00;-0.959500015
Solana;26/01/2022 0:00;-1.274500012
Solana;26/01/2022 1:00;-1.37590003
Solana;26/01/2022 2:00;-1.685500026
Solana;26/01/2022 3:00;-2.027100086
Solana;26/01/2022 4:00;-2.187200069
Solana;26/01/2022 5:00;-2.389899969
Solana;26/01/2022 6:00;-2.555399895
Solana;26/01/2022 7:00;-2.854199886
Solana;26/01/2022 8:00;-3.23300004
Solana;26/01/2022 9:00;-3.398400068
Solana;26/01/2022 10:00;-2.944900036
Solana;26/01/2022 11:00;-2.032399893
Solana;26/01/2022 12:00;-1.397300005
Solana;26/01/2022 13:00;-0.697899997
Solana;26/01/2022 14:00;-0.0305
Solana;26/01/2022 15:00;0.583700001
Solana;26/01/2022 16:00;1.021700025
Solana;26/01/2022 17:00;0.690500021
Solana;26/01/2022 18:00;-0.190699995
Solana;26/01/2022 19:00;-0.340200007
Solana;26/01/2022 20:00;-0.510999978
Solana;26/01/2022 21:00;-0.708599985
Solana;26/01/2022 22:00;-0.932799995
Solana;26/01/2022 23:00;-1.17840004
Solana;27/01/2022 0:00;-1.45599997
Solana;27/01/2022 1:00;-1.728199959
Solana;27/01/2022 2:00;-1.957700014
Solana;27/01/2022 3:00;-2.181799889
Solana;27/01/2022 4:00;-2.309900045
Solana;27/01/2022 5:00;-2.5072999
Solana;27/01/2022 6:00;-2.73149991
Solana;27/01/2022 7:00;-2.912899971
Solana;27/01/2022 8:00;-3.147599936
Solana;27/01/2022 9:00;-3.339699984
Solana;27/01/2022 10:00;-2.976900101
Solana;27/01/2022 11:00;-1.941699982
Solana;27/01/2022 12:00;-0.783299983
Solana;27/01/2022 13:00;0.172499999
Solana;27/01/2022 14:00;1.037700057
Solana;27/01/2022 15:00;1.823099971
Solana;27/01/2022 16:00;2.368099928
Solana;27/01/2022 17:00;2.074199915
Solana;27/01/2022 18:00;0.781300008
Solana;27/01/2022 19:00;-0.190699995
Solana;27/01/2022 20:00;-0.468300015
Solana;27/01/2022 21:00;-0.703299999
Solana;27/01/2022 22:00;-0.836700022
Solana;27/01/2022 23:00;-1.09829998
Solana;28/01/2022 0:00;-1.210399985
Solana;28/01/2022 1:00;-1.429299951
Solana;28/01/2022 2:00;-1.610800028
Solana;28/01/2022 3:00;-1.856299996
Solana;28/01/2022 4:00;-2.224499941
Solana;28/01/2022 5:00;-2.555399895
Solana;28/01/2022 6:00;-2.864799976
Solana;28/01/2022 7:00;-3.200999975
Solana;28/01/2022 8:00;-3.510400057
Solana;28/01/2022 9:00;-3.659699917
Solana;28/01/2022 10:00;-3.259599924
Solana;28/01/2022 11:00;-2.0697999
Solana;28/01/2022 12:00;-0.858099997
Solana;28/01/2022 13:00;0.092399999
Solana;28/01/2022 14:00;0.845399976
Solana;28/01/2022 15:00;1.796300054
Solana;28/01/2022 16:00;2.75819993
Solana;28/01/2022 17:00;2.287899971
Solana;28/01/2022 18:00;1.117799997
Solana;28/01/2022 19:00;-0.265399992
Solana;28/01/2022 20:00;-0.553799987
Solana;28/01/2022 21:00;-0.649900019
Solana;28/01/2022 22:00;-0.607200027
Solana;28/01/2022 23:00;-0.665899992
Solana;29/01/2022 0:00;-0.724600017
Solana;29/01/2022 1:00;-0.777999997
Solana;29/01/2022 2:00;-0.745999992
Solana;29/01/2022 3:00;-0.772700012
Solana;29/01/2022 4:00;-0.890100002
Solana;29/01/2022 5:00;-0.970200002
Solana;29/01/2022 6:00;-1.077000022
Solana;29/01/2022 7:00;-1.17840004
Solana;29/01/2022 8:00;-1.397300005
Solana;29/01/2022 9:00;-1.215800047
Solana;29/01/2022 10:00;-0.92750001
Solana;29/01/2022 11:00;-0.27610001
Solana;29/01/2022 12:00;0.466199994
Solana;29/01/2022 13:00;1.299499989
Solana;29/01/2022 14:00;2.239799976
Solana;29/01/2022 15:00;3.854000092
Solana;29/01/2022 16:00;4.725599766
Solana;29/01/2022 17:00;4.249700069
Solana;29/01/2022 18:00;2.378799915
Solana;29/01/2022 19:00;0.754599988
Solana;29/01/2022 20:00;0.129700005
Solana;29/01/2022 21:00;-0.195999995
Solana;29/01/2022 22:00;-0.249400005
Solana;29/01/2022 23:00;-0.217399999
Solana;30/01/2022 0:00;-0.27610001
Solana;30/01/2022 1:00;-0.393599987
Solana;30/01/2022 2:00;-0.473699987
Solana;30/01/2022 3:00;-0.500400007
Solana;30/01/2022 4:00;-0.543099999
Solana;30/01/2022 5:00;-0.607200027
Solana;30/01/2022 6:00;-0.655200005
Solana;30/01/2022 7:00;-0.76730001
Solana;30/01/2022 8:00;-0.916800022
Solana;30/01/2022 9:00;-0.996900022
Solana;30/01/2022 10:00;-0.68720001
Solana;30/01/2022 11:00;-0.0572
Solana;30/01/2022 12:00;0.770600021
Solana;30/01/2022 13:00;1.956599951
Solana;30/01/2022 14:00;3.602799892
Solana;30/01/2022 15:00;6.394499779
Solana;30/01/2022 16:00;7.753799915
Solana;30/01/2022 17:00;6.795800209
Solana;30/01/2022 18:00;4.752299786
Solana;30/01/2022 19:00;2.020800114
Solana;30/01/2022 20:00;0.573000014
Solana;30/01/2022 21:00;-0.115900002
Solana;30/01/2022 22:00;-0.414900005
Solana;30/01/2022 23:00;-0.559099972
Solana;31/01/2022 0:00;-0.649900019
Solana;31/01/2022 1:00;-0.681900024
Solana;31/01/2022 2:00;-0.868799984
Solana;31/01/2022 3:00;-0.815400004
Solana;31/01/2022 4:00;-0.799399972
Solana;31/01/2022 5:00;-0.836700022
Solana;31/01/2022 6:00;-0.858099997
Solana;31/01/2022 7:00;-0.874100029
Solana;31/01/2022 8:00;-0.879400015
Solana;31/01/2022 9:00;-0.916800022
Solana;31/01/2022 10:00;-0.879400015
Solana;31/01/2022 11:00;-0.361499995
Solana;31/01/2022 12:00;0.460900009
Solana;31/01/2022 13:00;1.352900028
Solana;31/01/2022 14:00;2.239799976
Solana;31/01/2022 15:00;3.314100027
Solana;31/01/2022 16:00;4.714900017
Solana;31/01/2022 17:00;4.805799961
Solana;31/01/2022 18:00;3.592099905
Solana;31/01/2022 19:00;1.449100018
Solana;31/01/2022 20:00;0.289900005
Solana;31/01/2022 21:00;-0.185299993
Solana;31/01/2022 22:00;-0.3829
Solana;31/01/2022 23:00;-0.324200004
Solana;01/02/2022 0:00;-0.51639998
Solana;01/02/2022 1:00;-0.601800025
Solana;01/02/2022 2:00;-0.676599979
Solana;01/02/2022 3:00;-0.815400004
Solana;01/02/2022 4:00;-0.916800022
Solana;01/02/2022 5:00;-1.082299948
Solana;01/02/2022 6:00;-1.146399975
Solana;01/02/2022 7:00;-1.247799993
Solana;01/02/2022 8:00;-0.975499988
Solana;01/02/2022 9:00;-0.831399977
Solana;01/02/2022 10:00;-0.350899994
Solana;01/02/2022 11:00;0.033599999
Solana;01/02/2022 12:00;0.882799983
Solana;01/02/2022 13:00;1.833699942
Solana;01/02/2022 14:00;2.319999933
Solana;01/02/2022 15:00;3.693599939
Solana;01/02/2022 16:00;4.506299973
Solana;01/02/2022 17:00;4.950200081
Solana;01/02/2022 18:00;4.388700008
Solana;01/02/2022 19:00;3.266000032
Solana;01/02/2022 20:00;2.421499968
Solana;01/02/2022 21:00;1.924600005
Solana;01/02/2022 22:00;1.502500057
Solana;01/02/2022 23:00;0.952199996
Solana;02/02/2022 0:00;0.685199976
Solana;02/02/2022 1:00;0.535600007
Solana;02/02/2022 2:00;0.583700001
Solana;02/02/2022 3:00;0.642400026
Solana;02/02/2022 4:00;0.434100002
Solana;02/02/2022 5:00;0.305999994
Solana;02/02/2022 6:00;0.391400009
Solana;02/02/2022 7:00;0.391400009
Solana;02/02/2022 8:00;0.492900014
Solana;02/02/2022 9:00;0.797299981
Solana;02/02/2022 10:00;1.491799951
Solana;02/02/2022 11:00;2.694099903
Solana;02/02/2022 12:00;4.377999783
Solana;02/02/2022 13:00;6.137700081
Solana;02/02/2022 14:00;7.64139986
Solana;02/02/2022 15:00;8.626399994
Solana;02/02/2022 16:00;8.829799652
Solana;02/02/2022 17:00;8.128499985
Solana;02/02/2022 18:00;6.774400234
Solana;02/02/2022 19:00;5.089300156
Solana;02/02/2022 20:00;3.950299978
Solana;02/02/2022 21:00;3.292700052
Solana;02/02/2022 22:00;2.512399912
Solana;02/02/2022 23:00;2.191699982
Solana;03/02/2022 0:00;1.967300057
Solana;03/02/2022 1:00;1.609300017
Solana;03/02/2022 2:00;1.379600048
Solana;03/02/2022 3:00;1.283400059
Solana;03/02/2022 4:00;1.05369997
Solana;03/02/2022 5:00;0.808000028
Solana;03/02/2022 6:00;0.711899996
Solana;03/02/2022 7:00;0.722599983
Solana;03/02/2022 8:00;0.386099994
Solana;03/02/2022 9:00;0.519599974
Solana;03/02/2022 10:00;0.765299976
Solana;03/02/2022 11:00;1.390300035
Solana;03/02/2022 12:00;3.127000093
Solana;03/02/2022 13:00;3.923500061
Solana;03/02/2022 14:00;6.656700134
Solana;03/02/2022 15:00;8.267700195
Solana;03/02/2022 16:00;8.18200016
Solana;03/02/2022 17:00;7.470099926
Solana;03/02/2022 18:00;5.939799786
Solana;03/02/2022 19:00;4.142700195
Solana;03/02/2022 20:00;2.779599905
Solana;03/02/2022 21:00;1.732200027
Solana;03/02/2022 22:00;0.914900005
Solana;03/02/2022 23:00;0.354000002
Solana;04/02/2022 0:00;0.316599995
Solana;04/02/2022 1:00;0.519599974
Solana;04/02/2022 2:00;0.546299994
Solana;04/02/2022 3:00;0.658500016
Solana;04/02/2022 4:00;0.749300003
Solana;04/02/2022 5:00;0.642400026
Solana;04/02/2022 6:00;0.359400004
Solana;04/02/2022 7:00;0.140400007
Solana;04/02/2022 8:00;0.038899999
Solana;04/02/2022 9:00;-0.0038
Solana;04/02/2022 10:00;0.151099995
Solana;04/02/2022 11:00;0.359400004
Solana;04/02/2022 12:00;1.203299999
Solana;04/02/2022 13:00;2.603199959
Solana;04/02/2022 14:00;4.811200142
Solana;04/02/2022 15:00;6.308899879
Solana;04/02/2022 16:00;6.688799858
Solana;04/02/2022 17:00;5.731100082
Solana;04/02/2022 18:00;4.688199997
Solana;04/02/2022 19:00;3.565299988
Solana;04/02/2022 20:00;2.688699961
Solana;04/02/2022 21:00;2.100899935
Solana;04/02/2022 22:00;1.432999969
Solana;04/02/2022 23:00;1.08039999
Solana;05/02/2022 0:00;0.695900023
Solana;05/02/2022 1:00;0.370099992
Solana;05/02/2022 2:00;0.151099995
Solana;05/02/2022 3:00;0.145799994
Solana;05/02/2022 4:00;0.081699997
Solana;05/02/2022 5:00;-0.115900002
Solana;05/02/2022 6:00;-0.067900002
Solana;05/02/2022 7:00;-0.094599999
Solana;05/02/2022 8:00;-0.1373
Solana;05/02/2022 9:00;-0.158600003
Solana;05/02/2022 10:00;0.0122
Solana;05/02/2022 11:00;0.167099997
Solana;05/02/2022 12:00;0.492900014
Solana;05/02/2022 13:00;1.967300057
Solana;05/02/2022 14:00;4.91809988
Solana;05/02/2022 15:00;7.860799789
Solana;05/02/2022 16:00;9.317099571
Solana;05/02/2022 17:00;9.129699707
Solana;05/02/2022 18:00;7.138299942
Solana;05/02/2022 19:00;4.340600014
Solana;05/02/2022 20:00;2.197099924
Solana;05/02/2022 21:00;0.690500021
Solana;05/02/2022 22:00;-0.0305
Solana;05/02/2022 23:00;-0.463
Solana;06/02/2022 0:00;-0.697899997
Solana;06/02/2022 1:00;-0.890100002
Solana;06/02/2022 2:00;-0.964900017
Solana;06/02/2022 3:00;-1.119699955
Solana;06/02/2022 4:00;-1.183699965
Solana;06/02/2022 5:00;-1.237100005
Solana;06/02/2022 6:00;-1.37590003
Solana;06/02/2022 7:00;-1.407899976
Solana;06/02/2022 8:00;-1.466599941
Solana;06/02/2022 9:00;-1.365200043
Solana;06/02/2022 10:00;-1.17840004
Solana;06/02/2022 11:00;-0.559099972
Solana;06/02/2022 12:00;0.631799996
Solana;06/02/2022 13:00;1.315500021
Solana;06/02/2022 14:00;2.416199923
Solana;06/02/2022 15:00;3.838000059
Solana;06/02/2022 16:00;5.913000107
Solana;06/02/2022 17:00;6.865399837
Solana;06/02/2022 18:00;6.100200176
Solana;06/02/2022 19:00;4.116000175
Solana;06/02/2022 20:00;2.613899946
Solana;06/02/2022 21:00;1.684100032
Solana;06/02/2022 22:00;0.989600003
Solana;06/02/2022 23:00;0.402099997
Solana;07/02/2022 0:00;0.0977
Solana;07/02/2022 1:00;0.0229
Solana;07/02/2022 2:00;0.038899999
Solana;07/02/2022 3:00;-0.035799999
Solana;07/02/2022 4:00;-0.094599999
Solana;07/02/2022 5:00;-0.174700007
Solana;07/02/2022 6:00;-0.3028
Solana;07/02/2022 7:00;-0.345499992
Solana;07/02/2022 8:00;-0.398900002
Solana;07/02/2022 9:00;-0.40959999
Solana;07/02/2022 10:00;-0.366899997
Solana;07/02/2022 11:00;0.327300012
Solana;07/02/2022 12:00;1.176599979
Solana;07/02/2022 13:00;3.036099911
Solana;07/02/2022 14:00;6.918900013
Solana;07/02/2022 15:00;10.01869965
Solana;07/02/2022 16:00;11.45979977
Solana;07/02/2022 17:00;11.13829994
Solana;07/02/2022 18:00;9.210000038
Solana;07/02/2022 19:00;6.335700035
Solana;07/02/2022 20:00;4.07859993
Solana;07/02/2022 21:00;2.715500116
Solana;07/02/2022 22:00;2.020800114
Solana;07/02/2022 23:00;1.491799951
Solana;08/02/2022 0:00;1.112499952
Solana;08/02/2022 1:00;0.850799978
Solana;08/02/2022 2:00;0.530300021
Solana;08/02/2022 3:00;0.220500007
Solana;08/02/2022 4:00;0.193800002
Solana;08/02/2022 5:00;0.466199994
Solana;08/02/2022 6:00;0.588999987
Solana;08/02/2022 7:00;0.797299981
Solana;08/02/2022 8:00;0.952199996
Solana;08/02/2022 9:00;1.085800052
Solana;08/02/2022 10:00;1.673400044
Solana;08/02/2022 11:00;2.929199934
Solana;08/02/2022 12:00;4.757699966
Solana;08/02/2022 13:00;6.811900139
Solana;08/02/2022 14:00;8.57820034
Solana;08/02/2022 15:00;10.24370003
Solana;08/02/2022 16:00;11.43840027
Solana;08/02/2022 17:00;10.74720001
Solana;08/02/2022 18:00;9.156499863
Solana;08/02/2022 19:00;6.45870018
Solana;08/02/2022 20:00;4.479599953
Solana;08/02/2022 21:00;3.191200018
Solana;08/02/2022 22:00;2.352099895
Solana;08/02/2022 23:00;1.593299985
Solana;09/02/2022 0:00;0.989600003
Solana;09/02/2022 1:00;0.749300003
Solana;09/02/2022 2:00;0.738600016
Solana;09/02/2022 3:00;0.524900019
Solana;09/02/2022 4:00;0.188500002
Solana;09/02/2022 5:00;-0.115900002
Solana;09/02/2022 6:00;-0.180000007
Solana;09/02/2022 7:00;-0.244100004
Solana;09/02/2022 8:00;-0.361499995
Solana;09/02/2022 9:00;-0.414900005
Solana;09/02/2022 10:00;-0.195999995
Solana;09/02/2022 11:00;0.423500001
Solana;09/02/2022 12:00;1.636000037
Solana;09/02/2022 13:00;4.308499813
Solana;09/02/2022 14:00;7.614600182
Solana;09/02/2022 15:00;10.17399979
Solana;09/02/2022 16:00;10.9829998
Solana;09/02/2022 17:00;10.40970039
Solana;09/02/2022 18:00;8.867300034
Solana;09/02/2022 19:00;6.39989996
Solana;09/02/2022 20:00;4.468900204
Solana;09/02/2022 21:00;3.036099911
Solana;09/02/2022 22:00;1.951300025
Solana;09/02/2022 23:00;1.197999954
Solana;10/02/2022 0:00;0.845399976
Solana;10/02/2022 1:00;0.578400016
Solana;10/02/2022 2:00;0.578400016
Solana;10/02/2022 3:00;0.530300021
Solana;10/02/2022 4:00;0.354000002
Solana;10/02/2022 5:00;0.167099997
Solana;10/02/2022 6:00;0.188500002
Solana;10/02/2022 7:00;0.380699992
Solana;10/02/2022 8:00;0.359400004
Solana;10/02/2022 9:00;0.476900011
Solana;10/02/2022 10:00;0.824000001
Solana;10/02/2022 11:00;1.588000059
Solana;10/02/2022 12:00;3.469099998
Solana;10/02/2022 13:00;6.10559988
Solana;10/02/2022 14:00;7.90899992
Solana;10/02/2022 15:00;8.04279995
Solana;10/02/2022 16:00;7.855500221
Solana;10/02/2022 17:00;6.645999908
Solana;10/02/2022 18:00;5.490399837
Solana;10/02/2022 19:00;4.201600075
Solana;10/02/2022 20:00;3.244600058
Solana;10/02/2022 21:00;2.378799915
Solana;10/02/2022 22:00;1.887199998
Solana;10/02/2022 23:00;1.561300039
Solana;11/02/2022 0:00;1.347599983
Solana;11/02/2022 1:00;1.165899992
Solana;11/02/2022 2:00;1.016299963
Solana;11/02/2022 3:00;1.00030005
Solana;11/02/2022 4:00;0.925499976
Solana;11/02/2022 5:00;0.567700028
Solana;11/02/2022 6:00;0.407400012
Solana;11/02/2022 7:00;0.252600014
Solana;11/02/2022 8:00;0.1778
Solana;11/02/2022 9:00;-0.078500003
Solana;11/02/2022 10:00;0.241899997
Solana;11/02/2022 11:00;0.498199999
Solana;11/02/2022 12:00;0.738600016
Solana;11/02/2022 13:00;0.989600003
Solana;11/02/2022 14:00;1.203299999
Solana;11/02/2022 15:00;1.427700043
Solana;11/02/2022 16:00;1.92990005
Solana;11/02/2022 17:00;1.99940002
Solana;11/02/2022 18:00;1.609300017
Solana;11/02/2022 19:00;1.187299967
Solana;11/02/2022 20:00;0.978999972
Solana;11/02/2022 21:00;0.856100023
Solana;11/02/2022 22:00;0.776000023
Solana;11/02/2022 23:00;0.701200008
Solana;12/02/2022 0:00;0.642400026
Solana;12/02/2022 1:00;0.583700001
Solana;12/02/2022 2:00;0.541000009
Solana;12/02/2022 3:00;0.498199999
Solana;12/02/2022 4:00;0.199200004
Solana;12/02/2022 5:00;-0.0625
Solana;12/02/2022 6:00;-0.0038
Solana;12/02/2022 7:00;0.076300003
Solana;12/02/2022 8:00;0.0656
Solana;12/02/2022 9:00;0.0656
Solana;12/02/2022 10:00;0.188500002
Solana;12/02/2022 11:00;0.295300007
Solana;12/02/2022 12:00;0.888100028
Solana;12/02/2022 13:00;3.346199989
Solana;12/02/2022 14:00;3.870100021
Solana;12/02/2022 15:00;4.752299786
Solana;12/02/2022 16:00;4.827199936
Solana;12/02/2022 17:00;4.864600182
Solana;12/02/2022 18:00;3.944900036
Solana;12/02/2022 19:00;2.528399944
Solana;12/02/2022 20:00;1.54519999
Solana;12/02/2022 21:00;0.733200014
Solana;12/02/2022 22:00;0.135100007
Solana;12/02/2022 23:00;-0.195999995
Solana;13/02/2022 0:00;-0.559099972
Solana;13/02/2022 1:00;-0.84740001
Solana;13/02/2022 2:00;-0.639199972
Solana;13/02/2022 3:00;-0.596499979
Solana;13/02/2022 4:00;-0.479000002
Solana;13/02/2022 5:00;-0.505699992
Solana;13/02/2022 6:00;-0.63380003
Solana;13/02/2022 7:00;-0.804700017
Solana;13/02/2022 8:00;-0.895500004
Solana;13/02/2022 9:00;-0.98089999
Solana;13/02/2022 10:00;-0.676599979
Solana;13/02/2022 11:00;-0.32949999
Solana;13/02/2022 12:00;-0.1426
Solana;13/02/2022 13:00;0.0603
Solana;13/02/2022 14:00;-0.0625
Solana;13/02/2022 15:00;-0.051800001
Solana;13/02/2022 16:00;-0.0572
Solana;13/02/2022 17:00;-0.0572
Solana;13/02/2022 18:00;-0.083899997
Solana;13/02/2022 19:00;-0.174700007
Solana;13/02/2022 20:00;-0.217399999
Solana;13/02/2022 21:00;-0.297500014
Solana;13/02/2022 22:00;-0.665899992
Solana;13/02/2022 23:00;-0.943499982
Solana;14/02/2022 0:00;-1.359899998
Solana;14/02/2022 1:00;-1.365200043
Solana;14/02/2022 2:00;-1.461300015
Solana;14/02/2022 3:00;-1.637400031
Solana;14/02/2022 4:00;-1.850900054
Solana;14/02/2022 5:00;-1.963000059
Solana;14/02/2022 6:00;-2.037699938
Solana;14/02/2022 7:00;-2.064399958
Solana;14/02/2022 8:00;-2.043100119
Solana;14/02/2022 9:00;-2.021699905
Solana;14/02/2022 10:00;-1.754899979
Solana;14/02/2022 11:00;-1.32249999
Solana;14/02/2022 12:00;-0.99150002
Solana;14/02/2022 13:00;-0.665899992
Solana;14/02/2022 14:00;-0.527100027
Solana;14/02/2022 15:00;-0.393599987
Solana;14/02/2022 16:00;-0.32949999
Solana;14/02/2022 17:00;-0.452300012
Solana;14/02/2022 18:00;-0.810000002
Solana;14/02/2022 19:00;-1.093000054
Solana;14/02/2022 20:00;-1.338500023
Solana;14/02/2022 21:00;-1.503999949
Solana;14/02/2022 22:00;-2.011100054
Solana;14/02/2022 23:00;-1.936300039
Solana;15/02/2022 0:00;-2.027100086
Solana;15/02/2022 1:00;-2.427299976
Solana;15/02/2022 2:00;-2.784800053
Solana;15/02/2022 3:00;-3.051599979
Solana;15/02/2022 4:00;-3.227600098
Solana;15/02/2022 5:00;-3.222300053
Solana;15/02/2022 6:00;-3.350300074
Solana;15/02/2022 7:00;-3.542399883
Solana;15/02/2022 8:00;-3.729099989
Solana;15/02/2022 9:00;-3.793100119
Solana;15/02/2022 10:00;-3.339699984
Solana;15/02/2022 11:00;-2.635400057
Solana;15/02/2022 12:00;-1.995000005
Solana;15/02/2022 13:00;-1.429299951
Solana;15/02/2022 14:00;-1.060899973
Solana;15/02/2022 15:00;-0.99150002
Solana;15/02/2022 16:00;-0.815400004
Solana;15/02/2022 17:00;-0.890100002
Solana;15/02/2022 18:00;-0.98089999
Solana;15/02/2022 19:00;-1.221099973
Solana;15/02/2022 20:00;-1.381199956
Solana;15/02/2022 21:00;-1.477300048
Solana;15/02/2022 22:00;-1.632099986
Solana;15/02/2022 23:00;-1.685500026
Solana;16/02/2022 0:00;-1.488000035
Solana;16/02/2022 1:00;-1.253100038
Solana;16/02/2022 2:00;-1.039600015
Solana;16/02/2022 3:00;-0.879400015
Solana;16/02/2022 4:00;-0.745999992
Solana;16/02/2022 5:00;-0.639199972
Solana;16/02/2022 6:00;-0.596499979
Solana;16/02/2022 7:00;-0.521700025
Solana;16/02/2022 8:00;-0.48969999
Solana;16/02/2022 9:00;-0.398900002
Solana;16/02/2022 10:00;-0.281399995
Solana;16/02/2022 11:00;-0.073200002
Solana;16/02/2022 12:00;0.199200004
Solana;16/02/2022 13:00;0.573000014
Solana;16/02/2022 14:00;0.898800015
Solana;16/02/2022 15:00;1.283400059
Solana;16/02/2022 16:00;1.684100032
Solana;16/02/2022 17:00;2.07949996
Solana;16/02/2022 18:00;1.566599965
Solana;16/02/2022 19:00;1.117799997
Solana;16/02/2022 20:00;0.599699974
Solana;16/02/2022 21:00;0.263200015
Solana;16/02/2022 22:00;-0.254700005
Solana;16/02/2022 23:00;-0.083899997
Solana;17/02/2022 0:00;-0.190699995
Solana;17/02/2022 1:00;-0.238700002
Solana;17/02/2022 2:00;-0.265399992
Solana;17/02/2022 3:00;-0.286799997
Solana;17/02/2022 4:00;-0.270799994
Solana;17/02/2022 5:00;-0.297500014
Solana;17/02/2022 6:00;-0.420300007
Solana;17/02/2022 7:00;-0.51639998
Solana;17/02/2022 8:00;-0.425599992
Solana;17/02/2022 9:00;-0.3028
Solana;17/02/2022 10:00;-0.073200002
Solana;17/02/2022 11:00;0.455500007
Solana;17/02/2022 12:00;1.246099949
Solana;17/02/2022 13:00;3.356899977
Solana;17/02/2022 14:00;5.961200237
Solana;17/02/2022 15:00;7.448699951
Solana;17/02/2022 16:00;9.392100334
Solana;17/02/2022 17:00;9.788399696
Solana;17/02/2022 18:00;8.953000069
Solana;17/02/2022 19:00;6.956299782
Solana;17/02/2022 20:00;5.271100044
Solana;17/02/2022 21:00;4.083899975
Solana;17/02/2022 22:00;3.335500002
Solana;17/02/2022 23:00;2.875799894
Solana;18/02/2022 0:00;2.539099932
Solana;18/02/2022 1:00;2.303999901
Solana;18/02/2022 2:00;2.010099888
Solana;18/02/2022 3:00;1.796300054
Solana;18/02/2022 4:00;1.41170001
Solana;18/02/2022 5:00;1.165899992
Solana;18/02/2022 6:00;1.213999987
Solana;18/02/2022 7:00;1.165899992
Solana;18/02/2022 8:00;0.968299985
Solana;18/02/2022 9:00;0.599699974
Solana;18/02/2022 10:00;0.690500021
Solana;18/02/2022 11:00;1.091099977
Solana;18/02/2022 12:00;2.213099957
Solana;18/02/2022 13:00;3.891499996
Solana;18/02/2022 14:00;5.426199913
Solana;18/02/2022 15:00;5.07859993
Solana;18/02/2022 16:00;4.319200039
Solana;18/02/2022 17:00;3.121700048
Solana;18/02/2022 18:00;2.239799976
Solana;18/02/2022 19:00;1.523900032
Solana;18/02/2022 20:00;1.064399958
Solana;18/02/2022 21:00;0.476900011
Solana;18/02/2022 22:00;0.049600001
Solana;18/02/2022 23:00;-0.041200001
Solana;19/02/2022 0:00;-0.131899998
Solana;19/02/2022 1:00;-0.249400005
Solana;19/02/2022 2:00;-0.324200004
Solana;19/02/2022 3:00;-0.463
Solana;19/02/2022 4:00;-0.463
Solana;19/02/2022 5:00;-0.532400012
Solana;19/02/2022 6:00;-0.724600017
Solana;19/02/2022 7:00;-0.639199972
Solana;19/02/2022 8:00;-0.724600017
Solana;19/02/2022 9:00;-0.911499977
Solana;19/02/2022 10:00;-1.012899995
Solana;19/02/2022 11:00;-0.48969999
Solana;19/02/2022 12:00;-0.543099999
Solana;19/02/2022 13:00;-0.249400005
Solana;19/02/2022 14:00;-0.1052
Solana;19/02/2022 15:00;0.055
Solana;19/02/2022 16:00;0.92019999
Solana;19/02/2022 17:00;2.597899914
Solana;19/02/2022 18:00;2.592499971
Solana;19/02/2022 19:00;1.908499956
Solana;19/02/2022 20:00;1.203299999
Solana;19/02/2022 21:00;0.466199994
Solana;19/02/2022 22:00;0.0283
Solana;19/02/2022 23:00;-0.169300005
Solana;20/02/2022 0:00;-0.270799994
Solana;20/02/2022 1:00;-0.270799994
Solana;20/02/2022 2:00;-0.249400005
Solana;20/02/2022 3:00;-0.308099985
Solana;20/02/2022 4:00;-0.40959999
Solana;20/02/2022 5:00;-0.441599995
Solana;20/02/2022 6:00;-0.452300012
Solana;20/02/2022 7:00;-0.532400012
Solana;20/02/2022 8:00;-0.601800025
Solana;20/02/2022 9:00;-0.591099977
Solana;20/02/2022 10:00;-0.473699987
Solana;20/02/2022 11:00;-0.195999995
Solana;20/02/2022 12:00;0.370099992
Solana;20/02/2022 13:00;1.262099981
Solana;20/02/2022 14:00;2.870500088
Solana;20/02/2022 15:00;5.340600014
Solana;20/02/2022 16:00;7.438000202
Solana;20/02/2022 17:00;8.267700195
Solana;20/02/2022 18:00;7.031300068
Solana;20/02/2022 19:00;4.880700111
Solana;20/02/2022 20:00;3.025500059
Solana;20/02/2022 21:00;1.860499978
Solana;20/02/2022 22:00;1.107200027
Solana;20/02/2022 23:00;0.556999981
Solana;21/02/2022 0:00;0.188500002
Solana;21/02/2022 1:00;-0.089199997
Solana;21/02/2022 2:00;-0.260100007
Solana;21/02/2022 3:00;-0.334800005
Solana;21/02/2022 4:00;-0.115900002
Solana;21/02/2022 5:00;-0.0198
Solana;21/02/2022 6:00;-0.0091
Solana;21/02/2022 7:00;0.0122
Solana;21/02/2022 8:00;0.0122
Solana;21/02/2022 9:00;0.038899999
Solana;21/02/2022 10:00;0.076300003
Solana;21/02/2022 11:00;0.156399995
Solana;21/02/2022 12:00;0.92019999
Solana;21/02/2022 13:00;2.736799955
Solana;21/02/2022 14:00;6.196499825
Solana;21/02/2022 15:00;9.402799606
Solana;21/02/2022 16:00;11.15979958
Solana;21/02/2022 17:00;10.65079975
Solana;21/02/2022 18:00;8.878000259
Solana;21/02/2022 19:00;6.469399929
Solana;21/02/2022 20:00;3.987699986
Solana;21/02/2022 21:00;2.571199894
Solana;21/02/2022 22:00;1.646700025
Solana;21/02/2022 23:00;0.989600003
Solana;22/02/2022 0:00;0.492900014
Solana;22/02/2022 1:00;0.129700005
Solana;22/02/2022 2:00;-0.126599997
Solana;22/02/2022 3:00;-0.164000005
Solana;22/02/2022 4:00;0.0122
Solana;22/02/2022 5:00;0.0069
Solana;22/02/2022 6:00;-0.0305
Solana;22/02/2022 7:00;-0.2227
Solana;22/02/2022 8:00;-0.345499992
Solana;22/02/2022 9:00;-0.393599987
Solana;22/02/2022 10:00;-0.190699995
Solana;22/02/2022 11:00;0.252600014
Solana;22/02/2022 12:00;1.395599961
Solana;22/02/2022 13:00;3.442399979
Solana;22/02/2022 14:00;7.545000076
Solana;22/02/2022 15:00;11.18659973
Solana;22/02/2022 16:00;12.75689983
Solana;22/02/2022 17:00;13.52350044
Solana;22/02/2022 18:00;12.38160038
Solana;22/02/2022 19:00;9.686599731
Solana;22/02/2022 20:00;6.860000134
Solana;22/02/2022 21:00;5.041100025
Solana;22/02/2022 22:00;3.522599936
Solana;22/02/2022 23:00;2.394799948
Solana;23/02/2022 0:00;1.603999972
Solana;23/02/2022 1:00;1.043099999
Solana;23/02/2022 2:00;0.642400026
Solana;23/02/2022 3:00;0.391400009
Solana;23/02/2022 4:00;0.119099997
Solana;23/02/2022 5:00;-0.0091
Solana;23/02/2022 6:00;-0.158600003
Solana;23/02/2022 7:00;-0.217399999
Solana;23/02/2022 8:00;-0.249400005
Solana;23/02/2022 9:00;-0.073200002
Solana;23/02/2022 10:00;0.209800005
Solana;23/02/2022 11:00;0.722599983
Solana;23/02/2022 12:00;2.394799948
Solana;23/02/2022 13:00;5.313899994
Solana;23/02/2022 14:00;8.433600426
Solana;23/02/2022 15:00;11.06330013
Solana;23/02/2022 16:00;11.86170006
Solana;23/02/2022 17:00;11.25090027
Solana;23/02/2022 18:00;9.627699852
Solana;23/02/2022 19:00;7.298799992
Solana;23/02/2022 20:00;5.559899807
Solana;23/02/2022 21:00;4.255000114
Solana;23/02/2022 22:00;3.244600058
Solana;23/02/2022 23:00;2.490999937
Solana;24/02/2022 0:00;1.978000045
Solana;24/02/2022 1:00;1.700199962
Solana;24/02/2022 2:00;1.417000055
Solana;24/02/2022 3:00;1.165899992
Solana;24/02/2022 4:00;0.94690001
Solana;24/02/2022 5:00;0.722599983
Solana;24/02/2022 6:00;0.573000014
Solana;24/02/2022 7:00;0.503600001
Solana;24/02/2022 8:00;0.396800011
Solana;24/02/2022 9:00;0.391400009
Solana;24/02/2022 10:00;0.567700028
Solana;24/02/2022 11:00;1.507799983
Solana;24/02/2022 12:00;2.8276999
Solana;24/02/2022 13:00;4.276400089
Solana;24/02/2022 14:00;7.716300011
Solana;24/02/2022 15:00;9.397399902
Solana;24/02/2022 16:00;8.604999542
Solana;24/02/2022 17:00;8.347999573
Solana;24/02/2022 18:00;6.629899979
Solana;24/02/2022 19:00;4.313799858
Solana;24/02/2022 20:00;2.581899881
Solana;24/02/2022 21:00;1.529199958
Solana;24/02/2022 22:00;0.904200017
Solana;24/02/2022 23:00;0.455500007
Solana;25/02/2022 0:00;0.188500002
Solana;25/02/2022 1:00;-0.0999
Solana;25/02/2022 2:00;-0.190699995
Solana;25/02/2022 3:00;-0.313499987
Solana;25/02/2022 4:00;-0.430999994
Solana;25/02/2022 5:00;-0.500400007
Solana;25/02/2022 6:00;-0.601800025
Solana;25/02/2022 7:00;-0.655200005
Solana;25/02/2022 8:00;-0.676599979
Solana;25/02/2022 9:00;-0.644500017
Solana;25/02/2022 10:00;-0.126599997
Solana;25/02/2022 11:00;0.455500007
Solana;25/02/2022 12:00;0.679799974
Solana;25/02/2022 13:00;2.75819993
Solana;25/02/2022 14:00;4.93419981
Solana;25/02/2022 15:00;8.546099663
Solana;25/02/2022 16:00;11.09549999
Solana;25/02/2022 17:00;11.4545002
Solana;25/02/2022 18:00;10.19009972
Solana;25/02/2022 19:00;7.384500027
Solana;25/02/2022 20:00;4.93419981
Solana;25/02/2022 21:00;2.993400097
Solana;25/02/2022 22:00;1.801699996
Solana;25/02/2022 23:00;1.005699992
Solana;26/02/2022 0:00;0.588999987
Solana;26/02/2022 1:00;0.279300004
Solana;26/02/2022 2:00;0.071000002
Solana;26/02/2022 3:00;-0.174700007
Solana;26/02/2022 4:00;-0.32949999
Solana;26/02/2022 5:00;-0.420300007
Solana;26/02/2022 6:00;-0.500400007
Solana;26/02/2022 7:00;-0.596499979
Solana;26/02/2022 8:00;-0.671199977
Solana;26/02/2022 9:00;-0.548399985
Solana;26/02/2022 10:00;-0.0305
Solana;26/02/2022 11:00;0.300599992
Solana;26/02/2022 12:00;0.733200014
Solana;26/02/2022 13:00;0.503600001
Solana;26/02/2022 14:00;0.653100014
Solana;26/02/2022 15:00;0.776000023
Solana;26/02/2022 16:00;0.882799983
Solana;26/02/2022 17:00;0.86680001
Solana;26/02/2022 18:00;0.776000023
Solana;26/02/2022 19:00;0.631799996
Solana;26/02/2022 20:00;0.498199999
Solana;26/02/2022 21:00;0.407400012
Solana;26/02/2022 22:00;0.300599992
Solana;26/02/2022 23:00;0.247199997
Solana;27/02/2022 0:00;0.156399995
Solana;27/02/2022 1:00;0.193800002
Solana;27/02/2022 2:00;0.199200004
Solana;27/02/2022 3:00;0.161799997
Solana;27/02/2022 4:00;0.103
Solana;27/02/2022 5:00;0.119099997
Solana;27/02/2022 6:00;0.0656
Solana;27/02/2022 7:00;0.0176
Solana;27/02/2022 8:00;-0.206699997
Solana;27/02/2022 9:00;-0.281399995
Solana;27/02/2022 10:00;-0.0999
Solana;27/02/2022 11:00;0.508899987
Solana;27/02/2022 12:00;1.908499956
Solana;27/02/2022 13:00;4.22300005
Solana;27/02/2022 14:00;7.994699955
Solana;27/02/2022 15:00;9.981200218
Solana;27/02/2022 16:00;9.177900314
Solana;27/02/2022 17:00;8.583499908
Solana;27/02/2022 18:00;7.66809988
Solana;27/02/2022 19:00;6.025300026
Solana;27/02/2022 20:00;4.094600201
Solana;27/02/2022 21:00;2.624599934
Solana;27/02/2022 22:00;1.791000009
Solana;27/02/2022 23:00;1.230000019
Solana;28/02/2022 0:00;0.957599998
Solana;28/02/2022 1:00;0.551599979
Solana;28/02/2022 2:00;0.327300012
Solana;28/02/2022 3:00;0.108400002
Solana;28/02/2022 4:00;0.0176
Solana;28/02/2022 5:00;-0.067900002
Solana;28/02/2022 6:00;-0.126599997
Solana;28/02/2022 7:00;-0.1426
Solana;28/02/2022 8:00;-0.195999995
Solana;28/02/2022 9:00;-0.1373
Solana;28/02/2022 10:00;0.103
Solana;28/02/2022 11:00;0.791999996
Solana;28/02/2022 12:00;2.613899946
Solana;28/02/2022 13:00;6.164400101
Solana;28/02/2022 14:00;9.665200233
Solana;28/02/2022 15:00;11.59920025
Solana;28/02/2022 16:00;12.69250011
Solana;28/02/2022 17:00;12.68179989
Solana;28/02/2022 18:00;10.71510029
Solana;28/02/2022 19:00;8.63710022
Solana;28/02/2022 20:00;6.442699909
Solana;28/02/2022 21:00;5.089300156
Solana;28/02/2022 22:00;4.126699924
Solana;28/02/2022 23:00;3.896800041
Solana;01/03/2022 0:00;3.442399979
Solana;01/03/2022 1:00;3.501199961
Solana;01/03/2022 2:00;2.993400097
Solana;01/03/2022 3:00;2.373399973
Solana;01/03/2022 4:00;2.031399965
Solana;01/03/2022 5:00;1.99940002
Solana;01/03/2022 6:00;1.780300021
Solana;01/03/2022 7:00;1.828400016
Solana;01/03/2022 8:00;1.833699942
Solana;01/03/2022 9:00;1.881800056
Solana;01/03/2022 10:00;2.191699982
Solana;01/03/2022 11:00;2.565799952
Solana;01/03/2022 12:00;3.314100027
Solana;01/03/2022 13:00;4.014400005
Solana;01/03/2022 14:00;4.174799919
Solana;01/03/2022 15:00;3.463799953
Solana;01/03/2022 16:00;2.747499943
Solana;01/03/2022 17:00;2.918600082
Solana;01/03/2022 18:00;2.490999937
Solana;01/03/2022 19:00;2.042099953
Solana;01/03/2022 20:00;1.684100032
Solana;01/03/2022 21:00;1.379600048
Solana;01/03/2022 22:00;1.14989996
Solana;01/03/2022 23:00;1.037700057
Solana;02/03/2022 0:00;0.94690001
Solana;02/03/2022 1:00;0.797299981
Solana;02/03/2022 2:00;0.498199999
Solana;02/03/2022 3:00;0.236499995
Solana;02/03/2022 4:00;0.086999997
Solana;02/03/2022 5:00;0.049600001
Solana;02/03/2022 6:00;0.0016
Solana;02/03/2022 7:00;0.0176
Solana;02/03/2022 8:00;0.0283
Solana;02/03/2022 9:00;0.049600001
Solana;02/03/2022 10:00;0.113700002
Solana;02/03/2022 11:00;0.161799997
Solana;02/03/2022 12:00;0.193800002
Solana;02/03/2022 13:00;0.268599987
Solana;02/03/2022 14:00;0.642400026
Solana;02/03/2022 15:00;2.303999901
Solana;02/03/2022 16:00;4.816500187
Solana;02/03/2022 17:00;4.634699821
Solana;02/03/2022 18:00;4.00369978
Solana;02/03/2022 19:00;3.292700052
Solana;02/03/2022 20:00;2.506999969
Solana;02/03/2022 21:00;2.175699949
Solana;02/03/2022 22:00;1.860499978
Solana;02/03/2022 23:00;1.678799987
Solana;03/03/2022 0:00;1.684100032
Solana;03/03/2022 1:00;1.758900046
Solana;03/03/2022 2:00;1.710800052
Solana;03/03/2022 3:00;1.668099999
Solana;03/03/2022 4:00;1.657400012
Solana;03/03/2022 5:00;1.593299985
Solana;03/03/2022 6:00;1.401000023
Solana;03/03/2022 7:00;1.101799965
Solana;03/03/2022 8:00;0.941600025
Solana;03/03/2022 9:00;0.850799978
Solana;03/03/2022 10:00;0.802699983
Solana;03/03/2022 11:00;0.802699983
Solana;03/03/2022 12:00;0.829400003
Solana;03/03/2022 13:00;0.808000028
Solana;03/03/2022 14:00;0.808000028
Solana;03/03/2022 15:00;0.813399971
Solana;03/03/2022 16:00;0.776000023
Solana;03/03/2022 17:00;0.733200014
Solana;03/03/2022 18:00;0.669200003
Solana;03/03/2022 19:00;0.621100008
Solana;03/03/2022 20:00;0.594399989
Solana;03/03/2022 21:00;0.562300026
Solana;03/03/2022 22:00;0.519599974
Solana;03/03/2022 23:00;0.471500009
Solana;04/03/2022 0:00;0.428799987
Solana;04/03/2022 1:00;0.391400009
Solana;04/03/2022 2:00;0.359400004
Solana;04/03/2022 3:00;0.332700014
Solana;04/03/2022 4:00;0.300599992
Solana;04/03/2022 5:00;0.273900002
Solana;04/03/2022 6:00;0.241899997
Solana;04/03/2022 7:00;0.215200007
Solana;04/03/2022 8:00;0.1831
Solana;04/03/2022 9:00;0.161799997
Solana;04/03/2022 10:00;0.172499999
Solana;04/03/2022 11:00;0.199200004
Solana;04/03/2022 12:00;0.231199995
Solana;04/03/2022 13:00;0.247199997
Solana;04/03/2022 14:00;0.273900002
Solana;04/03/2022 15:00;0.305999994
Solana;04/03/2022 16:00;0.327300012
Solana;04/03/2022 17:00;0.354000002
Solana;04/03/2022 18:00;0.375400007
Solana;04/03/2022 19:00;0.380699992
Solana;04/03/2022 20:00;0.359400004
Solana;04/03/2022 21:00;0.332700014
Solana;04/03/2022 22:00;0.28459999
Solana;04/03/2022 23:00;0.199200004
Solana;05/03/2022 0:00;-0.0091
Solana;05/03/2022 1:00;-0.180000007
Solana;05/03/2022 2:00;-0.32949999
Solana;05/03/2022 3:00;-0.420300007
Solana;05/03/2022 4:00;-0.468300015
Solana;05/03/2022 5:00;-0.532400012
Solana;05/03/2022 6:00;-0.564400017
Solana;05/03/2022 7:00;-0.591099977
Solana;05/03/2022 8:00;-0.628499985
Solana;05/03/2022 9:00;-0.601800025
Solana;05/03/2022 10:00;-0.463
Solana;05/03/2022 11:00;-0.281399995
Solana;05/03/2022 12:00;-0.126599997
Solana;05/03/2022 13:00;-0.051800001
Solana;05/03/2022 14:00;-0.0198
Solana;05/03/2022 15:00;0.0016
Solana;05/03/2022 16:00;0.0229
Solana;05/03/2022 17:00;0.044300001
Solana;05/03/2022 18:00;0.0603
Solana;05/03/2022 19:00;0.0656
Solana;05/03/2022 20:00;0.0656
Solana;05/03/2022 21:00;0.0603
Solana;05/03/2022 22:00;0.049600001
Solana;05/03/2022 23:00;-0.0305
Solana;06/03/2022 0:00;-0.249400005
Solana;06/03/2022 1:00;-0.500400007
Solana;06/03/2022 2:00;-0.473699987
Solana;06/03/2022 3:00;-0.505699992
Solana;06/03/2022 4:00;-0.505699992
Solana;06/03/2022 5:00;-0.537699997
Solana;06/03/2022 6:00;-0.527100027
Solana;06/03/2022 7:00;-0.543099999
Solana;06/03/2022 8:00;-0.585799992
Solana;06/03/2022 9:00;-0.655200005
Solana;06/03/2022 10:00;-0.51639998
Solana;06/03/2022 11:00;-0.35620001
Solana;06/03/2022 12:00;-0.195999995
Solana;06/03/2022 13:00;-0.121299997
Solana;06/03/2022 14:00;-0.078500003
Solana;06/03/2022 15:00;-0.046500001
Solana;06/03/2022 16:00;-0.0251
Solana;06/03/2022 17:00;-0.0145
Solana;06/03/2022 18:00;-0.0038
Solana;06/03/2022 19:00;0.0016
Solana;06/03/2022 20:00;0.0069
Solana;06/03/2022 21:00;-0.051800001
Solana;06/03/2022 22:00;-0.190699995
Solana;06/03/2022 23:00;-0.334800005
Solana;07/03/2022 0:00;-0.436300009
Solana;07/03/2022 1:00;-0.596499979
Solana;07/03/2022 2:00;-0.66049999
Solana;07/03/2022 3:00;-0.63380003
Solana;07/03/2022 4:00;-0.655200005
Solana;07/03/2022 5:00;-0.665899992
Solana;07/03/2022 6:00;-0.74059999
Solana;07/03/2022 7:00;-0.730000019
Solana;07/03/2022 8:00;-0.703299999
Solana;07/03/2022 9:00;-0.628499985
Solana;07/03/2022 10:00;-0.564400017
Solana;07/03/2022 11:00;-0.457700014
Solana;07/03/2022 12:00;-0.441599995
Solana;07/03/2022 13:00;-0.601800025
Solana;07/03/2022 14:00;-0.564400017
Solana;07/03/2022 15:00;-0.495000005
Solana;07/03/2022 16:00;-0.500400007
Solana;07/03/2022 17:00;-0.510999978
Solana;07/03/2022 18:00;-0.607200027
Solana;07/03/2022 19:00;-0.676599979
Solana;07/03/2022 20:00;-0.74059999
Solana;07/03/2022 21:00;-0.799399972
Solana;07/03/2022 22:00;-0.815400004
Solana;07/03/2022 23:00;-0.863399982
Solana;08/03/2022 0:00;-0.804700017
Solana;08/03/2022 1:00;-0.76730001
Solana;08/03/2022 2:00;-0.756600022
Solana;08/03/2022 3:00;-0.730000019
Solana;08/03/2022 4:00;-0.751299977
Solana;08/03/2022 5:00;-0.777999997
Solana;08/03/2022 6:00;-0.783299983
Solana;08/03/2022 7:00;-0.959500015
Solana;08/03/2022 8:00;-1.03429997
Solana;08/03/2022 9:00;-1.028900027
Solana;08/03/2022 10:00;-0.879400015
Solana;08/03/2022 11:00;-0.559099972
Solana;08/03/2022 12:00;-0.361499995
Solana;08/03/2022 13:00;-0.244100004
Solana;08/03/2022 14:00;-0.169300005
Solana;08/03/2022 15:00;-0.121299997
Solana;08/03/2022 16:00;-0.094599999
Solana;08/03/2022 17:00;-0.073200002
Solana;08/03/2022 18:00;-0.073200002
Solana;08/03/2022 19:00;-0.067900002
Solana;08/03/2022 20:00;-0.078500003
Solana;08/03/2022 21:00;-0.121299997
Solana;08/03/2022 22:00;-0.265399992
Solana;08/03/2022 23:00;-0.425599992
Solana;09/03/2022 0:00;-0.527100027
Solana;09/03/2022 1:00;-0.521700025
Solana;09/03/2022 2:00;-0.527100027
Solana;09/03/2022 3:00;-0.543099999
Solana;09/03/2022 4:00;-0.559099972
Solana;09/03/2022 5:00;-0.591099977
Solana;09/03/2022 6:00;-0.585799992
Solana;09/03/2022 7:00;-0.601800025
Solana;09/03/2022 8:00;-0.628499985
Solana;09/03/2022 9:00;-0.623199999
Solana;09/03/2022 10:00;-0.564400017
Solana;09/03/2022 11:00;-0.484299988
Solana;09/03/2022 12:00;-0.377600014
Solana;09/03/2022 13:00;-0.286799997
Solana;09/03/2022 14:00;-0.228100002
Solana;09/03/2022 15:00;-0.185299993
Solana;09/03/2022 16:00;-0.153300002
Solana;09/03/2022 17:00;-0.131899998
Solana;09/03/2022 18:00;-0.115900002
Solana;09/03/2022 19:00;-0.1052
Solana;09/03/2022 20:00;-0.0999
Solana;09/03/2022 21:00;-0.094599999
Solana;09/03/2022 22:00;-0.0999
Solana;09/03/2022 23:00;-0.110600002
Solana;10/03/2022 0:00;-0.169300005
Solana;10/03/2022 1:00;-0.206699997
Solana;10/03/2022 2:00;-0.244100004
Solana;10/03/2022 3:00;-0.350899994
Solana;10/03/2022 4:00;-0.537699997
Solana;10/03/2022 5:00;-0.751299977
Solana;10/03/2022 6:00;-0.90079999
Solana;10/03/2022 7:00;-0.970200002
Solana;10/03/2022 8:00;-1.023599982
Solana;10/03/2022 9:00;-0.858099997
Solana;10/03/2022 10:00;-0.601800025
Solana;10/03/2022 11:00;-0.372200012
Solana;10/03/2022 12:00;-0.260100007
Solana;10/03/2022 13:00;-0.201399997
Solana;10/03/2022 14:00;-0.164000005
Solana;10/03/2022 15:00;-0.1373
Solana;10/03/2022 16:00;-0.110600002
Solana;10/03/2022 17:00;-0.094599999
Solana;10/03/2022 18:00;-0.083899997
Solana;10/03/2022 19:00;-0.073200002
Solana;10/03/2022 20:00;-0.0625
Solana;10/03/2022 21:00;-0.0572
Solana;10/03/2022 22:00;-0.051800001
Solana;10/03/2022 23:00;-0.046500001
Solana;11/03/2022 0:00;-0.041200001
Solana;11/03/2022 1:00;-0.041200001
Solana;11/03/2022 2:00;-0.041200001
Solana;11/03/2022 3:00;-0.035799999
Solana;11/03/2022 4:00;-0.035799999
Solana;11/03/2022 5:00;-0.0305
Solana;11/03/2022 6:00;-0.035799999
Solana;11/03/2022 7:00;-0.035799999
Solana;11/03/2022 8:00;-0.0625
Solana;11/03/2022 9:00;-0.121299997
Solana;11/03/2022 10:00;-0.126599997
Solana;11/03/2022 11:00;-0.110600002
Solana;11/03/2022 12:00;-0.089199997
Solana;11/03/2022 13:00;-0.067900002
Solana;11/03/2022 14:00;-0.051800001
Solana;11/03/2022 15:00;-0.041200001
Solana;11/03/2022 16:00;-0.035799999
Solana;11/03/2022 17:00;-0.035799999
Solana;11/03/2022 18:00;-0.041200001
Solana;11/03/2022 19:00;-0.035799999
Solana;11/03/2022 20:00;-0.041200001
Solana;11/03/2022 21:00;-0.083899997
Solana;11/03/2022 22:00;-0.324200004
Solana;11/03/2022 23:00;-0.649900019
Solana;12/03/2022 0:00;-0.906099975
Solana;12/03/2022 1:00;-1.199699998
Solana;12/03/2022 2:00;-1.338500023
Solana;12/03/2022 3:00;-1.536000013
Solana;12/03/2022 4:00;-1.728199959
Solana;12/03/2022 5:00;-1.893599987
Solana;12/03/2022 6:00;-1.941699982
Solana;12/03/2022 7:00;-1.824300051
Solana;12/03/2022 8:00;-1.610800028
Solana;12/03/2022 9:00;-1.434599996
Solana;12/03/2022 10:00;-1.114300013
Solana;12/03/2022 11:00;-0.863399982
Solana;12/03/2022 12:00;-0.671199977
Solana;12/03/2022 13:00;-0.505699992
Solana;12/03/2022 14:00;-0.388200015
Solana;12/03/2022 15:00;-0.318800002
Solana;12/03/2022 16:00;-0.249400005
Solana;12/03/2022 17:00;-0.211999997
Solana;12/03/2022 18:00;-0.185299993
Solana;12/03/2022 19:00;-0.174700007
Solana;12/03/2022 20:00;-0.190699995
Solana;12/03/2022 21:00;-0.249400005
Solana;12/03/2022 22:00;-0.3028
Solana;12/03/2022 23:00;-0.388200015
Solana;13/03/2022 0:00;-0.500400007
Solana;13/03/2022 1:00;-0.585799992
Solana;13/03/2022 2:00;-0.79400003
Solana;13/03/2022 3:00;-0.98089999
Solana;13/03/2022 4:00;-1.17840004
Solana;13/03/2022 5:00;-1.2852
Solana;13/03/2022 6:00;-1.423900008
Solana;13/03/2022 7:00;-1.749500036
Solana;13/03/2022 8:00;-2.16050005
Solana;13/03/2022 9:00;-2.363300085
Solana;13/03/2022 10:00;-2.3046
Solana;13/03/2022 11:00;-1.840299964
Solana;13/03/2022 12:00;-0.938199997
Solana;13/03/2022 13:00;-0.48969999
Solana;13/03/2022 14:00;-0.3028
Solana;13/03/2022 15:00;-0.2227
Solana;13/03/2022 16:00;-0.190699995
Solana;13/03/2022 17:00;-0.185299993
Solana;13/03/2022 18:00;-0.180000007
Solana;13/03/2022 19:00;-0.233400002
Solana;13/03/2022 20:00;-0.468300015
Solana;13/03/2022 21:00;-0.617799997
Solana;13/03/2022 22:00;-0.697899997
Solana;13/03/2022 23:00;-0.762000024
Solana;14/03/2022 0:00;-0.804700017
Solana;14/03/2022 1:00;-0.852699995
Solana;14/03/2022 2:00;-0.922100008
Solana;14/03/2022 3:00;-0.954200029
Solana;14/03/2022 4:00;-1.012899995
Solana;14/03/2022 5:00;-1.03429997
Solana;14/03/2022 6:00;-1.135699987
Solana;14/03/2022 7:00;-1.103700042
Solana;14/03/2022 8:00;-1.087599993
Solana;14/03/2022 9:00;-1.039600015
Solana;14/03/2022 10:00;-0.879400015
Solana;14/03/2022 11:00;-0.644500017
Solana;14/03/2022 12:00;-0.463
Solana;14/03/2022 13:00;-0.340200007
Solana;14/03/2022 14:00;-0.249400005
Solana;14/03/2022 15:00;-0.180000007
Solana;14/03/2022 16:00;-0.148000002
Solana;14/03/2022 17:00;-0.121299997
Solana;14/03/2022 18:00;-0.110600002
Solana;14/03/2022 19:00;-0.0999
Solana;14/03/2022 20:00;-0.094599999
Solana;14/03/2022 21:00;-0.094599999
Solana;14/03/2022 22:00;-0.089199997
Solana;14/03/2022 23:00;-0.089199997
Solana;15/03/2022 0:00;-0.089199997
Solana;15/03/2022 1:00;-0.083899997
Solana;15/03/2022 2:00;-0.083899997
Solana;15/03/2022 3:00;-0.078500003
Solana;15/03/2022 4:00;-0.078500003
Solana;15/03/2022 5:00;-0.073200002
Solana;15/03/2022 6:00;-0.073200002
Solana;15/03/2022 7:00;-0.067900002
Solana;15/03/2022 8:00;-0.067900002
Solana;15/03/2022 9:00;-0.0625
Solana;15/03/2022 10:00;-0.051800001
Solana;15/03/2022 11:00;-0.0198
Solana;15/03/2022 12:00;0.0283
Solana;15/03/2022 13:00;0.252600014
Solana;15/03/2022 14:00;0.578400016
Solana;15/03/2022 15:00;0.898800015
Solana;15/03/2022 16:00;0.89349997
Solana;15/03/2022 17:00;1.048400044
Solana;15/03/2022 18:00;0.813399971
Solana;15/03/2022 19:00;0.450199991
Solana;15/03/2022 20:00;0.370099992
Solana;15/03/2022 21:00;0.460900009
Solana;15/03/2022 22:00;0.450199991
Solana;15/03/2022 23:00;0.439500004
Solana;16/03/2022 0:00;0.487599999
Solana;16/03/2022 1:00;0.450199991
Solana;16/03/2022 2:00;0.386099994
Solana;16/03/2022 3:00;0.359400004
Solana;16/03/2022 4:00;0.273900002
Solana;16/03/2022 5:00;0.28459999
Solana;16/03/2022 6:00;0.161799997
Solana;16/03/2022 7:00;0.103
Solana;16/03/2022 8:00;0.0656
Solana;16/03/2022 9:00;0.092399999
Solana;16/03/2022 10:00;0.332700014
Solana;16/03/2022 11:00;0.658500016
Solana;16/03/2022 12:00;0.733200014
Solana;16/03/2022 13:00;0.845399976
Solana;16/03/2022 14:00;0.914900005
Solana;16/03/2022 15:00;1.401000023
Solana;16/03/2022 16:00;1.262099981
Solana;16/03/2022 17:00;0.626399994
Solana;16/03/2022 18:00;0.279300004
Solana;16/03/2022 19:00;0.0656
Solana;16/03/2022 20:00;-0.0038
Solana;16/03/2022 21:00;-0.0251
Solana;16/03/2022 22:00;-0.035799999
Solana;16/03/2022 23:00;-0.041200001
Solana;17/03/2022 0:00;-0.046500001
Solana;17/03/2022 1:00;-0.078500003
Solana;17/03/2022 2:00;-0.115900002
Solana;17/03/2022 3:00;-0.158600003
Solana;17/03/2022 4:00;-0.185299993
Solana;17/03/2022 5:00;-0.195999995
Solana;17/03/2022 6:00;-0.217399999
Solana;17/03/2022 7:00;-0.27610001
Solana;17/03/2022 8:00;-0.3829
Solana;17/03/2022 9:00;-0.510999978
Solana;17/03/2022 10:00;-0.521700025
Solana;17/03/2022 11:00;-0.3829
Solana;17/03/2022 12:00;-0.350899994
Solana;17/03/2022 13:00;-0.228100002
Solana;17/03/2022 14:00;-0.158600003
Solana;17/03/2022 15:00;-0.158600003
Solana;17/03/2022 16:00;-0.174700007
Solana;17/03/2022 17:00;-0.217399999
Solana;17/03/2022 18:00;-0.527100027
Solana;17/03/2022 19:00;-0.911499977
Solana;17/03/2022 20:00;-1.20510006
Solana;17/03/2022 21:00;-1.381199956
Solana;17/03/2022 22:00;-1.40260005
Solana;17/03/2022 23:00;-1.461300015
Solana;18/03/2022 0:00;-1.680099964
Solana;18/03/2022 1:00;-1.834900022
Solana;18/03/2022 2:00;-1.749500036
Solana;18/03/2022 3:00;-1.722800016
Solana;18/03/2022 4:00;-1.552000046
Solana;18/03/2022 5:00;-1.509299994
Solana;18/03/2022 6:00;-1.397300005
Solana;18/03/2022 7:00;-1.34920001
Solana;18/03/2022 8:00;-1.15170002
Solana;18/03/2022 9:00;-0.906099975
Solana;18/03/2022 10:00;-0.628499985
Solana;18/03/2022 11:00;-0.361499995
Solana;18/03/2022 12:00;-0.211999997
Solana;18/03/2022 13:00;-0.046500001
Solana;18/03/2022 14:00;0.343400002
Solana;18/03/2022 15:00;0.209800005
Solana;18/03/2022 16:00;0.209800005
Solana;18/03/2022 17:00;0.375400007
Solana;18/03/2022 18:00;0.338
Solana;18/03/2022 19:00;0.129700005
Solana;18/03/2022 20:00;0.0069
Solana;18/03/2022 21:00;-0.041200001
Solana;18/03/2022 22:00;-0.0572
Solana;18/03/2022 23:00;-0.041200001
Solana;19/03/2022 0:00;-0.041200001
Solana;19/03/2022 1:00;-0.051800001
Solana;19/03/2022 2:00;-0.051800001
Solana;19/03/2022 3:00;-0.0572
Solana;19/03/2022 4:00;-0.051800001
Solana;19/03/2022 5:00;-0.051800001
Solana;19/03/2022 6:00;-0.051800001
Solana;19/03/2022 7:00;-0.0625
Solana;19/03/2022 8:00;-0.051800001
Solana;19/03/2022 9:00;-0.046500001
Solana;19/03/2022 10:00;-0.041200001
Solana;19/03/2022 11:00;-0.0251
Solana;19/03/2022 12:00;0.156399995
Solana;19/03/2022 13:00;1.011000037
Solana;19/03/2022 14:00;1.892500043
Solana;19/03/2022 15:00;2.352099895
Solana;19/03/2022 16:00;3.356899977
Solana;19/03/2022 17:00;1.726899981
Solana;19/03/2022 18:00;0.631799996
Solana;19/03/2022 19:00;0.36469999
Solana;19/03/2022 20:00;0.161799997
Solana;19/03/2022 21:00;0.0603
Solana;19/03/2022 22:00;-0.051800001
Solana;19/03/2022 23:00;-0.0305
Solana;20/03/2022 0:00;-0.0251
Solana;20/03/2022 1:00;-0.0251
Solana;20/03/2022 2:00;-0.0198
Solana;20/03/2022 3:00;-0.0198
Solana;20/03/2022 4:00;-0.0198
Solana;20/03/2022 5:00;-0.0198
Solana;20/03/2022 6:00;-0.0251
Solana;20/03/2022 7:00;-0.0251
Solana;20/03/2022 8:00;-0.0198
Solana;20/03/2022 9:00;-0.0198
Solana;20/03/2022 10:00;-0.0198
Solana;20/03/2022 11:00;-0.0198
Solana;20/03/2022 12:00;-0.0198
Solana;20/03/2022 13:00;-0.0198
Solana;20/03/2022 14:00;0.044300001
Solana;20/03/2022 15:00;0.156399995
Solana;20/03/2022 16:00;0.300599992
Solana;20/03/2022 17:00;0.321999997
Solana;20/03/2022 18:00;0.124399997
Solana;20/03/2022 19:00;0.0069
Solana;20/03/2022 20:00;-0.035799999
Solana;20/03/2022 21:00;-0.0251
Solana;20/03/2022 22:00;-0.0145
Solana;20/03/2022 23:00;-0.0198
Solana;21/03/2022 0:00;-0.0145
Solana;21/03/2022 1:00;-0.0305
Solana;21/03/2022 2:00;-0.0251
Solana;21/03/2022 3:00;-0.0251
Solana;21/03/2022 4:00;-0.0251
Solana;21/03/2022 5:00;-0.0251
Solana;21/03/2022 6:00;-0.0198
Solana;21/03/2022 7:00;-0.0198
Solana;21/03/2022 8:00;-0.0251
Solana;21/03/2022 9:00;-0.0251
Solana;21/03/2022 10:00;-0.0198
Solana;21/03/2022 11:00;-0.0198
Solana;21/03/2022 12:00;0.0016
Solana;21/03/2022 13:00;0.161799997
Solana;21/03/2022 14:00;0.370099992
Solana;21/03/2022 15:00;0.503600001
Solana;21/03/2022 16:00;0.407400012
Solana;21/03/2022 17:00;0.289900005
Solana;21/03/2022 18:00;0.252600014
Solana;21/03/2022 19:00;0.049600001
Solana;21/03/2022 20:00;0.0176
Solana;21/03/2022 21:00;0.055
Solana;21/03/2022 22:00;0.055
Solana;21/03/2022 23:00;0.0069
Solana;22/03/2022 0:00;-0.0038
Solana;22/03/2022 1:00;-0.0038
Solana;22/03/2022 2:00;0.0016
Solana;22/03/2022 3:00;0.0016
Solana;22/03/2022 4:00;-0.0038
Solana;22/03/2022 5:00;-0.0091
Solana;22/03/2022 6:00;-0.0145
Solana;22/03/2022 7:00;-0.0198
Solana;22/03/2022 8:00;-0.0198
Solana;22/03/2022 9:00;-0.0145
Solana;22/03/2022 10:00;-0.0145
Solana;22/03/2022 11:00;-0.0091
Solana;22/03/2022 12:00;-0.0091
Solana;22/03/2022 13:00;0.0016
Solana;22/03/2022 14:00;0.0176
Solana;22/03/2022 15:00;0.0283
Solana;22/03/2022 16:00;0.044300001
Solana;22/03/2022 17:00;0.049600001
Solana;22/03/2022 18:00;0.049600001
Solana;22/03/2022 19:00;0.038899999
Solana;22/03/2022 20:00;0.033599999
Solana;22/03/2022 21:00;0.0283
Solana;22/03/2022 22:00;0.0229
Solana;22/03/2022 23:00;0.0229
Solana;23/03/2022 0:00;0.0229
Solana;23/03/2022 1:00;0.0229
Solana;23/03/2022 2:00;0.0176
Solana;23/03/2022 3:00;0.0176
Solana;23/03/2022 4:00;0.0069
Solana;23/03/2022 5:00;-0.0091
Solana;23/03/2022 6:00;-0.0091
Solana;23/03/2022 7:00;-0.0091
Solana;23/03/2022 8:00;-0.0091
Solana;23/03/2022 9:00;-0.0091
Solana;23/03/2022 10:00;-0.0038
Solana;23/03/2022 11:00;0.0016
Solana;23/03/2022 12:00;0.0069
Solana;23/03/2022 13:00;0.055
Solana;23/03/2022 14:00;0.167099997
Solana;23/03/2022 15:00;0.450199991
Solana;23/03/2022 16:00;1.101799965
Solana;23/03/2022 17:00;1.432999969
Solana;23/03/2022 18:00;1.470399976
Solana;23/03/2022 19:00;1.176599979
Solana;23/03/2022 20:00;0.765299976
Solana;23/03/2022 21:00;0.583700001
Solana;23/03/2022 22:00;0.482199997
Solana;23/03/2022 23:00;0.386099994
Solana;24/03/2022 0:00;0.300599992
Solana;24/03/2022 1:00;0.225899994
Solana;24/03/2022 2:00;0.156399995
Solana;24/03/2022 3:00;0.108400002
Solana;24/03/2022 4:00;0.076300003
Solana;24/03/2022 5:00;0.038899999
Solana;24/03/2022 6:00;-0.041200001
Solana;24/03/2022 7:00;-0.121299997
Solana;24/03/2022 8:00;-0.169300005
Solana;24/03/2022 9:00;-0.094599999
Solana;24/03/2022 10:00;-0.0091
Solana;24/03/2022 11:00;0.0176
Solana;24/03/2022 12:00;0.674499989
Solana;24/03/2022 13:00;3.036099911
Solana;24/03/2022 14:00;4.704199791
Solana;24/03/2022 15:00;5.367400169
Solana;24/03/2022 16:00;5.014400005
Solana;24/03/2022 17:00;4.490300179
Solana;24/03/2022 18:00;3.757800102
Solana;24/03/2022 19:00;3.084300041
Solana;24/03/2022 20:00;2.474999905
Solana;24/03/2022 21:00;1.962000012
Solana;24/03/2022 22:00;1.582599998
Solana;24/03/2022 23:00;1.294100046
Solana;25/03/2022 0:00;1.112499952
Solana;25/03/2022 1:00;0.94690001
Solana;25/03/2022 2:00;0.86680001
Solana;25/03/2022 3:00;0.808000028
Solana;25/03/2022 4:00;0.717199981
Solana;25/03/2022 5:00;0.637099981
Solana;25/03/2022 6:00;0.615700006
Solana;25/03/2022 7:00;0.524900019
Solana;25/03/2022 8:00;0.487599999
Solana;25/03/2022 9:00;0.722599983
Solana;25/03/2022 10:00;1.796300054
Solana;25/03/2022 11:00;2.993400097
Solana;25/03/2022 12:00;3.683000088
Solana;25/03/2022 13:00;4.094600201
Solana;25/03/2022 14:00;4.468900204
Solana;25/03/2022 15:00;4.377999783
Solana;25/03/2022 16:00;4.030499935
Solana;25/03/2022 17:00;3.816600084
Solana;25/03/2022 18:00;3.356899977
Solana;25/03/2022 19:00;2.982700109
Solana;25/03/2022 20:00;2.560499907
Solana;25/03/2022 21:00;2.298599958
Solana;25/03/2022 22:00;2.02609992
Solana;25/03/2022 23:00;1.796300054
Solana;26/03/2022 0:00;1.636000037
Solana;26/03/2022 1:00;1.497099996
Solana;26/03/2022 2:00;1.288800001
Solana;26/03/2022 3:00;1.096500039
Solana;26/03/2022 4:00;0.914900005
Solana;26/03/2022 5:00;0.797299981
Solana;26/03/2022 6:00;0.685199976
Solana;26/03/2022 7:00;0.594399989
Solana;26/03/2022 8:00;0.524900019
Solana;26/03/2022 9:00;0.631799996
Solana;26/03/2022 10:00;1.475800037
Solana;26/03/2022 11:00;2.287899971
Solana;26/03/2022 12:00;3.073600054
Solana;26/03/2022 13:00;4.116000175
Solana;26/03/2022 14:00;5.522500038
Solana;26/03/2022 15:00;5.725800037
Solana;26/03/2022 16:00;6.14839983
Solana;26/03/2022 17:00;6.17509985
Solana;26/03/2022 18:00;5.351299763
Solana;26/03/2022 19:00;4.340600014
Solana;26/03/2022 20:00;3.335500002
Solana;26/03/2022 21:00;2.816999912
Solana;26/03/2022 22:00;2.512399912
Solana;26/03/2022 23:00;2.303999901
Solana;27/03/2022 0:00;2.202399969
Solana;27/03/2022 1:00;2.09559989
Solana;27/03/2022 2:00;1.967300057
Solana;27/03/2022 3:00;1.801699996
Solana;27/03/2022 4:00;1.593299985
Solana;27/03/2022 5:00;1.048400044
Solana;27/03/2022 6:00;0.802699983
Solana;27/03/2022 7:00;0.647800028
Solana;27/03/2022 8:00;0.524900019
Solana;27/03/2022 9:00;0.487599999
Solana;27/03/2022 10:00;1.791000009
Solana;27/03/2022 11:00;5.372700214
Solana;27/03/2022 12:00;8.208800316
Solana;27/03/2022 13:00;10.74720001
Solana;27/03/2022 14:00;12.02789974
Solana;27/03/2022 15:00;13.86670017
Solana;27/03/2022 16:00;11.87250042
Solana;27/03/2022 17:00;10.87040043
Solana;27/03/2022 18:00;8.995800018
Solana;27/03/2022 19:00;7.336299896
Solana;27/03/2022 20:00;5.661600113
Solana;27/03/2022 21:00;4.500999928
Solana;27/03/2022 22:00;3.864700079
Solana;27/03/2022 23:00;3.372900009
Solana;28/03/2022 0:00;3.004100084
Solana;28/03/2022 1:00;2.801000118
Solana;28/03/2022 2:00;2.555099964
Solana;28/03/2022 3:00;2.239799976
Solana;28/03/2022 4:00;1.9727
Solana;28/03/2022 5:00;1.769600034
Solana;28/03/2022 6:00;1.593299985
Solana;28/03/2022 7:00;1.417000055
Solana;28/03/2022 8:00;1.251399994
Solana;28/03/2022 9:00;1.230000019
Solana;28/03/2022 10:00;1.593299985
Solana;28/03/2022 11:00;2.816999912
Solana;28/03/2022 12:00;5.051799774
Solana;28/03/2022 13:00;7.159699917
Solana;28/03/2022 14:00;7.871500015
Solana;28/03/2022 15:00;8.599599838
Solana;28/03/2022 16:00;10.68830013
Solana;28/03/2022 17:00;11.34189987
Solana;28/03/2022 18:00;10.46329975
Solana;28/03/2022 19:00;8.63710022
Solana;28/03/2022 20:00;7.058000088
Solana;28/03/2022 21:00;5.811399937
Solana;28/03/2022 22:00;4.779099941
Solana;28/03/2022 23:00;4.041200161
Solana;29/03/2022 0:00;3.501199961
Solana;29/03/2022 1:00;3.084300041
Solana;29/03/2022 2:00;2.587199926
Solana;29/03/2022 3:00;2.234499931
Solana;29/03/2022 4:00;1.844400048
Solana;29/03/2022 5:00;1.684100032
Solana;29/03/2022 6:00;1.673400044
Solana;29/03/2022 7:00;1.652099967
Solana;29/03/2022 8:00;1.732200027
Solana;29/03/2022 9:00;2.068799973
Solana;29/03/2022 10:00;2.416199923
Solana;29/03/2022 11:00;3.217900038
Solana;29/03/2022 12:00;4.827199936
Solana;29/03/2022 13:00;5.442299843
Solana;29/03/2022 14:00;6.967000008
Solana;29/03/2022 15:00;6.116300106
Solana;29/03/2022 16:00;5.961200237
Solana;29/03/2022 17:00;4.869999886
Solana;29/03/2022 18:00;4.639999866
Solana;29/03/2022 19:00;3.827300072
Solana;29/03/2022 20:00;3.073600054
Solana;29/03/2022 21:00;2.528399944
Solana;29/03/2022 22:00;2.042099953
Solana;29/03/2022 23:00;1.700199962
Solana;30/03/2022 0:00;1.449100018
Solana;30/03/2022 1:00;1.171300054
Solana;30/03/2022 2:00;0.962899983
Solana;30/03/2022 3:00;0.797299981
Solana;30/03/2022 4:00;0.637099981
Solana;30/03/2022 5:00;0.482199997
Solana;30/03/2022 6:00;0.327300012
Solana;30/03/2022 7:00;0.204500005
Solana;30/03/2022 8:00;0.135100007
Solana;30/03/2022 9:00;0.124399997
Solana;30/03/2022 10:00;0.145799994
Solana;30/03/2022 11:00;0.215200007
Solana;30/03/2022 12:00;0.295300007
Solana;30/03/2022 13:00;0.428799987
Solana;30/03/2022 14:00;0.658500016
Solana;30/03/2022 15:00;0.92019999
Solana;30/03/2022 16:00;1.069800019
Solana;30/03/2022 17:00;1.043099999
Solana;30/03/2022 18:00;0.962899983
Solana;30/03/2022 19:00;0.824000001
Solana;30/03/2022 20:00;0.605099976
Solana;30/03/2022 21:00;0.402099997
Solana;30/03/2022 22:00;0.193800002
Solana;30/03/2022 23:00;-0.073200002
Solana;31/03/2022 0:00;-0.334800005
Solana;31/03/2022 1:00;-0.548399985
Solana;31/03/2022 2:00;-0.553799987
Solana;31/03/2022 3:00;-0.51639998
Solana;31/03/2022 4:00;-0.468300015
Solana;31/03/2022 5:00;-0.559099972
Solana;31/03/2022 6:00;-0.617799997
Solana;31/03/2022 7:00;-0.553799987
Solana;31/03/2022 8:00;-0.441599995
Solana;31/03/2022 9:00;-0.281399995
Solana;31/03/2022 10:00;-0.1426
Solana;31/03/2022 11:00;-0.083899997
Solana;31/03/2022 12:00;-0.046500001
Solana;31/03/2022 13:00;0.0016
Solana;31/03/2022 14:00;0.086999997
Solana;31/03/2022 15:00;0.754599988
Solana;31/03/2022 16:00;1.14989996
Solana;31/03/2022 17:00;0.273900002
Solana;31/03/2022 18:00;0.241899997
Solana;31/03/2022 19:00;0.145799994
Solana;31/03/2022 20:00;0.124399997
Solana;31/03/2022 21:00;0.0977
Solana;31/03/2022 22:00;0.086999997
Solana;31/03/2022 23:00;0.0603
Solana;01/04/2022 0:00;0.0229
Solana;01/04/2022 1:00;-0.0038
Solana;01/04/2022 2:00;0.0069
Solana;01/04/2022 3:00;0.0016
Solana;01/04/2022 4:00;-0.035799999
Solana;01/04/2022 5:00;-0.094599999
Solana;01/04/2022 6:00;-0.121299997
Solana;01/04/2022 7:00;-0.1426
Solana;01/04/2022 8:00;-0.185299993
Solana;01/04/2022 9:00;-0.249400005
Solana;01/04/2022 10:00;-0.233400002
Solana;01/04/2022 11:00;-0.190699995
Solana;01/04/2022 12:00;-0.126599997
Solana;01/04/2022 13:00;-0.126599997
Solana;01/04/2022 14:00;-0.067900002
Solana;01/04/2022 15:00;-0.035799999
Solana;01/04/2022 16:00;-0.035799999
Solana;01/04/2022 17:00;-0.0305
Solana;01/04/2022 18:00;-0.0305
Solana;01/04/2022 19:00;-0.035799999
Solana;01/04/2022 20:00;-0.0572
Solana;01/04/2022 21:00;-0.211999997
Solana;01/04/2022 22:00;-0.340200007
Solana;01/04/2022 23:00;-0.345499992
Solana;02/04/2022 0:00;-0.361499995
Solana;02/04/2022 1:00;-0.393599987
Solana;02/04/2022 2:00;-0.361499995
Solana;02/04/2022 3:00;-0.340200007
Solana;02/04/2022 4:00;-0.297500014
Solana;02/04/2022 5:00;-0.270799994
Solana;02/04/2022 6:00;-0.254700005
Solana;02/04/2022 7:00;-0.270799994
Solana;02/04/2022 8:00;-0.292100012
Solana;02/04/2022 9:00;-0.404300004
Solana;02/04/2022 10:00;-0.425599992
Solana;02/04/2022 11:00;-0.3829
Solana;02/04/2022 12:00;-0.292100012
Solana;02/04/2022 13:00;-0.233400002
Solana;02/04/2022 14:00;-0.185299993
Solana;02/04/2022 15:00;-0.153300002
Solana;02/04/2022 16:00;-0.1373
Solana;02/04/2022 17:00;-0.121299997
Solana;02/04/2022 18:00;-0.126599997
Solana;02/04/2022 19:00;-0.201399997
Solana;02/04/2022 20:00;-0.334800005
Solana;02/04/2022 21:00;-0.420300007
Solana;02/04/2022 22:00;-0.505699992
Solana;02/04/2022 23:00;-0.591099977
Solana;03/04/2022 0:00;-0.703299999
Solana;03/04/2022 1:00;-0.756600022
Solana;03/04/2022 2:00;-0.943499982
Solana;03/04/2022 3:00;-0.959500015
Solana;03/04/2022 4:00;-0.943499982
Solana;03/04/2022 5:00;-0.938199997
Solana;03/04/2022 6:00;-1.01820004
Solana;03/04/2022 7:00;-1.066300035
Solana;03/04/2022 8:00;-1.00759995
Solana;03/04/2022 9:00;-0.916800022
Solana;03/04/2022 10:00;-0.68720001
Solana;03/04/2022 11:00;-0.430999994
Solana;03/04/2022 12:00;-0.286799997
Solana;03/04/2022 13:00;-0.195999995
Solana;03/04/2022 14:00;-0.153300002
Solana;03/04/2022 15:00;-0.121299997
Solana;03/04/2022 16:00;-0.0999
Solana;03/04/2022 17:00;-0.083899997
Solana;03/04/2022 18:00;-0.094599999
Solana;03/04/2022 19:00;-0.174700007
Solana;03/04/2022 20:00;-0.340200007
Solana;03/04/2022 21:00;-0.463
Solana;03/04/2022 22:00;-0.697899997
Solana;03/04/2022 23:00;-0.874100029
Solana;04/04/2022 0:00;-0.890100002
Solana;04/04/2022 1:00;-0.911499977
Solana;04/04/2022 2:00;-0.954200029
Solana;04/04/2022 3:00;-1.146399975
Solana;04/04/2022 4:00;-1.269099951
Solana;04/04/2022 5:00;-1.189100027
Solana;04/04/2022 6:00;-1.274500012
Solana;04/04/2022 7:00;-1.327900052
Solana;04/04/2022 8:00;-1.333199978
Solana;04/04/2022 9:00;-1.183699965
Solana;04/04/2022 10:00;-0.836700022
Solana;04/04/2022 11:00;-0.532400012
Solana;04/04/2022 12:00;-0.345499992
Solana;04/04/2022 13:00;-0.238700002
Solana;04/04/2022 14:00;-0.164000005
Solana;04/04/2022 15:00;0.311300009
Solana;04/04/2022 16:00;1.128499985
Solana;04/04/2022 17:00;1.43840003
Solana;04/04/2022 18:00;1.967300057
Solana;04/04/2022 19:00;0.508899987
Solana;04/04/2022 20:00;-0.0251
Solana;04/04/2022 21:00;-0.131899998
Solana;04/04/2022 22:00;-0.420300007
Solana;04/04/2022 23:00;-0.772700012
Solana;05/04/2022 0:00;-1.077000022
Solana;05/04/2022 1:00;-1.407899976
Solana;05/04/2022 2:00;-1.728199959
Solana;05/04/2022 3:00;-2.139100075
Solana;05/04/2022 4:00;-2.549999952
Solana;05/04/2022 5:00;-2.854199886
Solana;05/04/2022 6:00;-3.051599979
Solana;05/04/2022 7:00;-3.1796
Solana;05/04/2022 8:00;-3.094300032
Solana;05/04/2022 9:00;-2.480700016
Solana;05/04/2022 10:00;-1.263800025
Solana;05/04/2022 11:00;-0.548399985
Solana;05/04/2022 12:00;0.156399995
Solana;05/04/2022 13:00;1.491799951
Solana;05/04/2022 14:00;3.073600054
Solana;05/04/2022 15:00;4.16410017
Solana;05/04/2022 16:00;4.089300156
Solana;05/04/2022 17:00;4.613299847
Solana;05/04/2022 18:00;3.752500057
Solana;05/04/2022 19:00;2.907900095
Solana;05/04/2022 20:00;0.679799974
Solana;05/04/2022 21:00;0.049600001
Solana;05/04/2022 22:00;-0.0572
Solana;05/04/2022 23:00;-0.153300002
Solana;06/04/2022 0:00;-0.260100007
Solana;06/04/2022 1:00;-0.350899994
Solana;06/04/2022 2:00;-0.3829
Solana;06/04/2022 3:00;-0.48969999
Solana;06/04/2022 4:00;-0.521700025
Solana;06/04/2022 5:00;-0.564400017
Solana;06/04/2022 6:00;-0.591099977
Solana;06/04/2022 7:00;-0.63380003
Solana;06/04/2022 8:00;-0.532400012
Solana;06/04/2022 9:00;-0.345499992
Solana;06/04/2022 10:00;-0.126599997
Solana;06/04/2022 11:00;0.076300003
Solana;06/04/2022 12:00;0.984300017
Solana;06/04/2022 13:00;2.068799973
Solana;06/04/2022 14:00;3.538599968
Solana;06/04/2022 15:00;5.677599907
Solana;06/04/2022 16:00;7.341700077
Solana;06/04/2022 17:00;8.910099983
Solana;06/04/2022 18:00;8.36400032
Solana;06/04/2022 19:00;6.726200104
Solana;06/04/2022 20:00;4.607999802
Solana;06/04/2022 21:00;2.801000118
Solana;06/04/2022 22:00;1.732200027
Solana;06/04/2022 23:00;1.101799965
Solana;07/04/2022 0:00;0.711899996
Solana;07/04/2022 1:00;0.455500007
Solana;07/04/2022 2:00;0.28459999
Solana;07/04/2022 3:00;0.108400002
Solana;07/04/2022 4:00;0.044300001
Solana;07/04/2022 5:00;0.0283
Solana;07/04/2022 6:00;-0.041200001
Solana;07/04/2022 7:00;-0.067900002
Solana;07/04/2022 8:00;-0.1052
Solana;07/04/2022 9:00;-0.0305
Solana;07/04/2022 10:00;0.071000002
Solana;07/04/2022 11:00;0.167099997
Solana;07/04/2022 12:00;0.28459999
Solana;07/04/2022 13:00;0.631799996
Solana;07/04/2022 14:00;0.957599998
Solana;07/04/2022 15:00;2.667399883
Solana;07/04/2022 16:00;3.811300039
Solana;07/04/2022 17:00;3.506500006
Solana;07/04/2022 18:00;2.998699903
Solana;07/04/2022 19:00;2.474999905
Solana;07/04/2022 20:00;2.084899902
Solana;07/04/2022 21:00;1.716199994
Solana;07/04/2022 22:00;1.57190001
Solana;07/04/2022 23:00;1.294100046
Solana;08/04/2022 0:00;0.754599988
Solana;08/04/2022 1:00;0.439500004
Solana;08/04/2022 2:00;0.236499995
Solana;08/04/2022 3:00;0.156399995
Solana;08/04/2022 4:00;0.055
Solana;08/04/2022 5:00;-0.0038
Solana;08/04/2022 6:00;-0.0572
Solana;08/04/2022 7:00;-0.0999
Solana;08/04/2022 8:00;-0.0305
Solana;08/04/2022 9:00;0.033599999
Solana;08/04/2022 10:00;0.0603
Solana;08/04/2022 11:00;0.076300003
Solana;08/04/2022 12:00;0.081699997
Solana;08/04/2022 13:00;0.129700005
Solana;08/04/2022 14:00;0.279300004
Solana;08/04/2022 15:00;0.487599999
Solana;08/04/2022 16:00;0.850799978
Solana;08/04/2022 17:00;1.41170001
Solana;08/04/2022 18:00;1.609300017
Solana;08/04/2022 19:00;1.283400059
Solana;08/04/2022 20:00;0.914900005
Solana;08/04/2022 21:00;0.701200008
Solana;08/04/2022 22:00;0.567700028
Solana;08/04/2022 23:00;0.450199991
Solana;09/04/2022 0:00;0.348699987
Solana;09/04/2022 1:00;0.252600014
Solana;09/04/2022 2:00;0.188500002
Solana;09/04/2022 3:00;0.145799994
Solana;09/04/2022 4:00;0.113700002
Solana;09/04/2022 5:00;0.076300003
Solana;09/04/2022 6:00;0.0122
Solana;09/04/2022 7:00;-0.0572
Solana;09/04/2022 8:00;-0.1373
Solana;09/04/2022 9:00;-0.115900002
Solana;09/04/2022 10:00;-0.0038
Solana;09/04/2022 11:00;0.0656
Solana;09/04/2022 12:00;2.234499931
Solana;09/04/2022 13:00;7.823400021
Solana;09/04/2022 14:00;12.31190014
Solana;09/04/2022 15:00;12.5156002
Solana;09/04/2022 16:00;14.75699997
Solana;09/04/2022 17:00;14.25279999
Solana;09/04/2022 18:00;12.27980042
Solana;09/04/2022 19:00;10.16870022
Solana;09/04/2022 20:00;7.405900002
Solana;09/04/2022 21:00;5.201600075
Solana;09/04/2022 22:00;3.709700108
Solana;09/04/2022 23:00;2.672699928
Solana;10/04/2022 0:00;1.865800023
Solana;10/04/2022 1:00;1.43840003
Solana;10/04/2022 2:00;1.171300054
Solana;10/04/2022 3:00;0.97359997
Solana;10/04/2022 4:00;0.829400003
Solana;10/04/2022 5:00;0.695900023
Solana;10/04/2022 6:00;0.695900023
Solana;10/04/2022 7:00;0.86680001
Solana;10/04/2022 8:00;1.123200059
Solana;10/04/2022 9:00;1.913900018
Solana;10/04/2022 10:00;2.613899946
Solana;10/04/2022 11:00;3.116300106
Solana;10/04/2022 12:00;3.581399918
Solana;10/04/2022 13:00;4.356599808
Solana;10/04/2022 14:00;4.96089983
Solana;10/04/2022 15:00;4.565199852
Solana;10/04/2022 16:00;4.319200039
Solana;10/04/2022 17:00;4.789800167
Solana;10/04/2022 18:00;4.607999802
Solana;10/04/2022 19:00;4.436800003
Solana;10/04/2022 20:00;4.255000114
Solana;10/04/2022 21:00;3.725699902
Solana;10/04/2022 22:00;3.490499973
Solana;10/04/2022 23:00;3.383599997
Solana;11/04/2022 0:00;3.196500063
Solana;11/04/2022 1:00;2.865099907
Solana;11/04/2022 2:00;2.35739994
Solana;11/04/2022 3:00;1.924600005
Solana;11/04/2022 4:00;1.630699992
Solana;11/04/2022 5:00;1.251399994
Solana;11/04/2022 6:00;1.048400044
Solana;11/04/2022 7:00;1.016299963
Solana;11/04/2022 8:00;1.048400044
Solana;11/04/2022 9:00;1.075099945
Solana;11/04/2022 10:00;1.101799965
Solana;11/04/2022 11:00;1.123200059
Solana;11/04/2022 12:00;1.246099949
Solana;11/04/2022 13:00;1.272799969
Solana;11/04/2022 14:00;1.304800034
Solana;11/04/2022 15:00;1.267400026
Solana;11/04/2022 16:00;1.208699942
Solana;11/04/2022 17:00;1.358199954
Solana;11/04/2022 18:00;1.011000037
Solana;11/04/2022 19:00;1.021700025
Solana;11/04/2022 20:00;0.749300003
Solana;11/04/2022 21:00;0.610400021
Solana;11/04/2022 22:00;0.551599979
Solana;11/04/2022 23:00;0.514299989
Solana;12/04/2022 0:00;0.492900014
Solana;12/04/2022 1:00;0.466199994
Solana;12/04/2022 2:00;0.444799989
Solana;12/04/2022 3:00;0.418099999
Solana;12/04/2022 4:00;0.391400009
Solana;12/04/2022 5:00;0.36469999
Solana;12/04/2022 6:00;0.332700014
Solana;12/04/2022 7:00;0.300599992
Solana;12/04/2022 8:00;0.289900005
Solana;12/04/2022 9:00;0.300599992
Solana;12/04/2022 10:00;0.321999997
Solana;12/04/2022 11:00;0.354000002
Solana;12/04/2022 12:00;0.391400009
Solana;12/04/2022 13:00;0.407400012
Solana;12/04/2022 14:00;0.428799987
Solana;12/04/2022 15:00;0.508899987
Solana;12/04/2022 16:00;0.770600021
Solana;12/04/2022 17:00;0.86680001
Solana;12/04/2022 18:00;0.808000028
Solana;12/04/2022 19:00;0.754599988
Solana;12/04/2022 20:00;0.669200003
Solana;12/04/2022 21:00;0.535600007
Solana;12/04/2022 22:00;0.439500004
Solana;12/04/2022 23:00;0.338
Solana;13/04/2022 0:00;0.247199997
Solana;13/04/2022 1:00;0.1831
Solana;13/04/2022 2:00;0.140400007
Solana;13/04/2022 3:00;0.108400002
Solana;13/04/2022 4:00;0.076300003
Solana;13/04/2022 5:00;0.0656
Solana;13/04/2022 6:00;0.049600001
Solana;13/04/2022 7:00;0.033599999
Solana;13/04/2022 8:00;0.049600001
Solana;13/04/2022 9:00;0.071000002
Solana;13/04/2022 10:00;0.092399999
Solana;13/04/2022 11:00;0.119099997
Solana;13/04/2022 12:00;0.167099997
Solana;13/04/2022 13:00;0.279300004
Solana;13/04/2022 14:00;0.78670001
Solana;13/04/2022 15:00;6.330299854
Solana;13/04/2022 16:00;7.748400211
Solana;13/04/2022 17:00;7.903699875
Solana;13/04/2022 18:00;9.349200249
Solana;13/04/2022 19:00;8.540699959
Solana;13/04/2022 20:00;5.822100163
Solana;13/04/2022 21:00;4.228300095
Solana;13/04/2022 22:00;2.768899918
Solana;13/04/2022 23:00;1.871099949
Solana;14/04/2022 0:00;1.208699942
Solana;14/04/2022 1:00;0.776000023
Solana;14/04/2022 2:00;0.508899987
Solana;14/04/2022 3:00;0.343400002
Solana;14/04/2022 4:00;0.199200004
Solana;14/04/2022 5:00;0.081699997
Solana;14/04/2022 6:00;0.055
Solana;14/04/2022 7:00;0.0176
Solana;14/04/2022 8:00;0.038899999
Solana;14/04/2022 9:00;0.0977
Solana;14/04/2022 10:00;0.156399995
Solana;14/04/2022 11:00;1.401000023
Solana;14/04/2022 12:00;7.058000088
Solana;14/04/2022 13:00;11.94209957
Solana;14/04/2022 14:00;14.875
Solana;14/04/2022 15:00;16.23769951
Solana;14/04/2022 16:00;15.18610001
Solana;14/04/2022 17:00;17.89629936
Solana;14/04/2022 18:00;15.68500042
Solana;14/04/2022 19:00;13.6576004
Solana;14/04/2022 20:00;10.80620003
Solana;14/04/2022 21:00;8.358699799
Solana;14/04/2022 22:00;6.865399837
Solana;14/04/2022 23:00;6.009300232
Solana;15/04/2022 0:00;5.0625
Solana;15/04/2022 1:00;4.13740015
Solana;15/04/2022 2:00;3.410300016
Solana;15/04/2022 3:00;3.030800104
Solana;15/04/2022 4:00;2.571199894
Solana;15/04/2022 5:00;2.298599958
Solana;15/04/2022 6:00;1.9727
Solana;15/04/2022 7:00;1.791000009
Solana;15/04/2022 8:00;1.833699942
Solana;15/04/2022 9:00;2.710099936
Solana;15/04/2022 10:00;5.057199955
Solana;15/04/2022 11:00;9.043999672
Solana;15/04/2022 12:00;13.63609982
Solana;15/04/2022 13:00;16.62409973
Solana;15/04/2022 14:00;15.58310032
Solana;15/04/2022 15:00;14.83199978
Solana;15/04/2022 16:00;14.88029957
Solana;15/04/2022 17:00;14.33320045
Solana;15/04/2022 18:00;12.92300034
Solana;15/04/2022 19:00;13.89350033
Solana;15/04/2022 20:00;11.89929962
Solana;15/04/2022 21:00;9.536700249
Solana;15/04/2022 22:00;8.037500381
Solana;15/04/2022 23:00;6.913499832
Solana;16/04/2022 0:00;6.025300026
Solana;16/04/2022 1:00;5.340600014
Solana;16/04/2022 2:00;4.725599766
Solana;16/04/2022 3:00;4.067900181
Solana;16/04/2022 4:00;3.854000092
Solana;16/04/2022 5:00;3.661600113
Solana;16/04/2022 6:00;3.474499941
Solana;16/04/2022 7:00;2.987999916
Solana;16/04/2022 8:00;2.811700106
Solana;16/04/2022 9:00;3.757800102
Solana;16/04/2022 10:00;6.234000206
Solana;16/04/2022 11:00;9.675900459
Solana;16/04/2022 12:00;13.71119976
Solana;16/04/2022 13:00;17.16080093
Solana;16/04/2022 14:00;20.09819984
Solana;16/04/2022 15:00;21.96829987
Solana;16/04/2022 16:00;22.71559906
Solana;16/04/2022 17:00;22.32850075
Solana;16/04/2022 18:00;20.16270065
Solana;16/04/2022 19:00;17.52050018
Solana;16/04/2022 20:00;14.23130035
Solana;16/04/2022 21:00;11.55630016
Solana;16/04/2022 22:00;9.311800003
Solana;16/04/2022 23:00;7.77519989
Solana;17/04/2022 0:00;6.587100029
Solana;17/04/2022 1:00;5.586699963
Solana;17/04/2022 2:00;4.538400173
Solana;17/04/2022 3:00;3.923500061
Solana;17/04/2022 4:00;3.527899981
Solana;17/04/2022 5:00;3.287400007
Solana;17/04/2022 6:00;3.292700052
Solana;17/04/2022 7:00;3.137700081
Solana;17/04/2022 8:00;3.228600025
Solana;17/04/2022 9:00;4.00369978
Solana;17/04/2022 10:00;6.351699829
Solana;17/04/2022 11:00;8.219499588
Solana;17/04/2022 12:00;11.3579998
Solana;17/04/2022 13:00;14.89640045
Solana;17/04/2022 14:00;18.04660034
Solana;17/04/2022 15:00;20.54949951
Solana;17/04/2022 16:00;21.12989998
Solana;17/04/2022 17:00;19.87260056
Solana;17/04/2022 18:00;17.06419945
Solana;17/04/2022 19:00;14.84280014
Solana;17/04/2022 20:00;12.2475996
Solana;17/04/2022 21:00;9.611700058
Solana;17/04/2022 22:00;7.593200207
Solana;17/04/2022 23:00;6.20720005
Solana;18/04/2022 0:00;5.255099773
Solana;18/04/2022 1:00;4.709599972
Solana;18/04/2022 2:00;4.116000175
Solana;18/04/2022 3:00;3.592099905
Solana;18/04/2022 4:00;3.458400011
Solana;18/04/2022 5:00;3.175100088
Solana;18/04/2022 6:00;2.982700109
Solana;18/04/2022 7:00;2.945300102
Solana;18/04/2022 8:00;3.052200079
Solana;18/04/2022 9:00;3.891499996
Solana;18/04/2022 10:00;6.303599834
Solana;18/04/2022 11:00;9.852700233
Solana;18/04/2022 12:00;13.70049953
Solana;18/04/2022 13:00;17.53660011
Solana;18/04/2022 14:00;16.43619919
Solana;18/04/2022 15:00;15.3362999
Solana;18/04/2022 16:00;15.57240009
Solana;18/04/2022 17:00;16.00160027
Solana;18/04/2022 18:00;12.94979954
Solana;18/04/2022 19:00;10.16329956
Solana;18/04/2022 20:00;8.069600105
Solana;18/04/2022 21:00;6.565700054
Solana;18/04/2022 22:00;5.20690012
Solana;18/04/2022 23:00;4.185500145
Solana;19/04/2022 0:00;3.388900042
Solana;19/04/2022 1:00;2.801000118
Solana;19/04/2022 2:00;2.458899975
Solana;19/04/2022 3:00;2.197099924
Solana;19/04/2022 4:00;1.978000045
Solana;19/04/2022 5:00;1.801699996
Solana;19/04/2022 6:00;1.625399947
Solana;19/04/2022 7:00;1.534500003
Solana;19/04/2022 8:00;1.54519999
Solana;19/04/2022 9:00;1.668099999
Solana;19/04/2022 10:00;1.908499956
Solana;19/04/2022 11:00;2.303999901
Solana;19/04/2022 12:00;3.54399991
Solana;19/04/2022 13:00;5.22300005
Solana;19/04/2022 14:00;5.923699856
Solana;19/04/2022 15:00;7.047299862
Solana;19/04/2022 16:00;7.545000076
Solana;19/04/2022 17:00;5.913000107
Solana;19/04/2022 18:00;4.763000011
Solana;19/04/2022 19:00;3.747100115
Solana;19/04/2022 20:00;2.811700106
Solana;19/04/2022 21:00;2.07949996
Solana;19/04/2022 22:00;1.523900032
Solana;19/04/2022 23:00;1.219300032
Solana;20/04/2022 0:00;1.021700025
Solana;20/04/2022 1:00;0.845399976
Solana;20/04/2022 2:00;0.695900023
Solana;20/04/2022 3:00;0.637099981
Solana;20/04/2022 4:00;0.567700028
Solana;20/04/2022 5:00;0.541000009
Solana;20/04/2022 6:00;0.530300021
Solana;20/04/2022 7:00;0.508899987
Solana;20/04/2022 8:00;0.508899987
Solana;20/04/2022 9:00;0.541000009
Solana;20/04/2022 10:00;0.573000014
Solana;20/04/2022 11:00;0.610400021
Solana;20/04/2022 12:00;0.653100014
Solana;20/04/2022 13:00;0.706499994
Solana;20/04/2022 14:00;0.743900001
Solana;20/04/2022 15:00;0.78670001
Solana;20/04/2022 16:00;0.877499998
Solana;20/04/2022 17:00;1.112499952
Solana;20/04/2022 18:00;1.197999954
Solana;20/04/2022 19:00;1.021700025
Solana;20/04/2022 20:00;0.743900001
Solana;20/04/2022 21:00;0.498199999
Solana;20/04/2022 22:00;0.225899994
Solana;20/04/2022 23:00;-0.164000005
Solana;21/04/2022 0:00;-0.3829
Solana;21/04/2022 1:00;-0.617799997
Solana;21/04/2022 2:00;-0.692600012
Solana;21/04/2022 3:00;-0.772700012
Solana;21/04/2022 4:00;-0.772700012
Solana;21/04/2022 5:00;-0.762000024
Solana;21/04/2022 6:00;-0.74059999
Solana;21/04/2022 7:00;-0.591099977
Solana;21/04/2022 8:00;-0.452300012
Solana;21/04/2022 9:00;-0.180000007
Solana;21/04/2022 10:00;-0.0251
Solana;21/04/2022 11:00;0.092399999
Solana;21/04/2022 12:00;0.610400021
Solana;21/04/2022 13:00;1.625399947
Solana;21/04/2022 14:00;3.886100054
Solana;21/04/2022 15:00;7.545000076
Solana;21/04/2022 16:00;10.72579956
Solana;21/04/2022 17:00;9.199299812
Solana;21/04/2022 18:00;7.036600113
Solana;21/04/2022 19:00;5.126699924
Solana;21/04/2022 20:00;3.575999975
Solana;21/04/2022 21:00;2.694099903
Solana;21/04/2022 22:00;2.047499895
Solana;21/04/2022 23:00;1.577299953
Solana;22/04/2022 0:00;1.139199972
Solana;22/04/2022 1:00;0.861400008
Solana;22/04/2022 2:00;0.679799974
Solana;22/04/2022 3:00;0.567700028
Solana;22/04/2022 4:00;0.498199999
Solana;22/04/2022 5:00;0.466199994
Solana;22/04/2022 6:00;0.455500007
Solana;22/04/2022 7:00;0.444799989
Solana;22/04/2022 8:00;0.444799989
Solana;22/04/2022 9:00;0.455500007
Solana;22/04/2022 10:00;0.471500009
Solana;22/04/2022 11:00;0.508899987
Solana;22/04/2022 12:00;0.562300026
Solana;22/04/2022 13:00;0.605099976
Solana;22/04/2022 14:00;0.658500016
Solana;22/04/2022 15:00;0.706499994
Solana;22/04/2022 16:00;0.770600021
Solana;22/04/2022 17:00;0.808000028
Solana;22/04/2022 18:00;0.856100023
Solana;22/04/2022 19:00;0.856100023
Solana;22/04/2022 20:00;0.829400003
Solana;22/04/2022 21:00;0.770600021
Solana;22/04/2022 22:00;0.727900028
Solana;22/04/2022 23:00;0.706499994
Solana;23/04/2022 0:00;0.717199981
Solana;23/04/2022 1:00;0.743900001
Solana;23/04/2022 2:00;0.765299976
Solana;23/04/2022 3:00;0.781300008
Solana;23/04/2022 4:00;0.791999996
Solana;23/04/2022 5:00;0.743900001
Solana;23/04/2022 6:00;0.690500021
Solana;23/04/2022 7:00;0.679799974
Solana;23/04/2022 8:00;0.535600007
Solana;23/04/2022 9:00;0.359400004
Solana;23/04/2022 10:00;0.295300007
Solana;23/04/2022 11:00;0.273900002
Solana;23/04/2022 12:00;0.28459999
Solana;23/04/2022 13:00;0.305999994
Solana;23/04/2022 14:00;0.305999994
Solana;23/04/2022 15:00;0.354000002
Solana;23/04/2022 16:00;0.450199991
Solana;23/04/2022 17:00;0.519599974
Solana;23/04/2022 18:00;0.519599974
Solana;23/04/2022 19:00;0.476900011
Solana;23/04/2022 20:00;0.428799987
Solana;23/04/2022 21:00;0.359400004
Solana;23/04/2022 22:00;0.300599992
Solana;23/04/2022 23:00;0.263200015
Solana;24/04/2022 0:00;0.236499995
Solana;24/04/2022 1:00;0.220500007
Solana;24/04/2022 2:00;0.209800005
Solana;24/04/2022 3:00;0.204500005
Solana;24/04/2022 4:00;0.188500002
Solana;24/04/2022 5:00;0.156399995
Solana;24/04/2022 6:00;0.113700002
Solana;24/04/2022 7:00;0.076300003
Solana;24/04/2022 8:00;0.055
Solana;24/04/2022 9:00;0.0603
Solana;24/04/2022 10:00;0.129700005
Solana;24/04/2022 11:00;0.199200004
Solana;24/04/2022 12:00;0.316599995
Solana;24/04/2022 13:00;0.78670001
Solana;24/04/2022 14:00;3.191200018
Solana;24/04/2022 15:00;5.832799911
Solana;24/04/2022 16:00;6.683400154
Solana;24/04/2022 17:00;6.817200184
Solana;24/04/2022 18:00;6.747700214
Solana;24/04/2022 19:00;5.335299969
Solana;24/04/2022 20:00;3.725699902
Solana;24/04/2022 21:00;2.496299982
Solana;24/04/2022 22:00;1.721500039
Solana;24/04/2022 23:00;1.197999954
Solana;25/04/2022 0:00;0.877499998
Solana;25/04/2022 1:00;0.674499989
Solana;25/04/2022 2:00;0.519599974
Solana;25/04/2022 3:00;0.402099997
Solana;25/04/2022 4:00;0.289900005
Solana;25/04/2022 5:00;0.1778
Solana;25/04/2022 6:00;0.076300003
Solana;25/04/2022 7:00;0.0283
Solana;25/04/2022 8:00;0.038899999
Solana;25/04/2022 9:00;0.129700005
Solana;25/04/2022 10:00;0.209800005
Solana;25/04/2022 11:00;0.695900023
Solana;25/04/2022 12:00;2.501699924
Solana;25/04/2022 13:00;6.704800129
Solana;25/04/2022 14:00;9.097599983
Solana;25/04/2022 15:00;9.627699852
Solana;25/04/2022 16:00;9.263600349
Solana;25/04/2022 17:00;7.893000126
Solana;25/04/2022 18:00;6.512199879
Solana;25/04/2022 19:00;5.538599968
Solana;25/04/2022 20:00;4.420800209
Solana;25/04/2022 21:00;3.538599968
Solana;25/04/2022 22:00;3.004100084
Solana;25/04/2022 23:00;2.704799891
Solana;26/04/2022 0:00;2.298599958
Solana;26/04/2022 1:00;1.978000045
Solana;26/04/2022 2:00;1.678799987
Solana;26/04/2022 3:00;1.470399976
Solana;26/04/2022 4:00;1.133900046
Solana;26/04/2022 5:00;0.824000001
Solana;26/04/2022 6:00;0.621100008
Solana;26/04/2022 7:00;0.711899996
Solana;26/04/2022 8:00;0.914900005
Solana;26/04/2022 9:00;2.111599922
Solana;26/04/2022 10:00;2.651299953
Solana;26/04/2022 11:00;3.421000004
Solana;26/04/2022 12:00;3.976999998
Solana;26/04/2022 13:00;4.639999866
Solana;26/04/2022 14:00;4.645400047
Solana;26/04/2022 15:00;3.950299978
Solana;26/04/2022 16:00;3.725699902
Solana;26/04/2022 17:00;3.314100027
Solana;26/04/2022 18:00;3.046799898
Solana;26/04/2022 19:00;2.710099936
Solana;26/04/2022 20:00;2.416199923
Solana;26/04/2022 21:00;1.92990005
Solana;26/04/2022 22:00;1.764299989
Solana;26/04/2022 23:00;1.721500039
Solana;27/04/2022 0:00;1.326200008
Solana;27/04/2022 1:00;1.384899974
Solana;27/04/2022 2:00;1.224699974
Solana;27/04/2022 3:00;0.968299985
Solana;27/04/2022 4:00;0.733200014
Solana;27/04/2022 5:00;0.498199999
Solana;27/04/2022 6:00;0.354000002
Solana;27/04/2022 7:00;0.263200015
Solana;27/04/2022 8:00;0.199200004
Solana;27/04/2022 9:00;0.241899997
Solana;27/04/2022 10:00;0.658500016
Solana;27/04/2022 11:00;6.014699936
Solana;27/04/2022 12:00;10.31330013
Solana;27/04/2022 13:00;10.46329975
Solana;27/04/2022 14:00;8.460399628
Solana;27/04/2022 15:00;9.659899712
Solana;27/04/2022 16:00;7.582499981
Solana;27/04/2022 17:00;8.315899849
Solana;27/04/2022 18:00;8.647800446
Solana;27/04/2022 19:00;7.256000042
Solana;27/04/2022 20:00;4.966300011
Solana;27/04/2022 21:00;3.634799957
Solana;27/04/2022 22:00;3.004100084
Solana;27/04/2022 23:00;2.437599897
Solana;28/04/2022 0:00;1.978000045
Solana;28/04/2022 1:00;1.668099999
Solana;28/04/2022 2:00;1.54519999
Solana;28/04/2022 3:00;1.507799983
Solana;28/04/2022 4:00;1.379600048
Solana;28/04/2022 5:00;1.107200027
Solana;28/04/2022 6:00;0.86680001
Solana;28/04/2022 7:00;0.727900028
Solana;28/04/2022 8:00;0.717199981
Solana;28/04/2022 9:00;0.861400008
Solana;28/04/2022 10:00;3.089600086
Solana;28/04/2022 11:00;6.137700081
Solana;28/04/2022 12:00;9.483099937
Solana;28/04/2022 13:00;11.79209995
Solana;28/04/2022 14:00;14.5156002
Solana;28/04/2022 15:00;15.26119995
Solana;28/04/2022 16:00;15.04119968
Solana;28/04/2022 17:00;16.71529961
Solana;28/04/2022 18:00;15.2343998
Solana;28/04/2022 19:00;12.54780006
Solana;28/04/2022 20:00;10.06159973
Solana;28/04/2022 21:00;7.839399815
Solana;28/04/2022 22:00;6.378499985
Solana;28/04/2022 23:00;5.212299824
Solana;29/04/2022 0:00;4.549099922
Solana;29/04/2022 1:00;3.955600023
Solana;29/04/2022 2:00;3.447700024
Solana;29/04/2022 3:00;3.020100117
Solana;29/04/2022 4:00;2.736799955
Solana;29/04/2022 5:00;2.517699957
Solana;29/04/2022 6:00;2.186399937
Solana;29/04/2022 7:00;2.197099924
Solana;29/04/2022 8:00;2.603199959
Solana;29/04/2022 9:00;3.517199993
Solana;29/04/2022 10:00;6.19119978
Solana;29/04/2022 11:00;9.793700218
Solana;29/04/2022 12:00;13.91489983
Solana;29/04/2022 13:00;17.68689919
Solana;29/04/2022 14:00;15.92650032
Solana;29/04/2022 15:00;16.65089989
Solana;29/04/2022 16:00;15.92109966
Solana;29/04/2022 17:00;15.43290043
Solana;29/04/2022 18:00;15.70110035
Solana;29/04/2022 19:00;14.42440033
Solana;29/04/2022 20:00;12.91769981
Solana;29/04/2022 21:00;11.07400036
Solana;29/04/2022 22:00;9.708100319
Solana;29/04/2022 23:00;8.610300064
Solana;30/04/2022 0:00;7.528999805
Solana;30/04/2022 1:00;6.656700134
Solana;30/04/2022 2:00;5.98789978
Solana;30/04/2022 3:00;5.468999863
Solana;30/04/2022 4:00;5.10529995
Solana;30/04/2022 5:00;4.848599911
Solana;30/04/2022 6:00;4.474299908
Solana;30/04/2022 7:00;4.20690012
Solana;30/04/2022 8:00;4.297800064
Solana;30/04/2022 9:00;4.896699905
Solana;30/04/2022 10:00;6.752999783
Solana;30/04/2022 11:00;9.258199692
Solana;30/04/2022 12:00;11.82960033
Solana;30/04/2022 13:00;14.83740044
Solana;30/04/2022 14:00;17.34869957
Solana;30/04/2022 15:00;18.91650009
Solana;30/04/2022 16:00;19.55559921
Solana;30/04/2022 17:00;20.47430038
Solana;30/04/2022 18:00;18.15399933
Solana;30/04/2022 19:00;15.76550007
Solana;30/04/2022 20:00;13.4751997
Solana;30/04/2022 21:00;10.92940044
Solana;30/04/2022 22:00;9.284999847
Solana;30/04/2022 23:00;8.048199654
Solana;01/05/2022 0:00;7.234600067
Solana;01/05/2022 1:00;6.571100235
Solana;01/05/2022 2:00;5.950500011
Solana;01/05/2022 3:00;5.319200039
Solana;01/05/2022 4:00;4.795100212
Solana;01/05/2022 5:00;4.554500103
Solana;01/05/2022 6:00;4.345900059
Solana;01/05/2022 7:00;4.025100231
Solana;01/05/2022 8:00;4.372700214
Solana;01/05/2022 9:00;5.559899807
Solana;01/05/2022 10:00;7.946499825
Solana;01/05/2022 11:00;11.1704998
Solana;01/05/2022 12:00;14.80519962
Solana;01/05/2022 13:00;15.89430046
Solana;01/05/2022 14:00;16.28059959
Solana;01/05/2022 15:00;16.33429909
Solana;01/05/2022 16:00;17.77809906
Solana;01/05/2022 17:00;16.4416008
Solana;01/05/2022 18:00;14.95009995
Solana;01/05/2022 19:00;12.30119991
Solana;01/05/2022 20:00;10.36149979
Solana;01/05/2022 21:00;8.63710022
Solana;01/05/2022 22:00;7.582499981
Solana;01/05/2022 23:00;6.255400181
Solana;02/05/2022 0:00;5.22300005
Solana;02/05/2022 1:00;4.720300198
Solana;02/05/2022 2:00;4.351299763
Solana;02/05/2022 3:00;4.00909996
Solana;02/05/2022 4:00;3.928900003
Solana;02/05/2022 5:00;3.581399918
Solana;02/05/2022 6:00;2.907900095
Solana;02/05/2022 7:00;2.490999937
Solana;02/05/2022 8:00;2.688699961
Solana;02/05/2022 9:00;4.05189991
Solana;02/05/2022 10:00;7.004499912
Solana;02/05/2022 11:00;11.80280018
Solana;02/05/2022 12:00;16.35040092
Solana;02/05/2022 13:00;17.84790039
Solana;02/05/2022 14:00;17.67079926
Solana;02/05/2022 15:00;17.3647995
Solana;02/05/2022 16:00;17.44529915
Solana;02/05/2022 17:00;15.35779953
Solana;02/05/2022 18:00;13.34119987
Solana;02/05/2022 19:00;11.33119965
Solana;02/05/2022 20:00;9.633099556
Solana;02/05/2022 21:00;8.053500175
Solana;02/05/2022 22:00;6.843999863
Solana;02/05/2022 23:00;5.672299862
Solana;03/05/2022 0:00;4.565199852
Solana;03/05/2022 1:00;3.76850009
Solana;03/05/2022 2:00;3.319400072
Solana;03/05/2022 3:00;3.23390007
Solana;03/05/2022 4:00;2.934600115
Solana;03/05/2022 5:00;2.795599937
Solana;03/05/2022 6:00;2.73149991
Solana;03/05/2022 7:00;2.715500116
Solana;03/05/2022 8:00;3.094899893
Solana;03/05/2022 9:00;3.982300043
Solana;03/05/2022 10:00;6.08949995
Solana;03/05/2022 11:00;8.278400421
Solana;03/05/2022 12:00;11.82960033
Solana;03/05/2022 13:00;15.82989979
Solana;03/05/2022 14:00;16.43090057
Solana;03/05/2022 15:00;16.04450035
Solana;03/05/2022 16:00;16.0177002
Solana;03/05/2022 17:00;14.46730042
Solana;03/05/2022 18:00;12.94979954
Solana;03/05/2022 19:00;11.20800018
Solana;03/05/2022 20:00;9.451000214
Solana;03/05/2022 21:00;7.86619997
Solana;03/05/2022 22:00;6.635300159
Solana;03/05/2022 23:00;5.891600132
Solana;04/05/2022 0:00;4.859300137
Solana;04/05/2022 1:00;4.00909996
Solana;04/05/2022 2:00;3.351500034
Solana;04/05/2022 3:00;2.801000118
Solana;04/05/2022 4:00;2.325299978
Solana;04/05/2022 5:00;1.924600005
Solana;04/05/2022 6:00;1.646700025
Solana;04/05/2022 7:00;1.497099996
Solana;04/05/2022 8:00;1.593299985
Solana;04/05/2022 9:00;2.913199902
Solana;04/05/2022 10:00;6.025300026
Solana;04/05/2022 11:00;9.831199646
Solana;04/05/2022 12:00;14.24740028
Solana;04/05/2022 13:00;16.95680046
Solana;04/05/2022 14:00;17.30039978
Solana;04/05/2022 15:00;18.11639977
Solana;04/05/2022 16:00;16.90850067
Solana;04/05/2022 17:00;16.72610092
Solana;04/05/2022 18:00;18.56209946
Solana;04/05/2022 19:00;16.1196003
Solana;04/05/2022 20:00;13.41090012
Solana;04/05/2022 21:00;11.07400036
Solana;04/05/2022 22:00;9.418899536
Solana;04/05/2022 23:00;8.032099724
Solana;05/05/2022 0:00;7.058000088
Solana;05/05/2022 1:00;6.025300026
Solana;05/05/2022 2:00;5.00369978
Solana;05/05/2022 3:00;4.13740015
Solana;05/05/2022 4:00;3.479799986
Solana;05/05/2022 5:00;3.020100117
Solana;05/05/2022 6:00;2.704799891
Solana;05/05/2022 7:00;2.298599958
Solana;05/05/2022 8:00;2.325299978
Solana;05/05/2022 9:00;3.683000088
Solana;05/05/2022 10:00;6.59250021
Solana;05/05/2022 11:00;10.44190025
Solana;05/05/2022 12:00;14.63360023
Solana;05/05/2022 13:00;18.57819939
Solana;05/05/2022 14:00;21.88229942
Solana;05/05/2022 15:00;24.43650055
Solana;05/05/2022 16:00;25.43180084
Solana;05/05/2022 17:00;25.25959969
Solana;05/05/2022 18:00;24.1406002
Solana;05/05/2022 19:00;20.85040092
Solana;05/05/2022 20:00;17.34869957
Solana;05/05/2022 21:00;13.99540043
Solana;05/05/2022 22:00;11.39019966
Solana;05/05/2022 23:00;9.906200409
Solana;06/05/2022 0:00;9.070799828
Solana;06/05/2022 1:00;7.90899992
Solana;06/05/2022 2:00;6.924200058
Solana;06/05/2022 3:00;6.068099976
Solana;06/05/2022 4:00;5.094600201
Solana;06/05/2022 5:00;4.420800209
Solana;06/05/2022 6:00;3.581399918
Solana;06/05/2022 7:00;3.23390007
Solana;06/05/2022 8:00;3.629499912
Solana;06/05/2022 9:00;5.399499893
Solana;06/05/2022 10:00;8.56210041
Solana;06/05/2022 11:00;12.26910019
Solana;06/05/2022 12:00;16.51140022
Solana;06/05/2022 13:00;20.58709908
Solana;06/05/2022 14:00;24.05459976
Solana;06/05/2022 15:00;26.17980003
Solana;06/05/2022 16:00;26.79879951
Solana;06/05/2022 17:00;26.26600075
Solana;06/05/2022 18:00;24.35580063
Solana;06/05/2022 19:00;21.96290016
Solana;06/05/2022 20:00;18.23450089
Solana;06/05/2022 21:00;14.73009968
Solana;06/05/2022 22:00;12.37090015
Solana;06/05/2022 23:00;10.62940025
Solana;07/05/2022 0:00;8.824500084
Solana;07/05/2022 1:00;7.8822999
Solana;07/05/2022 2:00;6.961699963
Solana;07/05/2022 3:00;6.22329998
Solana;07/05/2022 4:00;5.779300213
Solana;07/05/2022 5:00;5.356699944
Solana;07/05/2022 6:00;4.848599911
Solana;07/05/2022 7:00;4.704199791
Solana;07/05/2022 8:00;5.190899849
Solana;07/05/2022 9:00;6.999199867
Solana;07/05/2022 10:00;10.18470001
Solana;07/05/2022 11:00;13.9041996
Solana;07/05/2022 12:00;18.3579998
Solana;07/05/2022 13:00;22.64570045
Solana;07/05/2022 14:00;25.62010002
Solana;07/05/2022 15:00;27.49869919
Solana;07/05/2022 16:00;28.25259972
Solana;07/05/2022 17:00;27.80019951
Solana;07/05/2022 18:00;25.92690086
Solana;07/05/2022 19:00;23.26939964
Solana;07/05/2022 20:00;19.59860039
Solana;07/05/2022 21:00;16.10350037
Solana;07/05/2022 22:00;13.86130047
Solana;07/05/2022 23:00;12.07610035
Solana;08/05/2022 0:00;10.81690025
Solana;08/05/2022 1:00;9.558099747
Solana;08/05/2022 2:00;8.770899773
Solana;08/05/2022 3:00;8.294400215
Solana;08/05/2022 4:00;7.753799915
Solana;08/05/2022 5:00;7.218599796
Solana;08/05/2022 6:00;6.897500038
Solana;08/05/2022 7:00;6.726200104
Solana;08/05/2022 8:00;6.774400234
Solana;08/05/2022 9:00;8.321200371
Solana;08/05/2022 10:00;10.55970001
Solana;08/05/2022 11:00;14.26889992
Solana;08/05/2022 12:00;18.27750015
Solana;08/05/2022 13:00;23.06509972
Solana;08/05/2022 14:00;26.51889992
Solana;08/05/2022 15:00;29.15740013
Solana;08/05/2022 16:00;30.18110085
Solana;08/05/2022 17:00;29.83620071
Solana;08/05/2022 18:00;28.07489967
Solana;08/05/2022 19:00;24.2159996
Solana;08/05/2022 20:00;20.11429977
Solana;08/05/2022 21:00;16.88170052
Solana;08/05/2022 22:00;14.53170013
Solana;08/05/2022 23:00;13.00879955
Solana;09/05/2022 0:00;12.06000042
Solana;09/05/2022 1:00;10.87040043
Solana;09/05/2022 2:00;9.997300148
Solana;09/05/2022 3:00;9.263600349
Solana;09/05/2022 4:00;8.696000099
Solana;09/05/2022 5:00;8.230199814
Solana;09/05/2022 6:00;7.764500141
Solana;09/05/2022 7:00;7.598599911
Solana;09/05/2022 8:00;7.81799984
Solana;09/05/2022 9:00;8.872699738
Solana;09/05/2022 10:00;11.71710014
Solana;09/05/2022 11:00;15.21290016
Solana;09/05/2022 12:00;19.94779968
Solana;09/05/2022 13:00;24.94759941
Solana;09/05/2022 14:00;28.83959961
Solana;09/05/2022 15:00;31.00559998
Solana;09/05/2022 16:00;32.06219864
Solana;09/05/2022 17:00;29.60460091
Solana;09/05/2022 18:00;28.78039932
Solana;09/05/2022 19:00;25.42110062
Solana;09/05/2022 20:00;21.47920036
Solana;09/05/2022 21:00;17.90159988
Solana;09/05/2022 22:00;15.57769966
Solana;09/05/2022 23:00;13.75940037
Solana;10/05/2022 0:00;12.76760006
Solana;10/05/2022 1:00;12.17259979
Solana;10/05/2022 2:00;11.41160011
Solana;10/05/2022 3:00;10.66689968
Solana;10/05/2022 4:00;9.847299576
Solana;10/05/2022 5:00;9.268899918
Solana;10/05/2022 6:00;8.840499878
Solana;10/05/2022 7:00;8.599599838
Solana;10/05/2022 8:00;8.81910038
Solana;10/05/2022 9:00;10.58119965
Solana;10/05/2022 10:00;13.52350044
Solana;10/05/2022 11:00;17.54730034
Solana;10/05/2022 12:00;21.6833992
Solana;10/05/2022 13:00;25.78700066
Solana;10/05/2022 14:00;29.08740044
Solana;10/05/2022 15:00;30.01939964
Solana;10/05/2022 16:00;30.73609924
Solana;10/05/2022 17:00;30.56909943
Solana;10/05/2022 18:00;27.77869987
Solana;10/05/2022 19:00;24.95829964
Solana;10/05/2022 20:00;21.49530029
Solana;10/05/2022 21:00;18.30970001
Solana;10/05/2022 22:00;15.91040039
Solana;10/05/2022 23:00;14.25819969
Solana;11/05/2022 0:00;13.27690029
Solana;11/05/2022 1:00;12.31190014
Solana;11/05/2022 2:00;11.4758997
Solana;11/05/2022 3:00;10.90260029
Solana;11/05/2022 4:00;10.22220039
Solana;11/05/2022 5:00;9.616999626
Solana;11/05/2022 6:00;9.220700264
Solana;11/05/2022 7:00;9.119000435
Solana;11/05/2022 8:00;9.434900284
Solana;11/05/2022 9:00;10.6239996
Solana;11/05/2022 10:00;13.94180012
Solana;11/05/2022 11:00;17.48290062
Solana;11/05/2022 12:00;20.64620018
Solana;11/05/2022 13:00;24.32349968
Solana;11/05/2022 14:00;27.11639977
Solana;11/05/2022 15:00;27.2887001
Solana;11/05/2022 16:00;29.96559906
Solana;11/05/2022 17:00;29.64769936
Solana;11/05/2022 18:00;27.70870018
Solana;11/05/2022 19:00;24.61400032
Solana;11/05/2022 20:00;21.10840034
Solana;11/05/2022 21:00;17.61709976
Solana;11/05/2022 22:00;15.36849976
Solana;11/05/2022 23:00;13.75940037
Solana;12/05/2022 0:00;12.66040039
Solana;12/05/2022 1:00;11.78139973
Solana;12/05/2022 2:00;11.22410011
Solana;12/05/2022 3:00;10.72039986
Solana;12/05/2022 4:00;10.12580013
Solana;12/05/2022 5:00;9.831199646
Solana;12/05/2022 6:00;9.515299797
Solana;12/05/2022 7:00;9.611700058
Solana;12/05/2022 8:00;10.57040024
Solana;12/05/2022 9:00;11.51340008
Solana;12/05/2022 10:00;12.54780006
Solana;12/05/2022 11:00;14.44589996
Solana;12/05/2022 12:00;15.73330021
Solana;12/05/2022 13:00;16.38260078
Solana;12/05/2022 14:00;18.91650009
Solana;12/05/2022 15:00;18.79299927
Solana;12/05/2022 16:00;19.66839981
Solana;12/05/2022 17:00;18.12709999
Solana;12/05/2022 18:00;17.62249947
Solana;12/05/2022 19:00;16.79579926
Solana;12/05/2022 20:00;15.13239956
Solana;12/05/2022 21:00;13.33049965
Solana;12/05/2022 22:00;12.04930019
Solana;12/05/2022 23:00;11.06869984
Solana;13/05/2022 0:00;10.54899979
Solana;13/05/2022 1:00;10.00800037
Solana;13/05/2022 2:00;9.268899918
Solana;13/05/2022 3:00;8.872699738
Solana;13/05/2022 4:00;8.38010025
Solana;13/05/2022 5:00;7.903699875
Solana;13/05/2022 6:00;7.678899765
Solana;13/05/2022 7:00;7.769800186
Solana;13/05/2022 8:00;8.171299934
Solana;13/05/2022 9:00;9.526000023
Solana;13/05/2022 10:00;12.25839996
Solana;13/05/2022 11:00;16.05520058
Solana;13/05/2022 12:00;18.43860054
Solana;13/05/2022 13:00;20.37759972
Solana;13/05/2022 14:00;24.12450027
Solana;13/05/2022 15:00;26.60499954
Solana;13/05/2022 16:00;27.99950027
Solana;13/05/2022 17:00;24.99060059
Solana;13/05/2022 18:00;22.06509972
Solana;13/05/2022 19:00;19.97999954
Solana;13/05/2022 20:00;17.44529915
Solana;13/05/2022 21:00;15.17539978
Solana;13/05/2022 22:00;13.71650028
Solana;13/05/2022 23:00;12.7354002
Solana;14/05/2022 0:00;12.00109959
Solana;14/05/2022 1:00;11.37950039
Solana;14/05/2022 2:00;10.91870022
Solana;14/05/2022 3:00;10.44719982
Solana;14/05/2022 4:00;10.09899998
Solana;14/05/2022 5:00;9.729499817
Solana;14/05/2022 6:00;9.504500389
Solana;14/05/2022 7:00;9.451000214
Solana;14/05/2022 8:00;9.949099541
Solana;14/05/2022 9:00;11.30980015
Solana;14/05/2022 10:00;13.76480007
Solana;14/05/2022 11:00;15.81379986
Solana;14/05/2022 12:00;15.73869991
Solana;14/05/2022 13:00;15.2343998
Solana;14/05/2022 14:00;14.02219963
Solana;14/05/2022 15:00;14.62819958
Solana;14/05/2022 16:00;15.73869991
Solana;14/05/2022 17:00;15.28800011
Solana;14/05/2022 18:00;15.27729988
Solana;14/05/2022 19:00;14.61209965
Solana;14/05/2022 20:00;13.44839954
Solana;14/05/2022 21:00;12.02250004
Solana;14/05/2022 22:00;10.20619965
Solana;14/05/2022 23:00;8.770899773
Solana;15/05/2022 0:00;7.539700031
Solana;15/05/2022 1:00;7.753799915
Solana;15/05/2022 2:00;7.561100006
Solana;15/05/2022 3:00;7.218599796
Solana;15/05/2022 4:00;7.170400143
Solana;15/05/2022 5:00;7.486199856
Solana;15/05/2022 6:00;7.630700111
Solana;15/05/2022 7:00;7.737699986
Solana;15/05/2022 8:00;8.037500381
Solana;15/05/2022 9:00;8.139200211
Solana;15/05/2022 10:00;8.112400055
Solana;15/05/2022 11:00;8.786999702
Solana;15/05/2022 12:00;9.932999611
Solana;15/05/2022 13:00;9.633099556
Solana;15/05/2022 14:00;10.59189987
Solana;15/05/2022 15:00;10.74720001
Solana;15/05/2022 16:00;11.72239971
Solana;15/05/2022 17:00;11.12759972
Solana;15/05/2022 18:00;9.616999626
Solana;15/05/2022 19:00;9.284999847
Solana;15/05/2022 20:00;8.358699799
Solana;15/05/2022 21:00;7.743100166
Solana;15/05/2022 22:00;7.025899887
Solana;15/05/2022 23:00;6.506899834
Solana;16/05/2022 0:00;5.939799786
Solana;16/05/2022 1:00;5.522500038
Solana;16/05/2022 2:00;5.20690012
Solana;16/05/2022 3:00;5.13740015
Solana;16/05/2022 4:00;4.966300011
Solana;16/05/2022 5:00;5.126699924
Solana;16/05/2022 6:00;5.03579998
Solana;16/05/2022 7:00;5.089300156
Solana;16/05/2022 8:00;5.656199932
Solana;16/05/2022 9:00;6.426599979
Solana;16/05/2022 10:00;7.207900047
Solana;16/05/2022 11:00;8.080300331
Solana;16/05/2022 12:00;9.038700104
Solana;16/05/2022 13:00;9.997300148
Solana;16/05/2022 14:00;11.07400036
Solana;16/05/2022 15:00;11.27229977
Solana;16/05/2022 16:00;11.41699982
Solana;16/05/2022 17:00;11.59379959
Solana;16/05/2022 18:00;11.20800018
Solana;16/05/2022 19:00;11.40620041
Solana;16/05/2022 20:00;10.15260029
Solana;16/05/2022 21:00;9.381400108
Solana;16/05/2022 22:00;8.647800446
Solana;16/05/2022 23:00;8.117799759
Solana;17/05/2022 0:00;7.475500107
Solana;17/05/2022 1:00;6.827899933
Solana;17/05/2022 2:00;6.485499859
Solana;17/05/2022 3:00;6.201900005
Solana;17/05/2022 4:00;6.164400101
Solana;17/05/2022 5:00;5.741799831
Solana;17/05/2022 6:00;5.420899868
Solana;17/05/2022 7:00;5.378099918
Solana;17/05/2022 8:00;6.196499825
Solana;17/05/2022 9:00;7.213200092
Solana;17/05/2022 10:00;7.930399895
Solana;17/05/2022 11:00;9.022600174
Solana;17/05/2022 12:00;10.30259991
Solana;17/05/2022 13:00;11.72780037
Solana;17/05/2022 14:00;13.4751997
Solana;17/05/2022 15:00;14.26889992
Solana;17/05/2022 16:00;14.75160027
Solana;17/05/2022 17:00;14.3118
Solana;17/05/2022 18:00;13.56099987
Solana;17/05/2022 19:00;12.48349953
Solana;17/05/2022 20:00;11.77600002
Solana;17/05/2022 21:00;10.15799999
Solana;17/05/2022 22:00;9.022600174
Solana;17/05/2022 23:00;8.310500145
Solana;18/05/2022 0:00;7.85010004
Solana;18/05/2022 1:00;7.464799881
Solana;18/05/2022 2:00;7.314899921
Solana;18/05/2022 3:00;7.518300056
Solana;18/05/2022 4:00;7.748400211
Solana;18/05/2022 5:00;7.887599945
Solana;18/05/2022 6:00;7.893000126
Solana;18/05/2022 7:00;7.860799789
Solana;18/05/2022 8:00;8.064299583
Solana;18/05/2022 9:00;8.968999863
Solana;18/05/2022 10:00;10.2276001
Solana;18/05/2022 11:00;12.11359978
Solana;18/05/2022 12:00;13.48060036
Solana;18/05/2022 13:00;14.47799969
Solana;18/05/2022 14:00;14.44050026
Solana;18/05/2022 15:00;14.67109966
Solana;18/05/2022 16:00;15.17000008
Solana;18/05/2022 17:00;14.4137001
Solana;18/05/2022 18:00;14.30109978
Solana;18/05/2022 19:00;13.53960037
Solana;18/05/2022 20:00;12.59070015
Solana;18/05/2022 21:00;10.9776001
Solana;18/05/2022 22:00;9.932999611
Solana;18/05/2022 23:00;9.236800194
Solana;19/05/2022 0:00;8.604999542
Solana;19/05/2022 1:00;8.149900436
Solana;19/05/2022 2:00;7.796599865
Solana;19/05/2022 3:00;7.475500107
Solana;19/05/2022 4:00;7.213200092
Solana;19/05/2022 5:00;6.977799892
Solana;19/05/2022 6:00;6.811900139
Solana;19/05/2022 7:00;6.929599762
Solana;19/05/2022 8:00;7.577199936
Solana;19/05/2022 9:00;8.797699928
Solana;19/05/2022 10:00;10.59720039
Solana;19/05/2022 11:00;12.70320034
Solana;19/05/2022 12:00;15.22900009
Solana;19/05/2022 13:00;16.84410095
Solana;19/05/2022 14:00;18.79299927
Solana;19/05/2022 15:00;19.2064991
Solana;19/05/2022 16:00;20.07670021
Solana;19/05/2022 17:00;20.42060089
Solana;19/05/2022 18:00;19.84029961
Solana;19/05/2022 19:00;17.55800056
Solana;19/05/2022 20:00;15.60449982
Solana;19/05/2022 21:00;13.55029964
Solana;19/05/2022 22:00;12.33339977
Solana;19/05/2022 23:00;11.67949963
Solana;20/05/2022 0:00;11.17580032
Solana;20/05/2022 1:00;10.76329994
Solana;20/05/2022 2:00;10.42039967
Solana;20/05/2022 3:00;10.13650036
Solana;20/05/2022 4:00;9.916899681
Solana;20/05/2022 5:00;9.627699852
Solana;20/05/2022 6:00;9.199299812
Solana;20/05/2022 7:00;9.043999672
Solana;20/05/2022 8:00;9.242099762
Solana;20/05/2022 9:00;10.40970039
Solana;20/05/2022 10:00;11.75459957
Solana;20/05/2022 11:00;14.27420044
Solana;20/05/2022 12:00;17.00510025
Solana;20/05/2022 13:00;20.17340088
Solana;20/05/2022 14:00;23.02199936
Solana;20/05/2022 15:00;26.26600075
Solana;20/05/2022 16:00;27.27260017
Solana;20/05/2022 17:00;27.34799957
Solana;20/05/2022 18:00;26.17449951
Solana;20/05/2022 19:00;24.05999947
Solana;20/05/2022 20:00;21.02770042
Solana;20/05/2022 21:00;18.1378994
Solana;20/05/2022 22:00;16.32360077
Solana;20/05/2022 23:00;15.0788002
Solana;21/05/2022 0:00;14.19379997
Solana;21/05/2022 1:00;13.62539959
Solana;21/05/2022 2:00;13.31980038
Solana;21/05/2022 3:00;12.90159988
Solana;21/05/2022 4:00;12.50489998
Solana;21/05/2022 5:00;12.14579964
Solana;21/05/2022 6:00;11.89389992
Solana;21/05/2022 7:00;12.04399967
Solana;21/05/2022 8:00;12.64430046
Solana;21/05/2022 9:00;13.79160023
Solana;21/05/2022 10:00;15.80840015
Solana;21/05/2022 11:00;17.7996006
Solana;21/05/2022 12:00;19.74360085
Solana;21/05/2022 13:00;19.44280052
Solana;21/05/2022 14:00;19.52879906
Solana;21/05/2022 15:00;20.8397007
Solana;21/05/2022 16:00;21.97369957
Solana;21/05/2022 17:00;21.46839905
Solana;21/05/2022 18:00;20.10890007
Solana;21/05/2022 19:00;18.42779922
Solana;21/05/2022 20:00;17.13929939
Solana;21/05/2022 21:00;15.91040039
Solana;21/05/2022 22:00;14.63360023
Solana;21/05/2022 23:00;13.18039989
Solana;22/05/2022 0:00;12.10289955
Solana;22/05/2022 1:00;11.31519985
Solana;22/05/2022 2:00;10.67759991
Solana;22/05/2022 3:00;10.39900017
Solana;22/05/2022 4:00;10.20079994
Solana;22/05/2022 5:00;9.927599907
Solana;22/05/2022 6:00;9.734800339
Solana;22/05/2022 7:00;9.922300339
Solana;22/05/2022 8:00;10.2489996
Solana;22/05/2022 9:00;10.07229996
Solana;22/05/2022 10:00;12.10830021
Solana;22/05/2022 11:00;13.89350033
Solana;22/05/2022 12:00;16.49530029
Solana;22/05/2022 13:00;20.04990005
Solana;22/05/2022 14:00;22.14030075
Solana;22/05/2022 15:00;19.50189972
Solana;22/05/2022 16:00;14.07579994
Solana;22/05/2022 17:00;12.59599972
Solana;22/05/2022 18:00;12.10830021
Solana;22/05/2022 19:00;10.8597002
Solana;22/05/2022 20:00;10.26509953
Solana;22/05/2022 21:00;9.777700424
Solana;22/05/2022 22:00;9.526000023
Solana;22/05/2022 23:00;9.199299812
Solana;23/05/2022 0:00;8.878000259
Solana;23/05/2022 1:00;8.626399994
Solana;23/05/2022 2:00;8.471099854
Solana;23/05/2022 3:00;8.214099884
Solana;23/05/2022 4:00;7.914400101
Solana;23/05/2022 5:00;7.555699825
Solana;23/05/2022 6:00;6.967000008
Solana;23/05/2022 7:00;6.747700214
Solana;23/05/2022 8:00;6.827899933
Solana;23/05/2022 9:00;7.041999817
Solana;23/05/2022 10:00;8.133799553
Solana;23/05/2022 11:00;9.954400063
Solana;23/05/2022 12:00;10.38829994
Solana;23/05/2022 13:00;11.88850021
Solana;23/05/2022 14:00;12.54240036
Solana;23/05/2022 15:00;12.15120029
Solana;23/05/2022 16:00;11.13300037
Solana;23/05/2022 17:00;9.895500183
Solana;23/05/2022 18:00;9.01720047
Solana;23/05/2022 19:00;7.8822999
Solana;23/05/2022 20:00;7.304200172
Solana;23/05/2022 21:00;6.303599834
Solana;23/05/2022 22:00;6.078800201
Solana;23/05/2022 23:00;5.950500011
Solana;24/05/2022 0:00;5.538599968
Solana;24/05/2022 1:00;5.126699924
Solana;24/05/2022 2:00;4.490300179
Solana;24/05/2022 3:00;3.6401999
Solana;24/05/2022 4:00;3.052200079
Solana;24/05/2022 5:00;2.42689991
Solana;24/05/2022 6:00;2.05279994
Solana;24/05/2022 7:00;2.004699945
Solana;24/05/2022 8:00;1.993999958
Solana;24/05/2022 9:00;2.10619998
Solana;24/05/2022 10:00;2.378799915
Solana;24/05/2022 11:00;3.137700081
Solana;24/05/2022 12:00;4.837900162
Solana;24/05/2022 13:00;7.561100006
Solana;24/05/2022 14:00;9.226099968
Solana;24/05/2022 15:00;8.449700356
Solana;24/05/2022 16:00;8.208800316
Solana;24/05/2022 17:00;8.583499908
Solana;24/05/2022 18:00;7.609300137
Solana;24/05/2022 19:00;6.539000034
Solana;24/05/2022 20:00;5.736499786
Solana;24/05/2022 21:00;4.853899956
Solana;24/05/2022 22:00;4.372700214
Solana;24/05/2022 23:00;3.987699986
Solana;25/05/2022 0:00;3.613500118
Solana;25/05/2022 1:00;3.362200022
Solana;25/05/2022 2:00;3.127000093
Solana;25/05/2022 3:00;2.913199902
Solana;25/05/2022 4:00;2.790299892
Solana;25/05/2022 5:00;2.688699961
Solana;25/05/2022 6:00;2.630000114
Solana;25/05/2022 7:00;2.645999908
Solana;25/05/2022 8:00;2.832999945
Solana;25/05/2022 9:00;4.041200161
Solana;25/05/2022 10:00;6.030700207
Solana;25/05/2022 11:00;8.556799889
Solana;25/05/2022 12:00;12.59599972
Solana;25/05/2022 13:00;16.28059959
Solana;25/05/2022 14:00;19.14209938
Solana;25/05/2022 15:00;21.05459976
Solana;25/05/2022 16:00;21.45770073
Solana;25/05/2022 17:00;22.00060081
Solana;25/05/2022 18:00;21.09219933
Solana;25/05/2022 19:00;18.34729958
Solana;25/05/2022 20:00;15.45429993
Solana;25/05/2022 21:00;12.8373003
Solana;25/05/2022 22:00;10.90799999
Solana;25/05/2022 23:00;9.745499611
Solana;26/05/2022 0:00;8.851200104
Solana;26/05/2022 1:00;8.149900436
Solana;26/05/2022 2:00;7.566500187
Solana;26/05/2022 3:00;7.213200092
Solana;26/05/2022 4:00;6.913499832
Solana;26/05/2022 5:00;6.694099903
Solana;26/05/2022 6:00;6.47480011
Solana;26/05/2022 7:00;6.442699909
Solana;26/05/2022 8:00;6.769100189
Solana;26/05/2022 9:00;8.417599678
Solana;26/05/2022 10:00;11.51340008
Solana;26/05/2022 11:00;15.29339981
Solana;26/05/2022 12:00;19.34620094
Solana;26/05/2022 13:00;23.0435009
Solana;26/05/2022 14:00;26.58889961
Solana;26/05/2022 15:00;29.0659008
Solana;26/05/2022 16:00;29.57229996
Solana;26/05/2022 17:00;29.33519936
Solana;26/05/2022 18:00;27.20260048
Solana;26/05/2022 19:00;24.64089966
Solana;26/05/2022 20:00;21.1996994
Solana;26/05/2022 21:00;17.46139908
Solana;26/05/2022 22:00;14.90709972
Solana;26/05/2022 23:00;13.02490044
Solana;27/05/2022 0:00;11.56159973
Solana;27/05/2022 1:00;10.62940025
Solana;27/05/2022 2:00;9.627699852
Solana;27/05/2022 3:00;8.915499687
Solana;27/05/2022 4:00;8.471099854
Solana;27/05/2022 5:00;8.005399704
Solana;27/05/2022 6:00;7.764500141
Solana;27/05/2022 7:00;7.753799915
Solana;27/05/2022 8:00;8.401499748
Solana;27/05/2022 9:00;10.50619984
Solana;27/05/2022 10:00;13.73260021
Solana;27/05/2022 11:00;17.77280045
Solana;27/05/2022 12:00;22.39839935
Solana;27/05/2022 13:00;26.34670067
Solana;27/05/2022 14:00;29.73390007
Solana;27/05/2022 15:00;32.12689972
Solana;27/05/2022 16:00;33.46429825
Solana;27/05/2022 17:00;32.84400177
Solana;27/05/2022 18:00;30.97330093
Solana;27/05/2022 19:00;27.60099983
Solana;27/05/2022 20:00;23.60820007
Solana;27/05/2022 21:00;19.35689926
Solana;27/05/2022 22:00;16.58650017
Solana;27/05/2022 23:00;14.42980003
Solana;28/05/2022 0:00;12.98200035
Solana;28/05/2022 1:00;12.00640011
Solana;28/05/2022 2:00;11.03120041
Solana;28/05/2022 3:00;10.38290024
Solana;28/05/2022 4:00;9.724100113
Solana;28/05/2022 5:00;9.306400299
Solana;28/05/2022 6:00;8.926199913
Solana;28/05/2022 7:00;8.781599998
Solana;28/05/2022 8:00;9.386699677
Solana;28/05/2022 9:00;11.24009991
Solana;28/05/2022 10:00;14.18840027
Solana;28/05/2022 11:00;18.42779922
Solana;28/05/2022 12:00;23.55439949
Solana;28/05/2022 13:00;27.0034008
Solana;28/05/2022 14:00;30.39660072
Solana;28/05/2022 15:00;32.38029861
Solana;28/05/2022 16:00;33.14070129
Solana;28/05/2022 17:00;29.04430008
Solana;28/05/2022 18:00;30.08410072
Solana;28/05/2022 19:00;27.04109955
Solana;28/05/2022 20:00;23.33930016
Solana;28/05/2022 21:00;19.40519905
Solana;28/05/2022 22:00;16.94070053
Solana;28/05/2022 23:00;15.41139984
Solana;29/05/2022 0:00;14.06509972
Solana;29/05/2022 1:00;12.93910027
Solana;29/05/2022 2:00;12.10830021
Solana;29/05/2022 3:00;11.58310032
Solana;29/05/2022 4:00;11.13829994
Solana;29/05/2022 5:00;10.6026001
Solana;29/05/2022 6:00;10.07759953
Solana;29/05/2022 7:00;9.890199661
Solana;29/05/2022 8:00;10.57040024
Solana;29/05/2022 9:00;12.78899956
Solana;29/05/2022 10:00;15.91040039
Solana;29/05/2022 11:00;19.80809975
Solana;29/05/2022 12:00;23.73189926
Solana;29/05/2022 13:00;27.45019913
Solana;29/05/2022 14:00;29.9817009
Solana;29/05/2022 15:00;31.97590065
Solana;29/05/2022 16:00;24.67860031
Solana;29/05/2022 17:00;18.36870003
Solana;29/05/2022 18:00;15.98009968
Solana;29/05/2022 19:00;15.04660034
Solana;29/05/2022 20:00;13.98999977
Solana;29/05/2022 21:00;12.96590042
Solana;29/05/2022 22:00;11.99040031
Solana;29/05/2022 23:00;11.49730015
Solana;30/05/2022 0:00;11.05259991
Solana;30/05/2022 1:00;10.51150036
Solana;30/05/2022 2:00;9.922300339
Solana;30/05/2022 3:00;9.274299622
Solana;30/05/2022 4:00;8.878000259
Solana;30/05/2022 5:00;8.471099854
Solana;30/05/2022 6:00;8.15530014
Solana;30/05/2022 7:00;8.219499588
Solana;30/05/2022 8:00;8.899399757
Solana;30/05/2022 9:00;10.53829956
Solana;30/05/2022 10:00;13.20720005
Solana;30/05/2022 11:00;15.22360039
Solana;30/05/2022 12:00;17.62779999
Solana;30/05/2022 13:00;21.17280006
Solana;30/05/2022 14:00;23.14570045
Solana;30/05/2022 15:00;21.48460007
Solana;30/05/2022 16:00;20.82349968
Solana;30/05/2022 17:00;18.66950035
Solana;30/05/2022 18:00;16.32360077
Solana;30/05/2022 19:00;14.50489998
Solana;30/05/2022 20:00;13.11600018
Solana;30/05/2022 21:00;12.16189957
Solana;30/05/2022 22:00;11.21870041
Solana;30/05/2022 23:00;10.70969963
Solana;31/05/2022 0:00;9.793700218
Solana;31/05/2022 1:00;9.183199883
Solana;31/05/2022 2:00;8.696000099
Solana;31/05/2022 3:00;8.583499908
Solana;31/05/2022 4:00;8.385499954
Solana;31/05/2022 5:00;8.39620018
Solana;31/05/2022 6:00;8.246299744
Solana;31/05/2022 7:00;8.299799919
Solana;31/05/2022 8:00;8.878000259
Solana;31/05/2022 9:00;9.782999992
Solana;31/05/2022 10:00;11.12759972
Solana;31/05/2022 11:00;11.67949963
Solana;31/05/2022 12:00;11.68490028
Solana;31/05/2022 13:00;12.17800045
Solana;31/05/2022 14:00;12.07610035
Solana;31/05/2022 15:00;12.2208004
Solana;31/05/2022 16:00;12.63360023
Solana;31/05/2022 17:00;12.75689983
Solana;31/05/2022 18:00;12.24230003
Solana;31/05/2022 19:00;11.95820045
Solana;31/05/2022 20:00;11.3366003
Solana;31/05/2022 21:00;10.67759991
Solana;31/05/2022 22:00;9.943699837
Solana;31/05/2022 23:00;9.622400284
Solana;01/06/2022 0:00;9.536700249
Solana;01/06/2022 1:00;9.429599762
Solana;01/06/2022 2:00;9.343899727
Solana;01/06/2022 3:00;9.231399536
Solana;01/06/2022 4:00;8.920900345
Solana;01/06/2022 5:00;8.551400185
Solana;01/06/2022 6:00;8.449700356
Solana;01/06/2022 7:00;8.829799652
Solana;01/06/2022 8:00;9.354599953
Solana;01/06/2022 9:00;10.27579975
Solana;01/06/2022 10:00;11.29909992
Solana;01/06/2022 11:00;11.27229977
Solana;01/06/2022 12:00;11.24549961
Solana;01/06/2022 13:00;11.48130035
Solana;01/06/2022 14:00;11.06869984
Solana;01/06/2022 15:00;12.39229965
Solana;01/06/2022 16:00;13.45919991
Solana;01/06/2022 17:00;14.14550018
Solana;01/06/2022 18:00;13.58250046
Solana;01/06/2022 19:00;12.00109959
Solana;01/06/2022 20:00;11.1491003
Solana;01/06/2022 21:00;10.02939987
Solana;01/06/2022 22:00;9.151100159
Solana;01/06/2022 23:00;8.235600471
Solana;02/06/2022 0:00;7.421899796
Solana;02/06/2022 1:00;6.811900139
Solana;02/06/2022 2:00;6.533599854
Solana;02/06/2022 3:00;6.116300106
Solana;02/06/2022 4:00;5.811399937
Solana;02/06/2022 5:00;5.581299782
Solana;02/06/2022 6:00;5.848800182
Solana;02/06/2022 7:00;6.110899925
Solana;02/06/2022 8:00;6.758399963
Solana;02/06/2022 9:00;7.213200092
Solana;02/06/2022 10:00;7.77519989
Solana;02/06/2022 11:00;8.36400032
Solana;02/06/2022 12:00;8.953000069
Solana;02/06/2022 13:00;11.10620022
Solana;02/06/2022 14:00;10.80080032
Solana;02/06/2022 15:00;12.91769981
Solana;02/06/2022 16:00;12.69789982
Solana;02/06/2022 17:00;13.82380009
Solana;02/06/2022 18:00;13.03030014
Solana;02/06/2022 19:00;12.26910019
Solana;02/06/2022 20:00;10.87040043
Solana;02/06/2022 21:00;9.911600113
Solana;02/06/2022 22:00;9.167200089
Solana;02/06/2022 23:00;8.524600029
Solana;03/06/2022 0:00;8.139200211
Solana;03/06/2022 1:00;7.716300011
Solana;03/06/2022 2:00;7.459400177
Solana;03/06/2022 3:00;6.913499832
Solana;03/06/2022 4:00;6.442699909
Solana;03/06/2022 5:00;6.47480011
Solana;03/06/2022 6:00;6.442699909
Solana;03/06/2022 7:00;6.121600151
Solana;03/06/2022 8:00;6.731599808
Solana;03/06/2022 9:00;8.315899849
Solana;03/06/2022 10:00;9.499199867
Solana;03/06/2022 11:00;10.53289986
Solana;03/06/2022 12:00;13.31439972
Solana;03/06/2022 13:00;13.42700005
Solana;03/06/2022 14:00;15.70650005
Solana;03/06/2022 15:00;14.48880005
Solana;03/06/2022 16:00;13.4538002
Solana;03/06/2022 17:00;12.31729984
Solana;03/06/2022 18:00;12.41909981
Solana;03/06/2022 19:00;12.93379974
Solana;03/06/2022 20:00;11.03120041
Solana;03/06/2022 21:00;9.970499992
Solana;03/06/2022 22:00;8.894100189
Solana;03/06/2022 23:00;7.8822999
Solana;04/06/2022 0:00;7.191800117
Solana;04/06/2022 1:00;6.774400234
Solana;04/06/2022 2:00;6.335700035
Solana;04/06/2022 3:00;6.041399956
Solana;04/06/2022 4:00;6.030700207
Solana;04/06/2022 5:00;5.880899906
Solana;04/06/2022 6:00;5.859499931
Solana;04/06/2022 7:00;6.39989996
Solana;04/06/2022 8:00;7.154399872
Solana;04/06/2022 9:00;8.647800446
Solana;04/06/2022 10:00;7.068699837
Solana;04/06/2022 11:00;6.137700081
Solana;04/06/2022 12:00;9.210000038
Solana;04/06/2022 13:00;12.88549995
Solana;04/06/2022 14:00;12.36019993
Solana;04/06/2022 15:00;15.09490013
Solana;04/06/2022 16:00;12.60680008
Solana;04/06/2022 17:00;10.92399979
Solana;04/06/2022 18:00;6.870699883
Solana;04/06/2022 19:00;5.789999962
Solana;04/06/2022 20:00;6.244699955
Solana;04/06/2022 21:00;6.1322999
Solana;04/06/2022 22:00;5.592000008
Solana;04/06/2022 23:00;5.244400024
Solana;05/06/2022 0:00;4.912799835
Solana;05/06/2022 1:00;4.607999802
Solana;05/06/2022 2:00;4.329899788
Solana;05/06/2022 3:00;4.158800125
Solana;05/06/2022 4:00;4.099999905
Solana;05/06/2022 5:00;3.982300043
Solana;05/06/2022 6:00;3.891499996
Solana;05/06/2022 7:00;3.832600117
Solana;05/06/2022 8:00;4.682799816
Solana;05/06/2022 9:00;6.078800201
Solana;05/06/2022 10:00;7.8822999
Solana;05/06/2022 11:00;11.27760029
Solana;05/06/2022 12:00;14.38150024
Solana;05/06/2022 13:00;17.7942009
Solana;05/06/2022 14:00;21.65649986
Solana;05/06/2022 15:00;23.03280067
Solana;05/06/2022 16:00;23.65660095
Solana;05/06/2022 17:00;21.51140022
Solana;05/06/2022 18:00;17.74060059
Solana;05/06/2022 19:00;15.26119995
Solana;05/06/2022 20:00;13.08920002
Solana;05/06/2022 21:00;10.80620003
Solana;05/06/2022 22:00;9.300999641
Solana;05/06/2022 23:00;8.347999573
Solana;06/06/2022 0:00;8.289099693
Solana;06/06/2022 1:00;8.36400032
Solana;06/06/2022 2:00;8.4229002
Solana;06/06/2022 3:00;8.251600266
Solana;06/06/2022 4:00;7.967899799
Solana;06/06/2022 5:00;7.705599785
Solana;06/06/2022 6:00;7.561100006
Solana;06/06/2022 7:00;7.555699825
Solana;06/06/2022 8:00;7.839399815
Solana;06/06/2022 9:00;8.36400032
Solana;06/06/2022 10:00;9.782999992
Solana;06/06/2022 11:00;11.02579975
Solana;06/06/2022 12:00;11.87250042
Solana;06/06/2022 13:00;12.55850029
Solana;06/06/2022 14:00;12.61750031
Solana;06/06/2022 15:00;13.33049965
Solana;06/06/2022 16:00;13.61470032
Solana;06/06/2022 17:00;13.98999977
Solana;06/06/2022 18:00;13.6843996
Solana;06/06/2022 19:00;13.53960037
Solana;06/06/2022 20:00;12.31729984
Solana;06/06/2022 21:00;10.73120022
Solana;06/06/2022 22:00;9.531299591
Solana;06/06/2022 23:00;8.369400024
Solana;07/06/2022 0:00;7.480800152
Solana;07/06/2022 1:00;6.769100189
Solana;07/06/2022 2:00;6.100200176
Solana;07/06/2022 3:00;5.404799938
Solana;07/06/2022 4:00;4.869999886
Solana;07/06/2022 5:00;4.549099922
Solana;07/06/2022 6:00;4.650700092
Solana;07/06/2022 7:00;4.698900223
Solana;07/06/2022 8:00;5.169499874
Solana;07/06/2022 9:00;6.752999783
Solana;07/06/2022 10:00;9.857999802
Solana;07/06/2022 11:00;14.03289986
Solana;07/06/2022 12:00;18.44389915
Solana;07/06/2022 13:00;21.23200035
Solana;07/06/2022 14:00;24.1406002
Solana;07/06/2022 15:00;23.93090057
Solana;07/06/2022 16:00;21.69420052
Solana;07/06/2022 17:00;22.09729958
Solana;07/06/2022 18:00;20.65159988
Solana;07/06/2022 19:00;18.41710091
Solana;07/06/2022 20:00;16.24839973
Solana;07/06/2022 21:00;14.47270012
Solana;07/06/2022 22:00;12.98740005
Solana;07/06/2022 23:00;11.85639954
Solana;08/06/2022 0:00;11.30980015
Solana;08/06/2022 1:00;10.75259972
Solana;08/06/2022 2:00;10.28649998
Solana;08/06/2022 3:00;9.895500183
Solana;08/06/2022 4:00;9.616999626
Solana;08/06/2022 5:00;9.493800163
Solana;08/06/2022 6:00;9.354599953
Solana;08/06/2022 7:00;9.413499832
Solana;08/06/2022 8:00;9.488499641
Solana;08/06/2022 9:00;9.493800163
Solana;08/06/2022 10:00;9.552700043
Solana;08/06/2022 11:00;10.2489996
Solana;08/06/2022 12:00;11.06330013
Solana;08/06/2022 13:00;12.15649986
Solana;08/06/2022 14:00;13.97389984
Solana;08/06/2022 15:00;14.44589996
Solana;08/06/2022 16:00;15.74940014
Solana;08/06/2022 17:00;16.47380066
Solana;08/06/2022 18:00;15.50800037
Solana;08/06/2022 19:00;14.16160011
Solana;08/06/2022 20:00;13.00879955
Solana;08/06/2022 21:00;11.69029999
Solana;08/06/2022 22:00;10.55970001
Solana;08/06/2022 23:00;9.868700027
Solana;09/06/2022 0:00;9.167200089
Solana;09/06/2022 1:00;8.230199814
Solana;09/06/2022 2:00;7.288099766
Solana;09/06/2022 3:00;6.801199913
Solana;09/06/2022 4:00;6.480100155
Solana;09/06/2022 5:00;6.100200176
Solana;09/06/2022 6:00;5.961200237
Solana;09/06/2022 7:00;6.185800076
Solana;09/06/2022 8:00;7.314899921
Solana;09/06/2022 9:00;9.461700439
Solana;09/06/2022 10:00;12.54780006
Solana;09/06/2022 11:00;16.55970001
Solana;09/06/2022 12:00;19.97999954
Solana;09/06/2022 13:00;23.48990059
Solana;09/06/2022 14:00;26.06679916
Solana;09/06/2022 15:00;28.32799911
Solana;09/06/2022 16:00;29.2220993
Solana;09/06/2022 17:00;26.32519913
Solana;09/06/2022 18:00;26.29290009
Solana;09/06/2022 19:00;24.36120033
Solana;09/06/2022 20:00;21.64039993
Solana;09/06/2022 21:00;18.91650009
Solana;09/06/2022 22:00;16.90320015
Solana;09/06/2022 23:00;15.59379959
Solana;10/06/2022 0:00;14.50489998
Solana;10/06/2022 1:00;13.52350044
Solana;10/06/2022 2:00;12.52639961
Solana;10/06/2022 3:00;11.91530037
Solana;10/06/2022 4:00;11.63669968
Solana;10/06/2022 5:00;11.56159973
Solana;10/06/2022 6:00;11.3579998
Solana;10/06/2022 7:00;11.22939968
Solana;10/06/2022 8:00;11.44379997
Solana;10/06/2022 9:00;13.07849979
Solana;10/06/2022 10:00;16.48990059
Solana;10/06/2022 11:00;20.71069908
Solana;10/06/2022 12:00;24.00620079
Solana;10/06/2022 13:00;25.5447998
Solana;10/06/2022 14:00;26.76650047
Solana;10/06/2022 15:00;28.0909996
Solana;10/06/2022 16:00;27.00880051
Solana;10/06/2022 17:00;24.95829964
Solana;10/06/2022 18:00;24.95829964
Solana;10/06/2022 19:00;22.9951992
Solana;10/06/2022 20:00;20.48500061
Solana;10/06/2022 21:00;18.43320084
Solana;10/06/2022 22:00;16.59189987
Solana;10/06/2022 23:00;15.55630016
Solana;11/06/2022 0:00;14.47270012
Solana;11/06/2022 1:00;13.95779991
Solana;11/06/2022 2:00;13.58780003
Solana;11/06/2022 3:00;13.09990025
Solana;11/06/2022 4:00;12.83189964
Solana;11/06/2022 5:00;12.47270012
Solana;11/06/2022 6:00;11.67420006
Solana;11/06/2022 7:00;11.70100021
Solana;11/06/2022 8:00;11.97970009
Solana;11/06/2022 9:00;11.97430038
Solana;11/06/2022 10:00;12.06000042
Solana;11/06/2022 11:00;12.48880005
Solana;11/06/2022 12:00;12.46199989
Solana;11/06/2022 13:00;13.56639957
Solana;11/06/2022 14:00;19.07760048
Solana;11/06/2022 15:00;22.70479965
Solana;11/06/2022 16:00;23.21019936
Solana;11/06/2022 17:00;25.38339996
Solana;11/06/2022 18:00;25.03899956
Solana;11/06/2022 19:00;22.72629929
Solana;11/06/2022 20:00;19.91020012
Solana;11/06/2022 21:00;17.32180023
Solana;11/06/2022 22:00;15.83530045
Solana;11/06/2022 23:00;15.03050041
Solana;12/06/2022 0:00;13.83990002
Solana;12/06/2022 1:00;12.79969978
Solana;12/06/2022 2:00;12.2262001
Solana;12/06/2022 3:00;11.97970009
Solana;12/06/2022 4:00;11.45979977
Solana;12/06/2022 5:00;11.13829994
Solana;12/06/2022 6:00;10.70969963
Solana;12/06/2022 7:00;11.21870041
Solana;12/06/2022 8:00;11.57769966
Solana;12/06/2022 9:00;12.39229965
Solana;12/06/2022 10:00;14.11340046
Solana;12/06/2022 11:00;16.86560059
Solana;12/06/2022 12:00;19.6093998
Solana;12/06/2022 13:00;21.77479935
Solana;12/06/2022 14:00;23.98999977
Solana;12/06/2022 15:00;25.9484005
Solana;12/06/2022 16:00;26.09910011
Solana;12/06/2022 17:00;27.48789978
Solana;12/06/2022 18:00;24.23209953
Solana;12/06/2022 19:00;21.01160049
Solana;12/06/2022 20:00;19.34079933
Solana;12/06/2022 21:00;17.21450043
Solana;12/06/2022 22:00;15.70110035
Solana;12/06/2022 23:00;14.74090004
Solana;13/06/2022 0:00;14.09729958
Solana;13/06/2022 1:00;13.74870014
Solana;13/06/2022 2:00;13.38409996
Solana;13/06/2022 3:00;12.99269962
Solana;13/06/2022 4:00;12.56919956
Solana;13/06/2022 5:00;12.20479965
Solana;13/06/2022 6:00;11.84570026
Solana;13/06/2022 7:00;11.9314003
Solana;13/06/2022 8:00;12.71930027
Solana;13/06/2022 9:00;14.29570007
Solana;13/06/2022 10:00;16.71529961
Solana;13/06/2022 11:00;19.24410057
Solana;13/06/2022 12:00;21.81240082
Solana;13/06/2022 13:00;24.68400002
Solana;13/06/2022 14:00;27.64410019
Solana;13/06/2022 15:00;29.17359924
Solana;13/06/2022 16:00;29.34600067
Solana;13/06/2022 17:00;29.53989983
Solana;13/06/2022 18:00;28.52190018
Solana;13/06/2022 19:00;26.24440002
Solana;13/06/2022 20:00;23.30170059
Solana;13/06/2022 21:00;20.56559944
Solana;13/06/2022 22:00;18.61039925
Solana;13/06/2022 23:00;17.3701992
Solana;14/06/2022 0:00;16.55430031
Solana;14/06/2022 1:00;16.00699997
Solana;14/06/2022 2:00;15.44900036
Solana;14/06/2022 3:00;14.77840042
Solana;14/06/2022 4:00;14.12409973
Solana;14/06/2022 5:00;13.76480007
Solana;14/06/2022 6:00;13.6576004
Solana;14/06/2022 7:00;13.73799992
Solana;14/06/2022 8:00;14.11870003
Solana;14/06/2022 9:00;15.08419991
Solana;14/06/2022 10:00;16.68849945
Solana;14/06/2022 11:00;19.12590027
Solana;14/06/2022 12:00;22.63489914
Solana;14/06/2022 13:00;26.33589935
Solana;14/06/2022 14:00;28.46800041
Solana;14/06/2022 15:00;30.95709991
Solana;14/06/2022 16:00;30.54210091
Solana;14/06/2022 17:00;28.51110077
Solana;14/06/2022 18:00;25.8192997
Solana;14/06/2022 19:00;24.45800018
Solana;14/06/2022 20:00;22.49510002
Solana;14/06/2022 21:00;20.52799988
Solana;14/06/2022 22:00;18.78219986
Solana;14/06/2022 23:00;17.37549973
Solana;15/06/2022 0:00;16.25379944
Solana;15/06/2022 1:00;15.27729988
Solana;15/06/2022 2:00;14.78380013
Solana;15/06/2022 3:00;14.5156002
Solana;15/06/2022 4:00;14.28499985
Solana;15/06/2022 5:00;13.94709969
Solana;15/06/2022 6:00;13.78619957
Solana;15/06/2022 7:00;13.93640041
Solana;15/06/2022 8:00;14.33860016
Solana;15/06/2022 9:00;15.0788002
Solana;15/06/2022 10:00;16.66699982
Solana;15/06/2022 11:00;18.17539978
Solana;15/06/2022 12:00;21.41469955
Solana;15/06/2022 13:00;25.00139999
Solana;15/06/2022 14:00;28.62420082
Solana;15/06/2022 15:00;32.09989929
Solana;15/06/2022 16:00;32.87099838
Solana;15/06/2022 17:00;31.95439911
Solana;15/06/2022 18:00;31.54459953
Solana;15/06/2022 19:00;28.81270027
Solana;15/06/2022 20:00;25.94300079
Solana;15/06/2022 21:00;23.09189987
Solana;15/06/2022 22:00;20.07130051
Solana;15/06/2022 23:00;17.63319969
Solana;16/06/2022 0:00;16.29669952
Solana;16/06/2022 1:00;15.11639977
Solana;16/06/2022 2:00;14.03289986
Solana;16/06/2022 3:00;13.38409996
Solana;16/06/2022 4:00;12.85330009
Solana;16/06/2022 5:00;12.54240036
Solana;16/06/2022 6:00;12.4406004
Solana;16/06/2022 7:00;12.52639961
Solana;16/06/2022 8:00;12.86940002
Solana;16/06/2022 9:00;13.99540043
Solana;16/06/2022 10:00;15.4435997
Solana;16/06/2022 11:00;17.33790016
Solana;16/06/2022 12:00;19.74900055
Solana;16/06/2022 13:00;22.44140053
Solana;16/06/2022 14:00;24.2105999
Solana;16/06/2022 15:00;23.55439949
Solana;16/06/2022 16:00;26.17449951
Solana;16/06/2022 17:00;24.51180077
Solana;16/06/2022 18:00;26.9279995
Solana;16/06/2022 19:00;25.78700066
Solana;16/06/2022 20:00;22.97360039
Solana;16/06/2022 21:00;20.58169937
Solana;16/06/2022 22:00;18.95949936
Solana;16/06/2022 23:00;16.90850067
Solana;17/06/2022 0:00;15.21829987
Solana;17/06/2022 1:00;14.3064003
Solana;17/06/2022 2:00;13.61470032
Solana;17/06/2022 3:00;13.29829979
Solana;17/06/2022 4:00;13.05169964
Solana;17/06/2022 5:00;13.07849979
Solana;17/06/2022 6:00;13.19639969
Solana;17/06/2022 7:00;13.48060036
Solana;17/06/2022 8:00;14.15629959
Solana;17/06/2022 9:00;15.32019997
Solana;17/06/2022 10:00;17.05879974
Solana;17/06/2022 11:00;19.04540062
Solana;17/06/2022 12:00;21.02770042
Solana;17/06/2022 13:00;22.27470016
Solana;17/06/2022 14:00;26.05069923
Solana;17/06/2022 15:00;26.93880081
Solana;17/06/2022 16:00;27.48789978
Solana;17/06/2022 17:00;28.24180031
Solana;17/06/2022 18:00;26.57279968
Solana;17/06/2022 19:00;23.28009987
Solana;17/06/2022 20:00;19.41060066
Solana;17/06/2022 21:00;16.96759987
Solana;17/06/2022 22:00;15.64210033
Solana;17/06/2022 23:00;14.78909969
Solana;18/06/2022 0:00;14.03829956
Solana;18/06/2022 1:00;13.53419971
Solana;18/06/2022 2:00;13.21249962
Solana;18/06/2022 3:00;13.06239986
Solana;18/06/2022 4:00;12.91230011
Solana;18/06/2022 5:00;12.84799957
Solana;18/06/2022 6:00;12.78899956
Solana;18/06/2022 7:00;12.86410046
Solana;18/06/2022 8:00;13.23400021
Solana;18/06/2022 9:00;13.97929955
Solana;18/06/2022 10:00;15.55090046
Solana;18/06/2022 11:00;16.83880043
Solana;18/06/2022 12:00;17.40769958
Solana;18/06/2022 13:00;16.46839905
Solana;18/06/2022 14:00;16.95149994
Solana;18/06/2022 15:00;17.59560013
Solana;18/06/2022 16:00;18.61580086
Solana;18/06/2022 17:00;18.13249969
Solana;18/06/2022 18:00;16.73679924
Solana;18/06/2022 19:00;16.24309921
Solana;18/06/2022 20:00;15.42210007
Solana;18/06/2022 21:00;14.40299988
Solana;18/06/2022 22:00;13.83990002
Solana;18/06/2022 23:00;13.51809978
Solana;19/06/2022 0:00;12.38700008
Solana;19/06/2022 1:00;11.13829994
Solana;19/06/2022 2:00;10.21150017
Solana;19/06/2022 3:00;9.429599762
Solana;19/06/2022 4:00;8.39620018
Solana;19/06/2022 5:00;7.97329998
Solana;19/06/2022 6:00;7.823400021
Solana;19/06/2022 7:00;8.246299744
Solana;19/06/2022 8:00;8.406900406
Solana;19/06/2022 9:00;9.279600143
Solana;19/06/2022 10:00;10.05080032
Solana;19/06/2022 11:00;10.91329956
Solana;19/06/2022 12:00;11.29909992
Solana;19/06/2022 13:00;10.94550037
Solana;19/06/2022 14:00;11.20800018
Solana;19/06/2022 15:00;12.2208004
Solana;19/06/2022 16:00;13.11069965
Solana;19/06/2022 17:00;12.17800045
Solana;19/06/2022 18:00;11.73309994
Solana;19/06/2022 19:00;10.87580013
Solana;19/06/2022 20:00;9.879400253
Solana;19/06/2022 21:00;8.947600365
Solana;19/06/2022 22:00;8.203399658
Solana;19/06/2022 23:00;7.66809988
Solana;20/06/2022 0:00;7.373799801
Solana;20/06/2022 1:00;6.876100063
Solana;20/06/2022 2:00;6.726200104
Solana;20/06/2022 3:00;6.496200085
Solana;20/06/2022 4:00;6.169799805
Solana;20/06/2022 5:00;5.870200157
Solana;20/06/2022 6:00;6.08949995
Solana;20/06/2022 7:00;6.480100155
Solana;20/06/2022 8:00;7.239999771
Solana;20/06/2022 9:00;7.411200047
Solana;20/06/2022 10:00;8.862000465
Solana;20/06/2022 11:00;10.54899979
Solana;20/06/2022 12:00;10.01329994
Solana;20/06/2022 13:00;10.38290024
Solana;20/06/2022 14:00;13.60929966
Solana;20/06/2022 15:00;12.28509998
Solana;20/06/2022 16:00;14.4083004
Solana;20/06/2022 17:00;14.9982996
Solana;20/06/2022 18:00;16.69919968
Solana;20/06/2022 19:00;13.95250034
Solana;20/06/2022 20:00;11.69559956
Solana;20/06/2022 21:00;10.44719982
Solana;20/06/2022 22:00;9.782999992
Solana;20/06/2022 23:00;9.022600174
Solana;21/06/2022 0:00;8.256999969
Solana;21/06/2022 1:00;7.984000206
Solana;21/06/2022 2:00;7.341700077
Solana;21/06/2022 3:00;7.127600193
Solana;21/06/2022 4:00;7.100800037
Solana;21/06/2022 5:00;6.924200058
Solana;21/06/2022 6:00;6.742300034
Solana;21/06/2022 7:00;6.715499878
Solana;21/06/2022 8:00;7.084799767
Solana;21/06/2022 9:00;7.662799835
Solana;21/06/2022 10:00;8.026800156
Solana;21/06/2022 11:00;8.711999893
Solana;21/06/2022 12:00;9.043999672
Solana;21/06/2022 13:00;8.674599648
Solana;21/06/2022 14:00;9.547400475
Solana;21/06/2022 15:00;11.04730034
Solana;21/06/2022 16:00;9.900899887
Solana;21/06/2022 17:00;9.831199646
Solana;21/06/2022 18:00;10.23830032
Solana;21/06/2022 19:00;10.44190025
Solana;21/06/2022 20:00;9.461700439
Solana;21/06/2022 21:00;8.465800285
Solana;21/06/2022 22:00;7.95720005
Solana;21/06/2022 23:00;7.593200207
Solana;22/06/2022 0:00;7.229300022
Solana;22/06/2022 1:00;6.410600185
Solana;22/06/2022 2:00;5.720399857
Solana;22/06/2022 3:00;5.308599949
Solana;22/06/2022 4:00;5.158800125
Solana;22/06/2022 5:00;4.832600117
Solana;22/06/2022 6:00;4.586599827
Solana;22/06/2022 7:00;4.447500229
Solana;22/06/2022 8:00;5.126699924
Solana;22/06/2022 9:00;7.293499947
Solana;22/06/2022 10:00;9.408100128
Solana;22/06/2022 11:00;12.48880005
Solana;22/06/2022 12:00;14.94470024
Solana;22/06/2022 13:00;16.42020035
Solana;22/06/2022 14:00;15.14319992
Solana;22/06/2022 15:00;17.06959915
Solana;22/06/2022 16:00;14.91790009
Solana;22/06/2022 17:00;17.21450043
Solana;22/06/2022 18:00;14.39760017
Solana;22/06/2022 19:00;13.5770998
Solana;22/06/2022 20:00;11.69029999
Solana;22/06/2022 21:00;9.986599922
Solana;22/06/2022 22:00;9.108300209
Solana;22/06/2022 23:00;8.738800049
Solana;23/06/2022 0:00;8.187399864
Solana;23/06/2022 1:00;7.903699875
Solana;23/06/2022 2:00;7.636000156
Solana;23/06/2022 3:00;7.454100132
Solana;23/06/2022 4:00;7.288099766
Solana;23/06/2022 5:00;6.806499958
Solana;23/06/2022 6:00;6.45870018
Solana;23/06/2022 7:00;6.485499859
Solana;23/06/2022 8:00;6.576399803
Solana;23/06/2022 9:00;7.893000126
Solana;23/06/2022 10:00;10.68290043
Solana;23/06/2022 11:00;11.57240009
Solana;23/06/2022 12:00;13.72189999
Solana;23/06/2022 13:00;16.29140091
Solana;23/06/2022 14:00;15.67430019
Solana;23/06/2022 15:00;16.43619919
Solana;23/06/2022 16:00;14.42440033
Solana;23/06/2022 17:00;11.68490028
Solana;23/06/2022 18:00;9.692000389
Solana;23/06/2022 19:00;9.831199646
Solana;23/06/2022 20:00;9.129699707
Solana;23/06/2022 21:00;7.86619997
Solana;23/06/2022 22:00;7.379099846
Solana;23/06/2022 23:00;6.961699963
Solana;24/06/2022 0:00;6.629899979
Solana;24/06/2022 1:00;6.164400101
Solana;24/06/2022 2:00;6.046700001
Solana;24/06/2022 3:00;5.779300213
Solana;24/06/2022 4:00;5.709700108
Solana;24/06/2022 5:00;5.618800163
Solana;24/06/2022 6:00;5.522500038
Solana;24/06/2022 7:00;5.238999844
Solana;24/06/2022 8:00;5.832799911
Solana;24/06/2022 9:00;6.988500118
Solana;24/06/2022 10:00;8.99050045
Solana;24/06/2022 11:00;11.41160011
Solana;24/06/2022 12:00;15.09490013
Solana;24/06/2022 13:00;18.21299934
Solana;24/06/2022 14:00;20.38829994
Solana;24/06/2022 15:00;18.61580086
Solana;24/06/2022 16:00;17.12859917
Solana;24/06/2022 17:00;14.9715004
Solana;24/06/2022 18:00;13.17500019
Solana;24/06/2022 19:00;11.88319969
Solana;24/06/2022 20:00;10.8597002
Solana;24/06/2022 21:00;10.05080032
Solana;24/06/2022 22:00;9.156499863
Solana;24/06/2022 23:00;8.572799683
Solana;25/06/2022 0:00;8.096400261
Solana;25/06/2022 1:00;7.743100166
Solana;25/06/2022 2:00;7.443399906
Solana;25/06/2022 3:00;7.191800117
Solana;25/06/2022 4:00;7.058000088
Solana;25/06/2022 5:00;6.843999863
Solana;25/06/2022 6:00;6.464099884
Solana;25/06/2022 7:00;6.137700081
Solana;25/06/2022 8:00;5.832799911
Solana;25/06/2022 9:00;6.539000034
Solana;25/06/2022 10:00;9.183199883
Solana;25/06/2022 11:00;12.28509998
Solana;25/06/2022 12:00;14.69799995
Solana;25/06/2022 13:00;19.40519905
Solana;25/06/2022 14:00;20.55489922
Solana;25/06/2022 15:00;20.8397007
Solana;25/06/2022 16:00;19.53420067
Solana;25/06/2022 17:00;18.81979942
Solana;25/06/2022 18:00;16.72069931
Solana;25/06/2022 19:00;15.11100006
Solana;25/06/2022 20:00;13.04629993
Solana;25/06/2022 21:00;10.93470001
Solana;25/06/2022 22:00;9.263600349
Solana;25/06/2022 23:00;8.096400261
Solana;26/06/2022 0:00;7.213200092
Solana;26/06/2022 1:00;6.35710001
Solana;26/06/2022 2:00;5.784599781
Solana;26/06/2022 3:00;5.041100025
Solana;26/06/2022 4:00;4.313799858
Solana;26/06/2022 5:00;4.046500206
Solana;26/06/2022 6:00;4.276400089
Solana;26/06/2022 7:00;5.01970005
Solana;26/06/2022 8:00;5.929100037
Solana;26/06/2022 9:00;7.175799847
Solana;26/06/2022 10:00;8.883399963
Solana;26/06/2022 11:00;13.04100037
Solana;26/06/2022 12:00;16.07670021
Solana;26/06/2022 13:00;14.68190002
Solana;26/06/2022 14:00;14.07050037
Solana;26/06/2022 15:00;15.59920025
Solana;26/06/2022 16:00;16.96759987
Solana;26/06/2022 17:00;18.1916008
Solana;26/06/2022 18:00;17.59560013
Solana;26/06/2022 19:00;15.65820026
Solana;26/06/2022 20:00;13.15359974
Solana;26/06/2022 21:00;11.17580032
Solana;26/06/2022 22:00;9.692000389
Solana;26/06/2022 23:00;8.711999893
Solana;27/06/2022 0:00;7.984000206
Solana;27/06/2022 1:00;7.373799801
Solana;27/06/2022 2:00;6.892099857
Solana;27/06/2022 3:00;6.453400135
Solana;27/06/2022 4:00;5.747200012
Solana;27/06/2022 5:00;5.083899975
Solana;27/06/2022 6:00;4.495699883
Solana;27/06/2022 7:00;4.281799793
Solana;27/06/2022 8:00;4.811200142
Solana;27/06/2022 9:00;7.015200138
Solana;27/06/2022 10:00;9.863400459
Solana;27/06/2022 11:00;13.22859955
Solana;27/06/2022 12:00;17.31110001
Solana;27/06/2022 13:00;19.67379951
Solana;27/06/2022 14:00;21.24810028
Solana;27/06/2022 15:00;20.84499931
Solana;27/06/2022 16:00;19.22800064
Solana;27/06/2022 17:00;19.44280052
Solana;27/06/2022 18:00;20.70000076
Solana;27/06/2022 19:00;20.66230011
Solana;27/06/2022 20:00;18.3526001
Solana;27/06/2022 21:00;15.13780022
Solana;27/06/2022 22:00;12.92840004
Solana;27/06/2022 23:00;11.35270023
Solana;28/06/2022 0:00;10.51690006
Solana;28/06/2022 1:00;9.852700233
Solana;28/06/2022 2:00;9.054699898
Solana;28/06/2022 3:00;8.149900436
Solana;28/06/2022 4:00;7.512899876
Solana;28/06/2022 5:00;7.079400063
Solana;28/06/2022 6:00;6.715499878
Solana;28/06/2022 7:00;6.45870018
Solana;28/06/2022 8:00;6.153699875
Solana;28/06/2022 9:00;7.314899921
Solana;28/06/2022 10:00;10.40970039
Solana;28/06/2022 11:00;14.875
Solana;28/06/2022 12:00;19.2548008
Solana;28/06/2022 13:00;23.76950073
Solana;28/06/2022 14:00;28.13949966
Solana;28/06/2022 15:00;29.57229996
Solana;28/06/2022 16:00;30.74150085
Solana;28/06/2022 17:00;30.10569954
Solana;28/06/2022 18:00;28.57570076
Solana;28/06/2022 19:00;25.16819954
Solana;28/06/2022 20:00;21.72640038
Solana;28/06/2022 21:00;18.16469955
Solana;28/06/2022 22:00;15.46510029
Solana;28/06/2022 23:00;13.42700005
Solana;29/06/2022 0:00;12.13510036
Solana;29/06/2022 1:00;11.04730034
Solana;29/06/2022 2:00;10.58650017
Solana;29/06/2022 3:00;9.965100288
Solana;29/06/2022 4:00;9.456299782
Solana;29/06/2022 5:00;9.04940033
Solana;29/06/2022 6:00;8.390800476
Solana;29/06/2022 7:00;8.112400055
Solana;29/06/2022 8:00;8.915499687
Solana;29/06/2022 9:00;11.04730034
Solana;29/06/2022 10:00;14.90709972
Solana;29/06/2022 11:00;18.15399933
Solana;29/06/2022 12:00;17.08029938
Solana;29/06/2022 13:00;17.50440025
Solana;29/06/2022 14:00;16.48450089
Solana;29/06/2022 15:00;17.72450066
Solana;29/06/2022 16:00;20.93099976
Solana;29/06/2022 17:00;21.29649925
Solana;29/06/2022 18:00;19.27630043
Solana;29/06/2022 19:00;16.83880043
Solana;29/06/2022 20:00;14.61750031
Solana;29/06/2022 21:00;12.8586998
Solana;29/06/2022 22:00;11.42230034
Solana;29/06/2022 23:00;10.27050018
Solana;30/06/2022 0:00;9.359900475
Solana;30/06/2022 1:00;8.540699959
Solana;30/06/2022 2:00;7.743100166
Solana;30/06/2022 3:00;7.239999771
Solana;30/06/2022 4:00;6.790500164
Solana;30/06/2022 5:00;6.217899799
Solana;30/06/2022 6:00;5.929100037
Solana;30/06/2022 7:00;5.811399937
Solana;30/06/2022 8:00;5.672299862
Solana;30/06/2022 9:00;6.319600105
Solana;30/06/2022 10:00;8.760199547
Solana;30/06/2022 11:00;12.45129967
Solana;30/06/2022 12:00;16.24309921
Solana;30/06/2022 13:00;20.39369965
Solana;30/06/2022 14:00;22.61339951
Solana;30/06/2022 15:00;25.9484005
Solana;30/06/2022 16:00;26.42740059
Solana;30/06/2022 17:00;27.75720024
Solana;30/06/2022 18:00;26.4489994
Solana;30/06/2022 19:00;23.90399933
Solana;30/06/2022 20:00;20.00149918
Solana;30/06/2022 21:00;16.22699928
Solana;30/06/2022 22:00;13.44839954
Solana;30/06/2022 23:00;11.48659992
Solana;01/07/2022 0:00;9.970499992
Solana;01/07/2022 1:00;8.878000259
Solana;01/07/2022 2:00;8.058899879
Solana;01/07/2022 3:00;7.395199776
Solana;01/07/2022 4:00;7.009900093
Solana;01/07/2022 5:00;6.667399883
Solana;01/07/2022 6:00;6.554999828
Solana;01/07/2022 7:00;6.576399803
Solana;01/07/2022 8:00;7.068699837
Solana;01/07/2022 9:00;8.915499687
Solana;01/07/2022 10:00;12.58530045
Solana;01/07/2022 11:00;17.55270004
Solana;01/07/2022 12:00;22.39839935
Solana;01/07/2022 13:00;26.69120026
Solana;01/07/2022 14:00;30.19729996
Solana;01/07/2022 15:00;32.72539902
Solana;01/07/2022 16:00;34.18170166
Solana;01/07/2022 17:00;34.24639893
Solana;01/07/2022 18:00;33.03279877
Solana;01/07/2022 19:00;30.33740044
Solana;01/07/2022 20:00;26.26600075
Solana;01/07/2022 21:00;21.44689941
Solana;01/07/2022 22:00;18.10560036
Solana;01/07/2022 23:00;16.06060028
Solana;02/07/2022 0:00;14.55850029
Solana;02/07/2022 1:00;13.36800003
Solana;02/07/2022 2:00;12.64960003
Solana;02/07/2022 3:00;12.06540012
Solana;02/07/2022 4:00;11.65270042
Solana;02/07/2022 5:00;11.12759972
Solana;02/07/2022 6:00;10.72579956
Solana;02/07/2022 7:00;10.54370022
Solana;02/07/2022 8:00;11.11690044
Solana;02/07/2022 9:00;13.05169964
Solana;02/07/2022 10:00;16.24309921
Solana;02/07/2022 11:00;20.17880058
Solana;02/07/2022 12:00;24.51180077
Solana;02/07/2022 13:00;28.10180092
Solana;02/07/2022 14:00;30.59059906
Solana;02/07/2022 15:00;32.05139923
Solana;02/07/2022 16:00;31.9489994
Solana;02/07/2022 17:00;32.4396019
Solana;02/07/2022 18:00;30.19729996
Solana;02/07/2022 19:00;27.2833004
Solana;02/07/2022 20:00;24.41500092
Solana;02/07/2022 21:00;21.65119934
Solana;02/07/2022 22:00;19.2010994
Solana;02/07/2022 23:00;17.64389992
Solana;03/07/2022 0:00;16.29669952
Solana;03/07/2022 1:00;15.17000008
Solana;03/07/2022 2:00;14.31719971
Solana;03/07/2022 3:00;13.59319973
Solana;03/07/2022 4:00;13.31439972
Solana;03/07/2022 5:00;12.89620018
Solana;03/07/2022 6:00;12.52099991
Solana;03/07/2022 7:00;12.55319977
Solana;03/07/2022 8:00;13.82380009
Solana;03/07/2022 9:00;15.84060001
Solana;03/07/2022 10:00;17.99290085
Solana;03/07/2022 11:00;21.93610001
Solana;03/07/2022 12:00;21.39319992
Solana;03/07/2022 13:00;16.84410095
Solana;03/07/2022 14:00;14.75699997
Solana;03/07/2022 15:00;12.97130013
Solana;03/07/2022 16:00;12.38700008
Solana;03/07/2022 17:00;13.53960037
Solana;03/07/2022 18:00;13.14820004
Solana;03/07/2022 19:00;13.2553997
Solana;03/07/2022 20:00;12.67640018
Solana;03/07/2022 21:00;11.5241003
Solana;03/07/2022 22:00;10.79539967
Solana;03/07/2022 23:00;10.28120041
Solana;04/07/2022 0:00;9.922300339
Solana;04/07/2022 1:00;9.504500389
Solana;04/07/2022 2:00;9.172499657
Solana;04/07/2022 3:00;8.968999863
Solana;04/07/2022 4:00;8.701299667
Solana;04/07/2022 5:00;8.487199783
Solana;04/07/2022 6:00;8.38010025
Solana;04/07/2022 7:00;8.4229002
Solana;04/07/2022 8:00;8.829799652
Solana;04/07/2022 9:00;10.25969982
Solana;04/07/2022 10:00;13.46990013
Solana;04/07/2022 11:00;17.31110001
Solana;04/07/2022 12:00;18.6909008
Solana;04/07/2022 13:00;18.93799973
Solana;04/07/2022 14:00;18.68560028
Solana;04/07/2022 15:00;16.39870071
Solana;04/07/2022 16:00;19.10449982
Solana;04/07/2022 17:00;16.84410095
Solana;04/07/2022 18:00;17.92849922
Solana;04/07/2022 19:00;18.80369949
Solana;04/07/2022 20:00;17.83180046
Solana;04/07/2022 21:00;15.23970032
Solana;04/07/2022 22:00;13.51280022
Solana;04/07/2022 23:00;12.52099991
Solana;05/07/2022 0:00;11.71170044
Solana;05/07/2022 1:00;11.13829994
Solana;05/07/2022 2:00;10.76329994
Solana;05/07/2022 3:00;10.52760029
Solana;05/07/2022 4:00;10.51690006
Solana;05/07/2022 5:00;10.24370003
Solana;05/07/2022 6:00;10.0241003
Solana;05/07/2022 7:00;9.943699837
Solana;05/07/2022 8:00;10.65620041
Solana;05/07/2022 9:00;12.27980042
Solana;05/07/2022 10:00;14.875
Solana;05/07/2022 11:00;17.88549995
Solana;05/07/2022 12:00;21.29109955
Solana;05/07/2022 13:00;23.9470005
Solana;05/07/2022 14:00;26.32519913
Solana;05/07/2022 15:00;24.86689949
Solana;05/07/2022 16:00;20.17340088
Solana;05/07/2022 17:00;15.97480011
Solana;05/07/2022 18:00;13.89350033
Solana;05/07/2022 19:00;13.06239986
Solana;05/07/2022 20:00;13.11069965
Solana;05/07/2022 21:00;12.25300026
Solana;05/07/2022 22:00;11.06869984
Solana;05/07/2022 23:00;10.64540005
Solana;06/07/2022 0:00;10.54899979
Solana;06/07/2022 1:00;10.34539986
Solana;06/07/2022 2:00;10.2329998
Solana;06/07/2022 3:00;10.23830032
Solana;06/07/2022 4:00;10.19550037
Solana;06/07/2022 5:00;9.852700233
Solana;06/07/2022 6:00;9.429599762
Solana;06/07/2022 7:00;9.145799637
Solana;06/07/2022 8:00;9.643799782
Solana;06/07/2022 9:00;11.38479996
Solana;06/07/2022 10:00;13.42160034
Solana;06/07/2022 11:00;16.14109993
Solana;06/07/2022 12:00;19.81349945
Solana;06/07/2022 13:00;23.01670074
Solana;06/07/2022 14:00;25.62010002
Solana;06/07/2022 15:00;27.38559914
Solana;06/07/2022 16:00;27.5848999
Solana;06/07/2022 17:00;27.11109924
Solana;06/07/2022 18:00;24.36120033
Solana;06/07/2022 19:00;21.59210014
Solana;06/07/2022 20:00;19.50189972
Solana;06/07/2022 21:00;16.43619919
Solana;06/07/2022 22:00;14.16699982
Solana;06/07/2022 23:00;12.45670033
Solana;07/07/2022 0:00;11.05799961
Solana;07/07/2022 1:00;9.965100288
Solana;07/07/2022 2:00;9.402799606
Solana;07/07/2022 3:00;8.845899582
Solana;07/07/2022 4:00;8.385499954
Solana;07/07/2022 5:00;7.930399895
Solana;07/07/2022 6:00;7.636000156
Solana;07/07/2022 7:00;7.625299931
Solana;07/07/2022 8:00;8.214099884
Solana;07/07/2022 9:00;10.03479958
Solana;07/07/2022 10:00;13.53960037
Solana;07/07/2022 11:00;17.42919922
Solana;07/07/2022 12:00;21.1406002
